1.956598 7.047660 4.190063 4.030750 7.162340 -0.493510 7.236132 7.072910 6.558504 1
1.756847 6.101808 5.211761 5.982492 6.352735 -0.452637 6.436025 6.527940 6.444199 1
0.569453 1.262415 4.449507 4.576930 3.972860 -0.439200 3.908994 3.906135 3.811094 1
0.917895 1.145696 2.965539 2.489347 3.631505 0.114274 2.844417 2.146499 1.422802 1
-0.448962 0.084831 5.207560 6.160232 1.588513 1.397210 3.004330 3.179226 3.534565 1
0.471550 0.174183 1.482018 0.867850 3.138177 -0.509063 1.153627 0.611935 0.331754 0
1.060607 0.890998 2.796428 2.274682 2.739732 0.417080 1.966786 1.700482 1.407886 1
-0.440382 -0.063852 3.342175 3.562270 1.777631 -0.073194 1.651950 1.450027 1.375473 1
3.103050 1.558147 0.662924 0.282699 0.481593 -0.418358 0.736147 0.422892 0.235660 0
0.365036 0.193340 3.110444 3.237782 1.121527 -0.489227 1.166033 1.084197 1.080171 1
-0.254957 -0.112960 2.823243 2.915969 0.808471 -0.167379 0.917408 0.798396 0.701051 1
1.193725 0.380185 0.121132 -0.186240 2.150616 -0.211701 0.681890 0.212560 0.016532 0
0.282443 0.157818 0.619208 0.085354 -0.350749 0.035320 1.300023 0.646104 0.355726 0
0.215522 0.136582 4.097846 4.788872 1.481922 -0.166741 1.182893 1.177738 1.234716 1
-0.563357 -0.189353 1.514719 1.121999 1.792923 -0.507091 0.786538 0.591657 0.430999 0
-0.142060 -0.099421 0.831726 0.334322 1.429861 -0.317299 0.548458 0.371008 0.227219 0
-0.704503 -0.218811 0.445395 -0.007227 1.550248 0.142944 0.670466 0.309226 0.130636 0
0.041686 -0.126126 0.129837 -0.152796 1.172661 -0.119034 0.143324 -0.021202 -0.118200 0
-0.172152 -0.132878 0.831106 0.342392 1.519961 0.201055 0.478123 0.181617 0.026600 0
2.839817 1.123052 0.396478 0.055781 1.615183 -0.337308 0.360845 0.105146 -0.012294 0
-0.498927 -0.210288 0.690867 0.363745 -0.079042 -0.125877 0.239923 0.137446 0.087215 0
0.085466 -0.067685 0.652080 0.242175 1.108145 -0.504855 0.374541 0.223900 0.131691 1
-0.061505 -0.105999 0.372801 0.020916 0.673393 -0.305402 0.361739 0.065073 -0.053362 0
-0.439053 -0.212828 0.067429 -0.181549 0.073539 -0.349433 0.152721 -0.048304 -0.129415 1
-0.692818 -0.223602 0.557197 0.113614 0.841375 -0.507430 0.323984 0.162188 0.084426 0
-0.624123 -0.232933 0.259759 -0.101522 0.197039 -0.446933 0.372319 0.133163 -0.029928 0
0.658280 0.102914 0.514986 0.259310 1.547963 0.387772 0.455124 0.171563 0.119018 0
4.026687 1.501159 0.135267 -0.076986 0.849732 -0.486218 0.261295 0.064094 -0.046637 0
-0.295513 -0.107794 2.886821 2.744892 -0.414727 -0.238287 1.212574 1.020855 0.937746 1
4.339408 1.847272 0.230813 -0.023616 1.597346 -0.507916 0.371409 0.150097 -0.001413 0
-0.382259 -0.181890 1.140320 0.852530 1.065449 0.985328 0.464004 0.351983 0.261274 0
0.303126 -0.057619 0.942002 0.690837 0.206454 -0.499826 0.367909 0.268774 0.188750 0
-0.325260 -0.126107 2.571122 2.573669 1.043220 -0.508912 0.746237 0.724934 0.750945 0
0.280003 -0.072398 0.863226 0.536732 0.946409 -0.469119 0.272548 0.219189 0.145426 0
0.764325 0.061453 0.247994 0.011468 0.725837 -0.493785 0.110185 0.074232 0.023610 0
0.375338 0.064179 0.391643 -0.037369 0.837441 -0.407866 0.309805 0.116084 -0.005695 0
-0.546208 -0.218754 0.754250 0.392657 0.856180 0.892892 0.298248 0.098764 0.010805 0
0.033370 0.073972 1.565478 0.938119 -0.883320 2.867223 1.516309 0.996891 0.706212 0
0.108503 -0.167421 -0.429309 -0.380829 -1.257221 -0.488075 -0.388557 -0.273050 -0.227474 0
0.277960 -0.051553 0.079169 -0.193124 0.784068 -0.277015 0.161776 0.007013 -0.067643 0
-0.425718 -0.220151 -0.286513 -0.378375 0.661959 -0.073091 0.009098 -0.105429 -0.174365 0
-0.685775 -0.237420 1.864610 1.848666 0.892812 -0.415835 0.275008 0.285424 0.327415 0
0.538490 0.018369 -0.420805 -0.444294 1.016633 -0.367228 0.259950 -0.103127 -0.192080 0
-0.614497 -0.219216 1.434265 1.260322 0.704068 -0.497215 0.384278 0.329767 0.314742 0
-0.491391 -0.232619 0.151358 -0.091567 -0.157054 -0.400032 0.015879 -0.055923 -0.105079 0
2.019463 0.506732 -0.164045 -0.293879 0.851910 0.216034 0.346036 0.050089 -0.096616 0
0.371808 -0.017594 2.376994 2.601656 0.568887 0.661553 0.245916 0.291005 0.326606 0
0.655201 0.015280 -0.479974 -0.475957 -0.125560 -0.368325 -0.110858 -0.215191 -0.242927 0
-0.749132 -0.250879 0.956994 0.794487 0.339851 0.582227 0.203846 0.113540 0.086241 0
-0.445918 -0.224527 0.228862 0.053429 0.100126 0.051022 0.108002 -0.013177 -0.055549 1
0.557166 0.079001 0.046179 -0.242761 -0.250523 -0.395470 0.365949 -0.010082 -0.116847 0
0.621578 0.021297 -0.390181 -0.446916 0.948341 -0.471104 0.092979 -0.121625 -0.215079 0
-0.837020 -0.267145 0.183893 0.079381 0.546550 -0.491845 0.017416 0.001909 -0.010143 0
1.919481 0.504515 -0.289671 -0.379263 0.518014 -0.509024 0.039585 -0.121588 -0.162267 0
0.584318 0.083922 -0.103755 -0.314645 0.306648 0.303144 0.124404 -0.099300 -0.147892 0
-0.452810 -0.214890 0.095053 -0.129814 -0.187794 1.043347 0.142862 -0.060001 -0.093462 0
0.354902 -0.075505 0.067472 -0.067423 0.641433 -0.495693 -0.029436 -0.086517 -0.100390 0
-0.717948 -0.249866 0.714193 0.475867 0.503706 0.202598 0.141045 0.121536 0.072037 0
-0.574016 -0.205952 1.943133 1.765057 0.435239 0.269900 0.341980 0.411706 0.467741 1
0.802816 0.030272 0.265658 0.043522 0.481243 -0.121779 0.001864 -0.042409 -0.052777 1
2.727116 0.766829 0.068383 -0.088225 0.048993 0.138483 0.191313 0.043476 -0.029026 0
-0.099722 -0.118599 0.171203 -0.178976 1.055922 -0.507058 0.103710 -0.104257 -0.135653 1
0.384919 -0.006897 0.223061 -0.064895 -0.362534 3.279028 0.191851 0.058418 -0.017112 0
-0.595880 -0.259418 -0.657937 -0.467608 -0.583677 0.203891 -0.321620 -0.274489 -0.250132 0
0.075925 -0.161866 -0.458929 -0.423418 -0.551607 0.059075 -0.108266 -0.159102 -0.188582 0
-0.319505 -0.193726 1.212259 1.097696 0.194191 -0.114532 0.112222 0.129642 0.142561 0
-0.264526 -0.174273 0.056792 -0.225086 -0.974249 -0.415652 -0.008839 -0.007881 -0.097279 1
-0.325641 -0.218747 -0.042987 -0.124063 0.539548 -0.179270 -0.061744 -0.087860 -0.112823 0
-0.666599 -0.246942 0.692502 0.505539 0.703585 -0.431467 0.125592 0.098632 0.067305 0
-0.543238 -0.243882 0.006090 -0.175811 -0.124811 -0.067692 -0.113719 -0.143528 -0.167485 0
2.013990 0.599758 -0.054818 -0.245041 0.833419 2.353722 0.213117 -0.052349 -0.083399 0
2.154845 0.504464 -0.129217 -0.269284 1.093230 -0.008898 0.075860 -0.125100 -0.181383 0
-0.156090 -0.131052 0.367759 0.000520 0.428030 0.474505 0.059895 -0.001936 -0.014928 0
0.089240 -0.124718 -0.443518 -0.457296 0.123484 -0.508983 -0.230716 -0.226366 -0.238921 0
0.776550 0.163793 -0.237148 -0.360127 0.989220 -0.490411 0.117052 -0.057274 -0.117617 0
2.093929 0.416023 -0.301979 -0.357563 0.605987 -0.473034 -0.071191 -0.180418 -0.192451 0
4.080225 1.737560 -0.054043 -0.253752 1.379938 -0.062592 0.098569 -0.083316 -0.145607 0
2.489029 0.535232 -0.467118 -0.447162 0.809114 -0.349546 -0.075713 -0.211484 -0.237935 0
-0.747601 -0.243558 2.331046 2.478646 0.314422 3.341721 0.224717 0.292367 0.333360 0
0.438773 -0.141395 -0.706817 -0.486943 -1.114480 -0.172180 -0.411517 -0.309761 -0.269046 0
-0.364886 -0.206850 0.514510 0.321216 -0.003907 -0.278162 -0.020323 -0.016717 -0.025694 0
2.378332 0.470824 -0.467960 -0.427336 0.384891 0.009053 -0.065386 -0.184188 -0.227206 1
-0.626530 -0.254009 0.154114 0.101525 -0.916000 -0.387727 -0.247830 -0.160329 -0.120979 1
-0.691920 -0.261647 -0.514340 -0.442067 -1.010520 -0.459966 -0.302513 -0.278204 -0.267090 0
0.649562 -0.010911 -0.471693 -0.455427 0.013456 0.072004 -0.172350 -0.223414 -0.239497 0
2.144445 0.575153 -0.253357 -0.342647 0.527798 0.110464 -0.106900 -0.194053 -0.205085 0
2.088253 0.608357 -0.098333 -0.305975 0.429723 -0.275040 0.063088 -0.075465 -0.128615 0
-0.661616 -0.249338 1.048369 0.976501 0.422470 -0.105983 -0.034290 -0.003556 0.014866 0
0.194816 -0.071887 -0.285005 -0.403549 1.042697 -0.294597 0.008915 -0.131758 -0.174509 0
0.100854 -0.157408 -0.485340 -0.445495 -0.319723 -0.431201 -0.077252 -0.192514 -0.236871 0
-0.491015 -0.223037 0.450870 0.110221 0.390460 -0.238633 0.235456 0.142088 0.020333 0
-0.527764 -0.179177 1.596205 1.040389 0.113364 0.044359 0.256240 0.240200 0.257824 0
-0.880447 -0.263507 0.103261 -0.195268 0.667313 1.198380 -0.085369 -0.137139 -0.127834 0
0.221282 0.081727 0.885097 0.258188 0.581550 3.582322 0.621199 0.261493 0.065143 0
-0.688931 -0.248750 -0.181728 -0.298074 0.205519 3.190088 -0.101746 -0.157404 -0.165695 0
0.774150 -0.042734 -0.604543 -0.491081 0.699359 0.036550 -0.213159 -0.260696 -0.272588 0
0.102405 -0.172559 -0.335359 -0.311041 -0.949066 -0.459512 -0.398833 -0.305159 -0.245751 0
-0.382071 -0.202975 -0.081088 -0.278654 -0.861623 0.195633 -0.053904 -0.083846 -0.125930 0
1.819848 0.471471 -0.089924 -0.274489 -0.050151 -0.345012 -0.079154 -0.132496 -0.178558 0
-0.530596 -0.236328 -0.180858 -0.264190 0.445487 -0.384511 -0.054975 -0.137400 -0.172399 1
-0.529341 -0.218096 0.837985 0.580629 0.476475 -0.334036 0.147291 0.107661 0.113284 0
-0.397376 -0.244776 -0.807516 -0.533858 -1.004374 -0.468296 -0.427416 -0.336285 -0.289116 0
-0.004585 -0.187004 -0.518622 -0.435064 0.464604 -0.478409 -0.171369 -0.202106 -0.235429 1
-0.834339 -0.265649 0.520630 0.361939 0.651078 -0.422764 -0.050861 -0.050454 -0.036647 0
-0.283020 -0.166863 0.639710 0.239018 -0.006741 1.818216 -0.010792 -0.001476 -0.004387 0
-0.553061 -0.222303 -0.071598 -0.306007 -0.336433 -0.444992 0.103652 -0.037027 -0.104737 0
0.854028 0.201899 -0.388888 -0.464044 0.193675 -0.503419 0.170497 -0.057567 -0.158787 0
1.195831 0.084213 -0.422822 -0.411378 -0.275313 -0.439567 -0.230132 -0.224301 -0.236469 0
-0.348513 -0.184535 -0.022402 -0.281279 -0.138237 0.093633 -0.080825 -0.140936 -0.150546 0
0.168410 -0.117038 0.004441 -0.139906 0.263198 -0.491260 -0.031816 -0.029124 -0.068842 0
-0.772954 -0.262210 -0.094678 -0.245247 0.011002 -0.508950 -0.127065 -0.156840 -0.166664 0
-0.251224 -0.215262 -0.286949 -0.315387 -0.452760 -0.014027 -0.146147 -0.179344 -0.194520 1
2.757374 0.746964 -0.293881 -0.376264 -0.038798 -0.126621 -0.009799 -0.181659 -0.228641 0
-0.889214 -0.261893 2.265161 2.362780 0.376191 -0.487064 0.235004 0.300036 0.368389 0
-0.717489 -0.255976 0.796083 0.731180 0.075782 0.341673 0.090767 0.076079 0.065822 0
2.149572 0.390161 -0.406934 -0.416697 -0.152752 -0.010999 -0.011903 -0.159688 -0.219442 0
-0.548896 -0.228428 0.785087 0.385251 0.148979 -0.004461 -0.042021 -0.020662 -0.021287 0
1.102016 0.077174 -0.104171 -0.237190 -0.015485 0.356666 -0.054888 -0.136647 -0.165332 0
-0.271139 -0.222240 -0.374712 -0.302379 0.568563 -0.415333 -0.121626 -0.148963 -0.159711 0
-0.515486 -0.238736 -0.085615 -0.177646 -0.315311 0.226621 -0.289065 -0.177050 -0.123384 0
-0.200241 -0.199806 0.155662 0.072410 0.048622 -0.459629 -0.014763 -0.038419 -0.074876 0
-0.939004 -0.269964 -0.304709 -0.408544 0.229583 -0.304178 -0.005218 -0.155503 -0.213276 0
-0.214577 -0.117129 1.118662 0.489349 0.035096 -0.297918 -0.076633 0.052381 0.120422 1
0.493820 -0.047279 -0.129322 -0.256232 -0.058780 -0.507239 -0.093750 -0.123759 -0.125417 0
-0.196917 -0.190516 -0.367831 -0.414069 0.323251 -0.282870 -0.180797 -0.247564 -0.238376 0
-0.869569 -0.273835 -0.412010 -0.387333 -0.336678 -0.477744 -0.099002 -0.150911 -0.207335 0
-0.699786 -0.261956 -0.417129 -0.403757 0.506654 -0.502217 -0.078931 -0.179043 -0.219506 0
-0.434216 -0.236387 -0.466142 -0.427182 0.239463 -0.292424 -0.223752 -0.257793 -0.254343 0
-0.845431 -0.271015 -0.565612 -0.483525 0.344676 -0.280823 -0.237640 -0.251484 -0.259749 0
0.038735 -0.146283 -0.112152 -0.258096 0.273528 -0.334639 0.032947 -0.081359 -0.128400 0
-0.743137 -0.254800 0.122423 -0.052059 0.319399 -0.501418 -0.047426 -0.066567 -0.070312 0
-0.246929 -0.198859 0.062551 -0.078754 0.432862 -0.470543 -0.084069 -0.092943 -0.079410 0
-0.172001 -0.183418 -0.230491 -0.320664 0.122076 -0.163076 -0.047401 -0.131321 -0.176510 0
-0.072410 -0.190595 -0.463188 -0.433154 0.037658 0.025957 -0.235382 -0.237645 -0.251236 0
0.466447 -0.046508 -0.430527 -0.433305 -0.442095 -0.399266 -0.149404 -0.248750 -0.250835 0
0.350290 -0.098653 -0.209454 -0.299514 -0.285644 1.106666 -0.030976 -0.162932 -0.205615 0
-0.884197 -0.280318 -0.799470 -0.536082 -0.724628 -0.074333 -0.461642 -0.335526 -0.288752 0
-0.342425 -0.228073 -0.420404 -0.381089 -0.244264 -0.297758 -0.250897 -0.203949 -0.204952 0
-0.038789 -0.174869 0.330971 0.190808 -0.056295 -0.439498 -0.018443 -0.036394 -0.035312 0
-0.820727 -0.257971 2.318551 2.442353 0.136103 -0.194222 0.208840 0.286246 0.352625 0
0.016797 -0.174499 -0.257238 -0.255358 0.252335 0.571617 -0.196047 -0.197723 -0.183956 0
0.459145 -0.060743 -0.343825 -0.379713 -0.637518 -0.431763 -0.031243 -0.149596 -0.178280 0
-0.887708 -0.274635 -0.036508 -0.109129 0.189461 -0.096848 -0.129684 -0.132315 -0.135545 0
-0.693168 -0.264129 -0.362880 -0.260256 -1.387992 -0.472984 -0.428319 -0.266462 -0.185619 0
-0.818925 -0.266409 -0.170847 -0.287716 0.483651 -0.203023 -0.120641 -0.188334 -0.199359 0
-0.108743 -0.168583 -0.035533 -0.145628 0.106542 -0.297489 -0.174119 -0.106281 -0.079176 0
0.785760 0.134010 -0.192950 -0.331754 0.393109 -0.488120 0.109656 -0.127536 -0.170745 0
-0.537673 -0.213018 1.078288 0.751347 -0.524207 0.982485 -0.100920 -0.046749 0.017955 0
0.246613 -0.127502 -0.676725 -0.525203 0.167386 -0.466571 -0.234197 -0.256739 -0.259604 0
-0.058566 -0.179493 -0.453810 -0.429316 -0.117120 -0.069481 -0.252127 -0.249787 -0.226743 0
1.204446 0.054328 -0.539428 -0.443842 -0.075119 -0.366277 -0.155192 -0.197055 -0.216795 0
-0.063435 -0.103493 0.664602 0.373164 -0.469239 0.897877 -0.108783 0.063196 0.084929 0
-0.177938 -0.192092 -0.163541 -0.273743 -1.480975 -0.426870 -0.262242 -0.203918 -0.198989 0
0.087773 -0.189557 -0.721224 -0.511279 0.044589 -0.485974 -0.285880 -0.257825 -0.258540 0
3.595222 1.220898 -0.036040 -0.166831 0.002928 0.579185 -0.138173 -0.108578 -0.125650 0
-0.357556 -0.191423 0.540903 0.214891 0.044929 0.249229 0.018925 0.058967 0.041750 0
-0.668016 -0.252685 0.671755 0.518258 -0.087274 -0.506233 -0.010516 0.009123 -0.003421 0
-0.069080 -0.151002 0.229490 -0.057386 0.020576 -0.053668 -0.162556 -0.128550 -0.132700 0
-0.344222 -0.221631 -0.408610 -0.400555 -0.302229 -0.483765 -0.313469 -0.256891 -0.243179 0
-0.623480 -0.255503 -0.453723 -0.413524 0.052793 -0.097452 -0.315640 -0.294626 -0.259233 0
1.063479 0.012233 -0.658827 -0.497151 -0.060379 -0.300885 -0.318080 -0.299863 -0.266965 0
-0.785261 -0.267770 -0.189204 -0.210991 0.009953 0.408940 -0.182180 -0.171003 -0.157724 0
-0.560814 -0.254411 -0.206558 -0.152811 0.262004 -0.509029 -0.163331 -0.142694 -0.136812 0
-0.970504 -0.277876 -0.092743 -0.245200 0.037857 -0.145295 -0.047614 -0.106979 -0.134569 0
-0.310181 -0.214216 -0.414688 -0.404551 -0.216739 -0.347927 -0.212314 -0.238691 -0.232080 0
-0.355360 -0.222223 -0.647945 -0.504516 0.504747 -0.420615 -0.154977 -0.253613 -0.272148 0
-0.095251 -0.175656 -0.281591 -0.361370 0.153508 2.080796 -0.247796 -0.247866 -0.244965 0
-0.555840 -0.228799 0.514163 0.241612 -0.031457 -0.440873 -0.170404 -0.122765 -0.071124 0
-0.557517 -0.249159 0.052528 0.016719 -0.329381 -0.506153 -0.114806 -0.101167 -0.094525 0
-0.699394 -0.256195 -0.107436 -0.234290 -0.425506 -0.494780 -0.196581 -0.213368 -0.210464 0
-0.788312 -0.266729 -0.102971 -0.181428 -0.204387 -0.007488 -0.180974 -0.180252 -0.175535 0
0.579036 -0.047673 -0.554216 -0.464123 -0.299901 1.890082 -0.232471 -0.231222 -0.224575 0
1.607386 0.163510 -0.581656 -0.475808 0.462975 0.074061 -0.336424 -0.297190 -0.275564 0
0.039580 -0.174985 0.093468 0.068062 -0.618273 -0.494647 -0.125587 -0.099209 -0.092596 0
-0.340570 -0.233756 -0.271178 -0.203706 -0.086803 0.026174 -0.188147 -0.157411 -0.162558 0
0.262945 -0.118029 0.690707 0.612245 -0.158120 -0.372389 -0.111064 -0.047107 -0.010504 0
2.479094 0.468788 -0.439363 -0.426301 -0.207593 -0.451980 -0.348308 -0.261927 -0.245072 0
-0.746505 -0.259112 0.703492 0.490071 -0.059582 -0.056688 -0.158699 -0.070920 -0.038487 0
0.580609 -0.075022 -0.228026 -0.312787 -0.471178 0.375896 -0.190143 -0.203484 -0.206406 1
-0.389623 -0.225575 0.731167 0.660752 -0.029954 -0.366254 -0.046871 0.012265 0.015509 0
-0.814825 -0.276194 -0.711046 -0.479314 -0.206276 -0.484807 -0.245088 -0.213273 -0.222502 0
-0.285682 -0.223593 -0.573300 -0.441433 -0.427905 -0.467111 -0.256990 -0.243963 -0.248023 0
-0.494686 -0.240384 -0.299807 -0.337213 -0.447385 -0.401987 -0.226514 -0.191179 -0.201568 0
-0.603556 -0.252367 -0.146475 -0.195772 0.077414 -0.310993 -0.155590 -0.123813 -0.142786 0
-0.898834 -0.275493 -0.271866 -0.295627 -0.149885 0.126793 -0.247183 -0.213344 -0.208215 0
0.188527 -0.127050 -0.246624 -0.317962 0.283294 -0.277235 -0.073048 -0.134159 -0.152860 0
-0.293957 -0.213237 -0.434594 -0.420494 -0.099856 -0.507340 -0.236695 -0.218753 -0.225279 0
-0.296452 -0.225412 0.105628 0.132436 -0.011411 0.343269 -0.178527 -0.110878 -0.085885 0
-0.555566 -0.254788 -0.725612 -0.505980 -0.468561 -0.366280 -0.378366 -0.319646 -0.277986 0
-0.539556 -0.249197 -0.283738 -0.263552 -0.035297 -0.421886 -0.266617 -0.207103 -0.192931 0
-0.259599 -0.147794 1.143239 0.645293 0.541119 0.013648 0.068245 0.094924 0.113487 0
-0.410519 -0.217345 0.044762 -0.119331 -0.007075 -0.509005 -0.115854 -0.117735 -0.101406 0
-0.019312 -0.148597 -0.412178 -0.419086 0.275225 -0.230615 -0.084248 -0.194953 -0.227736 0
-0.758162 -0.261941 0.755107 0.679639 -0.170731 -0.428555 -0.105633 -0.022703 -0.001045 0
-0.106040 -0.189633 -0.381416 -0.385239 -0.137854 0.007876 -0.227513 -0.222896 -0.235616 0
0.319328 -0.102875 -0.524843 -0.458967 0.401137 -0.222880 -0.234063 -0.228464 -0.229715 0
-0.443530 -0.232206 0.658526 0.638743 0.219096 -0.150327 -0.030641 0.002409 0.013497 0
0.206447 -0.020717 0.681657 0.266087 0.887248 0.237469 0.180370 0.097310 0.083386 0
-0.530761 -0.248123 -0.007915 -0.063622 -0.090100 -0.488505 -0.170129 -0.155481 -0.150141 0
-0.279941 -0.207788 0.341051 0.088576 0.049843 1.023345 -0.112939 -0.113978 -0.106170 0
1.304434 0.112282 -0.322919 -0.283792 -0.099950 0.788565 -0.152752 -0.153567 -0.148078 1
-0.777628 -0.265495 -0.505143 -0.457103 -0.281388 -0.432573 -0.238757 -0.256769 -0.259165 0
0.341648 -0.109133 -0.468541 -0.412738 0.072660 -0.370765 -0.251557 -0.223179 -0.207838 0
0.036501 -0.185372 -0.366718 -0.331085 0.288833 -0.421476 -0.232265 -0.211399 -0.196490 0
0.358558 0.018062 0.536077 0.199240 -0.256965 -0.215927 0.035238 0.120127 0.124630 0
-0.568509 -0.257845 -0.570021 -0.406211 0.118502 0.008227 -0.250264 -0.236148 -0.226778 0
-0.716789 -0.265959 -0.490948 -0.417439 -0.546209 1.182551 -0.340142 -0.260229 -0.237862 0
-0.806255 -0.266719 0.523083 0.318347 -0.359155 -0.206396 -0.144308 -0.102068 -0.100466 0
0.098863 -0.114853 -0.137291 -0.318281 -0.551704 -0.202256 0.061379 -0.088043 -0.142710 0
0.499884 -0.116865 -0.577251 -0.445778 -0.314995 1.128286 -0.192224 -0.220387 -0.243197 0
-0.464933 -0.215941 0.082199 -0.165293 -0.595088 -0.425876 -0.162749 -0.131179 -0.131866 0
-0.931263 -0.283049 -0.687970 -0.476964 -0.322428 -0.272084 -0.316558 -0.283695 -0.261626 0
-0.905791 -0.281593 -0.684896 -0.475004 -0.818508 -0.495119 -0.362093 -0.294318 -0.271026 0
-0.275391 -0.222579 -0.645817 -0.487649 0.370807 -0.485268 -0.228591 -0.267340 -0.268113 0
0.017893 -0.192188 -0.465734 -0.371325 -0.999722 -0.359358 -0.456413 -0.297180 -0.233057 0
-0.447695 -0.243440 -0.619598 -0.465362 -0.259824 0.508292 -0.282768 -0.234931 -0.233263 0
1.652432 0.210811 -0.595082 -0.482833 -0.597763 -0.495376 -0.143042 -0.262360 -0.256331 0
-0.139029 -0.183231 -0.233124 -0.302700 -0.088620 3.485482 -0.157540 -0.133443 -0.146614 0
-0.586124 -0.244036 -0.339625 -0.409406 -1.248874 -0.470571 -0.264919 -0.254798 -0.259286 0
-0.806843 -0.274479 -0.698025 -0.512449 -0.013624 -0.492496 -0.338321 -0.333206 -0.303618 0
-0.002473 -0.168745 -0.473297 -0.470914 -0.288374 -0.393413 -0.257877 -0.262211 -0.259403 0
1.853803 0.272260 -0.528226 -0.413299 0.425429 -0.509053 -0.222083 -0.215239 -0.201672 0
0.216890 -0.158579 -0.558878 -0.438967 -0.116691 -0.508953 -0.245038 -0.223093 -0.236944 0
0.181924 -0.141948 -0.593809 -0.482461 0.003600 3.224568 -0.223175 -0.269920 -0.270765 0
-0.862985 -0.271622 0.120806 0.036644 -0.330271 -0.017771 -0.109367 -0.049068 -0.062050 0
-0.834216 -0.274623 -0.392766 -0.346348 -1.311735 -0.405674 -0.302847 -0.256241 -0.222728 0
-0.817604 -0.272445 -0.511310 -0.426540 -0.257374 0.432492 -0.253738 -0.219619 -0.214828 0
-0.582530 -0.248218 -0.207901 -0.299866 -0.112520 -0.410405 -0.258546 -0.208226 -0.199623 0
0.098752 -0.170277 -0.494933 -0.405090 -0.079415 0.881478 -0.327677 -0.272829 -0.236398 0
-0.379583 -0.230125 -0.615585 -0.493327 -0.272907 -0.493817 -0.351036 -0.297766 -0.266804 0
-0.586346 -0.237921 0.173319 -0.017808 -0.416341 0.171966 -0.192683 -0.108045 -0.094343 0
-0.803869 -0.269882 -0.202545 -0.164222 0.074565 -0.090563 -0.253491 -0.175298 -0.140219 0
-0.179985 -0.170462 0.882845 0.676547 -0.150079 -0.441034 -0.024131 0.033675 0.080733 0
-0.938263 -0.281629 -0.613657 -0.462922 -0.598938 0.530293 -0.291957 -0.277876 -0.266788 0
-0.894763 -0.277486 -0.601292 -0.483109 0.001636 -0.381239 -0.262219 -0.252449 -0.237220 0
1.188986 0.119652 -0.308585 -0.355233 -0.012553 0.072187 -0.245969 -0.248620 -0.211306 0
-0.020079 -0.181906 -0.589404 -0.469864 -0.767635 -0.342336 -0.208693 -0.227190 -0.249287 0
-0.069408 -0.201582 -0.677661 -0.501078 -0.570031 0.093103 -0.332111 -0.288189 -0.271090 0
-1.002947 -0.283818 -0.496017 -0.434561 -0.220932 -0.448652 -0.373069 -0.271953 -0.257111 0
-0.403349 -0.237110 -0.453156 -0.364374 -0.284760 -0.417604 -0.256384 -0.220119 -0.210504 0
-0.734308 -0.268470 -0.510105 -0.420775 -0.187292 -0.507963 -0.260855 -0.226091 -0.226556 0
-0.490193 -0.240822 -0.437370 -0.403548 -0.450275 -0.508962 -0.366417 -0.282665 -0.249212 0
-0.381108 -0.197372 0.150923 -0.050316 -0.142572 -0.290718 -0.049159 -0.030206 -0.033158 0
-0.021065 -0.180858 -0.320827 -0.345226 -0.115234 -0.361742 -0.264583 -0.251041 -0.224781 0
0.217234 -0.084632 -0.029203 -0.248955 -0.073503 0.405822 -0.193663 -0.168419 -0.155799 0
-0.953129 -0.281179 -0.347322 -0.286748 -0.327737 0.041982 -0.278530 -0.223665 -0.187166 0
-0.750767 -0.268694 -0.575566 -0.405487 0.050680 1.604602 -0.251982 -0.222724 -0.205930 0
0.000637 -0.185187 -0.651983 -0.503358 -0.412271 -0.508961 -0.292828 -0.284370 -0.265906 0
4.730883 1.612276 -0.396512 -0.344960 -0.167584 -0.465757 -0.163980 -0.169775 -0.171199 0
2.536478 0.418340 -0.300092 -0.302222 -0.461884 0.748058 -0.246356 -0.246563 -0.222380 0
-0.388775 -0.228155 -0.294040 -0.348418 -0.347822 -0.491424 -0.309498 -0.262555 -0.252682 0
1.120542 0.123207 -0.096870 -0.205425 0.111691 0.821865 -0.095578 -0.168996 -0.135774 0
0.383173 -0.103217 -0.405009 -0.407565 -0.276477 0.075140 -0.313314 -0.269542 -0.235313 0
0.600948 -0.008798 -0.340568 -0.411261 -1.106692 -0.369305 0.105311 -0.112322 -0.178612 0
-0.186195 -0.172231 0.659401 0.382597 -0.064679 -0.474106 -0.106064 -0.018792 0.001542 0
-0.638588 -0.249853 0.741407 0.577804 -0.154114 -0.508093 -0.143572 -0.074186 -0.039839 0
0.643337 -0.054496 0.052628 -0.048641 -0.281016 -0.487869 -0.221242 -0.158566 -0.148674 0
-0.743981 -0.251474 0.816399 0.522906 -0.338107 -0.074507 0.000454 0.023402 0.025631 0
-0.746406 -0.264843 -0.098146 -0.162680 0.039731 -0.507331 -0.190163 -0.177193 -0.169043 0
-0.883962 -0.279699 -0.687633 -0.496820 -0.218416 1.598962 -0.390363 -0.304784 -0.274861 0
-0.573796 -0.248058 -0.088548 -0.147558 -0.051030 -0.340151 -0.119186 -0.110019 -0.103159 0
-0.882543 -0.278066 -0.437066 -0.343110 -0.612667 -0.495611 -0.166227 -0.147991 -0.169963 0
0.263301 -0.111787 -0.406669 -0.414164 -0.063044 -0.495774 -0.216895 -0.232434 -0.217173 0
-0.859443 -0.276780 -0.619464 -0.469519 -0.947660 -0.421734 -0.366534 -0.267549 -0.245823 0
-0.539947 -0.229051 0.064367 -0.199930 -0.076744 -0.368418 -0.197010 -0.171609 -0.151964 0
-0.937057 -0.277843 -0.501507 -0.447586 0.084113 -0.198771 -0.250739 -0.263639 -0.248902 0
-0.144964 -0.180446 0.052919 -0.150295 -0.031617 0.143199 -0.181337 -0.141971 -0.132262 0
0.982424 0.044315 -0.429236 -0.429290 -0.142692 -0.174906 -0.295983 -0.231256 -0.213371 0
-0.680097 -0.253856 0.583510 0.436652 -0.300669 -0.484477 -0.161134 -0.050350 -0.009153 0
0.036517 -0.185405 -0.560631 -0.458584 -0.570994 -0.508750 -0.405966 -0.328210 -0.281685 0
-0.217238 -0.224837 -0.701281 -0.473830 -0.248197 -0.508513 -0.374762 -0.283222 -0.244989 0
0.224777 -0.159512 -0.346484 -0.276556 -0.356047 -0.341802 -0.301497 -0.237489 -0.212228 0
-0.473568 -0.229874 -0.094041 -0.189928 -0.073710 -0.116807 -0.199994 -0.154438 -0.140875 0
-0.071624 -0.177043 -0.526159 -0.483673 0.044454 1.868150 -0.172241 -0.268855 -0.260176 0
-0.678473 -0.264478 -0.417202 -0.309686 -0.483274 0.374727 -0.307794 -0.237954 -0.206706 0
-0.711754 -0.258374 -0.355410 -0.399927 -1.118570 0.767032 -0.188424 -0.216733 -0.201048 0
-0.267396 -0.213833 0.118944 0.063776 -0.232110 -0.456397 -0.239520 -0.138986 -0.098885 0
-0.708943 -0.255552 0.159641 0.086695 -0.128314 -0.434260 -0.205987 -0.100946 -0.055835 0
-0.819674 -0.272430 0.042561 0.089730 -0.251553 0.148090 -0.218820 -0.129194 -0.103080 0
-0.469526 -0.246792 -0.384226 -0.331097 -0.515858 4.171660 -0.301740 -0.211697 -0.198529 0
-0.557708 -0.246037 0.211079 0.056347 -0.582938 -0.260642 -0.174188 -0.101948 -0.102133 0
-0.802399 -0.268925 0.466981 0.409461 -0.301685 0.337134 -0.129087 -0.058336 -0.021245 0
-0.184824 -0.211805 -0.583913 -0.450123 -0.072255 0.046220 -0.261314 -0.224873 -0.213441 0
-0.686206 -0.258393 0.058992 0.018905 -0.168729 -0.495564 -0.219537 -0.121008 -0.075469 0
-0.659144 -0.256127 -0.227136 -0.300890 -0.434451 -0.348099 -0.345622 -0.255314 -0.218618 1
0.592543 -0.049710 -0.394868 -0.406475 0.167150 -0.135181 -0.295689 -0.265161 -0.225762 0
-0.321426 -0.200645 1.348760 1.357194 -0.027136 0.661097 -0.051806 0.050455 0.148062 0
1.041079 -0.010837 -0.520097 -0.397883 -0.330169 -0.084370 -0.302512 -0.249371 -0.213361 0
-0.656684 -0.235809 -0.054322 -0.238057 -0.033858 0.249689 -0.085609 -0.100380 -0.081755 0
-0.614740 -0.248737 0.510732 0.462939 -0.503374 -0.508213 -0.102294 -0.073235 -0.034398 0
-0.634819 -0.254210 -0.324698 -0.324666 -0.635293 -0.285414 -0.215203 -0.239233 -0.221502 0
-0.548168 -0.233959 -0.112650 -0.276636 -0.240520 -0.337174 -0.088337 -0.143266 -0.170765 0
-0.632977 -0.245343 0.173688 -0.060791 -0.188838 0.512340 -0.257464 -0.185119 -0.114039 1
-0.235120 -0.215889 -0.264441 -0.270579 -0.299399 -0.476661 -0.311683 -0.218090 -0.184458 1
-0.800219 -0.272446 -0.601709 -0.461635 -0.479284 -0.486374 -0.367060 -0.271828 -0.246226 0
-0.149119 -0.165060 -0.406664 -0.437447 -0.806103 -0.486473 -0.039151 -0.215054 -0.228271 0
-0.641622 -0.254047 -0.177911 -0.270635 -0.154283 -0.459799 -0.240350 -0.190766 -0.192885 0
-0.608410 -0.260672 -0.537692 -0.440879 -0.248307 -0.468114 -0.343566 -0.271323 -0.247778 0
0.185153 -0.113970 -0.323682 -0.397047 0.474846 -0.389967 -0.129347 -0.179587 -0.201782 0
-0.760036 -0.268999 -0.352285 -0.304301 -0.390100 0.408251 -0.382622 -0.248864 -0.204482 0
-0.764713 -0.271615 -0.813984 -0.549715 -0.314689 0.942028 -0.352311 -0.327033 -0.300767 0
-0.446977 -0.241780 -0.492763 -0.398367 0.065215 -0.496394 -0.265534 -0.250633 -0.237019 0
0.041836 -0.166603 0.009506 -0.061994 -0.388143 -0.115845 -0.234134 -0.147858 -0.111188 0
0.580532 -0.076994 -0.359633 -0.314164 -0.421601 -0.507027 -0.363905 -0.248087 -0.196810 0
-0.559294 -0.252786 -0.361107 -0.292647 -0.044468 0.031041 -0.223431 -0.213482 -0.214327 0
2.051883 0.512434 -0.340696 -0.416420 -0.125767 0.145298 -0.044772 -0.206429 -0.230091 0
-0.695865 -0.264772 -0.566293 -0.404655 -0.643489 -0.259035 -0.379722 -0.285460 -0.237711 0
-0.628916 -0.257126 0.240937 0.258459 -0.516963 0.073445 -0.188491 -0.113791 -0.088186 0
-0.502708 -0.237682 0.574232 0.459936 -0.288950 2.887609 -0.220331 -0.108103 -0.044751 0
-0.415069 -0.237720 -0.400750 -0.385261 -0.589220 -0.400017 -0.408918 -0.300618 -0.254017 0
-0.437268 -0.243805 -0.610538 -0.453457 -0.462859 -0.028616 -0.412968 -0.302355 -0.270211 0
-0.787449 -0.275513 -0.797451 -0.518713 -0.466969 -0.380238 -0.376080 -0.303843 -0.277845 0
0.122035 -0.064901 -0.030303 -0.291147 -0.508899 0.089083 -0.097039 -0.197981 -0.191096 0
-0.702798 -0.271967 -0.891636 -0.561522 -0.371978 -0.507729 -0.442344 -0.356516 -0.313503 0
-0.756180 -0.258430 -0.047672 -0.227339 -0.584888 -0.370941 -0.257216 -0.197991 -0.183056 0
-0.576667 -0.250964 -0.233859 -0.211529 -0.271430 -0.448530 -0.262122 -0.192972 -0.153222 0
-0.775943 -0.272368 -0.489628 -0.371339 -0.918948 1.171886 -0.353223 -0.264046 -0.229332 0
-0.546443 -0.216926 0.460894 0.069271 -1.131010 -0.275333 -0.074671 -0.096290 -0.103106 0
-0.733710 -0.270774 -0.610344 -0.406411 -0.744122 -0.261377 -0.387719 -0.284446 -0.242228 0
0.621385 -0.114602 -0.798412 -0.514275 -0.847158 -0.451683 -0.444610 -0.343721 -0.294787 0
-0.498185 -0.234657 0.310775 0.255428 -0.204702 0.032348 -0.243649 -0.132795 -0.061352 0
0.497240 -0.041756 -0.363854 -0.404958 0.184440 1.445298 -0.187291 -0.224357 -0.216859 0
-0.600928 -0.248030 0.427636 0.360407 -0.097408 -0.506577 -0.193502 -0.080446 -0.044600 0
-0.653796 -0.263757 -0.682573 -0.504839 -0.481759 -0.233104 -0.352104 -0.306968 -0.284143 0
0.447713 -0.070062 -0.552860 -0.491041 -0.003331 -0.287048 -0.272870 -0.281851 -0.266458 0
-0.410487 -0.228019 -0.400693 -0.397023 -0.244414 -0.502210 -0.372418 -0.273595 -0.240348 0
0.660960 -0.074103 -0.653742 -0.507393 0.138104 -0.136129 -0.328994 -0.287008 -0.278085 0
-0.651743 -0.260731 -0.567739 -0.441161 -0.129046 1.332330 -0.328362 -0.261395 -0.239486 0
-0.639895 -0.253030 0.293043 0.189924 -1.357316 0.164341 -0.253133 -0.145188 -0.084962 0
-0.629740 -0.254313 -0.022114 -0.033603 -0.855561 -0.389759 -0.272961 -0.163188 -0.118568 0
-0.777767 -0.271985 -0.685252 -0.487246 -0.297658 -0.207515 -0.380623 -0.327695 -0.277054 0
0.142992 -0.169390 -0.609972 -0.458342 -0.750980 -0.391695 -0.420752 -0.299110 -0.246803 0
-0.906314 -0.281224 -0.794991 -0.526526 -0.263541 -0.450489 -0.381261 -0.326678 -0.303765 0
-0.226136 -0.202031 -0.358550 -0.378672 -0.039936 0.976541 -0.240216 -0.213799 -0.201920 0
0.139858 -0.168740 -0.356956 -0.329551 -0.422240 0.185159 -0.300031 -0.250607 -0.221840 0
0.786052 0.263602 0.796661 0.325601 0.040792 -0.386109 1.050122 0.592544 0.235425 0
-0.179274 -0.214713 -0.459463 -0.426265 -0.482083 -0.483565 -0.296825 -0.250421 -0.256696 0
-0.443637 -0.231556 -0.116992 -0.198535 -0.500220 0.127566 -0.338717 -0.246251 -0.197913 0
2.737030 0.482452 -0.691461 -0.517701 -0.524580 0.585831 -0.253985 -0.281338 -0.279579 0
-0.266325 -0.233261 -0.491114 -0.338068 -0.330722 -0.057339 -0.295331 -0.226307 -0.211980 0
-0.949540 -0.282675 -0.631053 -0.454862 -0.621185 0.572048 -0.393041 -0.291758 -0.253037 0
-0.355369 -0.238723 -0.754088 -0.505610 -0.761037 0.207303 -0.368198 -0.299787 -0.271490 0
0.298655 -0.146681 -0.677021 -0.511925 -0.856828 -0.427195 -0.404356 -0.300504 -0.270468 0
1.607966 0.159950 -0.480968 -0.428524 0.033135 -0.319039 -0.287137 -0.236740 -0.229800 1
-0.504419 -0.252794 -0.477324 -0.380677 -0.166023 -0.177985 -0.336574 -0.271175 -0.234463 0
0.355565 -0.139921 -0.411202 -0.312162 -0.458663 -0.496391 -0.365782 -0.260196 -0.220024 0
2.768234 0.589976 -0.459788 -0.408885 -0.132257 1.123300 -0.273812 -0.234379 -0.213945 0
-0.237520 -0.213299 -0.526399 -0.444679 -0.373918 1.783371 -0.279375 -0.276638 -0.255586 0
-0.455781 -0.232772 0.348370 0.296646 -0.306862 0.385628 -0.197668 -0.078827 -0.022579 0
4.109157 1.216294 -0.416641 -0.401585 -0.181063 -0.422821 -0.297171 -0.257239 -0.229000 0
-0.469387 -0.227369 -0.260530 -0.350820 -0.748869 -0.499683 -0.137163 -0.163805 -0.212223 0
0.475216 -0.119500 -0.511397 -0.412555 -0.528882 1.010750 -0.410455 -0.317956 -0.275468 0
-0.426142 -0.238409 -0.465809 -0.401383 -0.398500 -0.508078 -0.313488 -0.231056 -0.213042 0
0.049146 -0.136765 -0.128942 -0.285515 -0.499013 1.175950 -0.253349 -0.248947 -0.211272 0
2.397363 0.376607 -0.546463 -0.440635 -1.101032 0.515869 -0.352019 -0.250857 -0.222497 0
1.979384 0.290060 -0.500110 -0.439050 -0.452138 -0.488879 -0.314146 -0.292541 -0.262727 0
-0.080978 -0.195248 -0.401817 -0.388589 -0.512820 -0.102256 -0.399968 -0.307866 -0.266572 0
-0.647404 -0.258884 0.221725 0.264324 -0.464132 -0.421902 -0.271335 -0.155744 -0.119215 0
-0.730303 -0.265466 -0.663136 -0.512197 -0.776400 -0.142775 -0.346710 -0.299631 -0.278752 0
-0.247972 -0.217073 -0.121887 -0.134598 -0.869587 -0.428001 -0.305731 -0.189307 -0.135430 0
-0.754747 -0.271428 -0.751320 -0.520300 -0.955474 -0.311671 -0.353240 -0.307731 -0.287316 0
-0.199263 -0.227637 -0.773809 -0.519852 -0.402292 -0.468267 -0.416677 -0.333298 -0.296918 0
-0.607137 -0.257636 0.021445 0.029290 -0.393987 -0.036109 -0.265953 -0.158912 -0.109934 0
-0.171341 -0.215772 -0.683304 -0.491199 -0.364527 -0.360289 -0.355836 -0.287647 -0.268578 0
-0.855805 -0.276057 -0.585245 -0.472390 -0.770873 -0.405540 -0.370855 -0.274128 -0.250449 0
-0.650235 -0.256733 -0.208565 -0.269405 -0.528953 2.280050 -0.257756 -0.237308 -0.212316 0
-0.819939 -0.275284 -0.698377 -0.470613 -0.514359 1.110894 -0.368124 -0.263243 -0.234976 0
1.506280 0.076722 -0.706234 -0.491724 -1.354739 -0.499903 -0.301164 -0.308218 -0.273200 0
-0.727220 -0.268351 -0.722580 -0.513684 -0.213229 -0.461502 -0.274510 -0.278517 -0.272408 0
-0.746288 -0.269959 -0.548807 -0.431503 -0.314157 0.081391 -0.315335 -0.231097 -0.213414 0
0.050649 -0.205166 -0.691419 -0.456212 -0.521537 -0.471941 -0.437270 -0.315759 -0.270125 0
-0.980896 -0.285878 -0.662981 -0.417220 -0.613402 1.228919 -0.389589 -0.270582 -0.237049 0
0.462169 -0.123969 -0.616671 -0.457342 -0.495434 -0.508502 -0.415473 -0.327749 -0.271318 0
-0.735586 -0.258886 0.974559 0.893662 -0.280977 0.754347 -0.133493 -0.036633 0.025915 0
-0.978233 -0.283342 -0.560401 -0.458773 -0.296311 -0.152795 -0.338336 -0.296041 -0.268764 0
-0.684996 -0.268695 -0.725410 -0.498310 -0.567723 -0.255965 -0.432054 -0.324759 -0.280497 0
-0.629441 -0.265767 -0.835347 -0.534532 -0.522634 -0.508717 -0.406718 -0.350648 -0.310179 0
-0.555232 -0.248511 0.162525 0.124490 -0.447650 -0.173963 -0.246578 -0.119135 -0.068938 0
-0.726476 -0.257634 0.589977 0.539663 -0.106009 -0.333895 -0.180965 -0.062422 -0.005343 0
-0.768133 -0.271672 -0.713875 -0.487844 -0.613582 -0.297963 -0.368136 -0.283805 -0.259465 0
-0.854516 -0.277851 -0.722197 -0.492521 -0.201833 0.077408 -0.321258 -0.307551 -0.275520 0
-0.335350 -0.233261 -0.434823 -0.349013 -0.816105 -0.289488 -0.387842 -0.292586 -0.235880 0
1.056020 0.018946 -0.403281 -0.388358 -0.481262 0.046210 -0.382198 -0.283272 -0.236530 0
2.200692 0.509254 -0.428016 -0.453082 -0.878682 -0.508179 -0.173390 -0.251400 -0.263739 0
0.192161 -0.216955 -0.999059 -0.555318 -0.362450 -0.443136 -0.274139 -0.321378 -0.306750 0
1.391539 0.067183 -0.734284 -0.527942 -0.293013 -0.508829 -0.350937 -0.329538 -0.302952 0
-0.149318 -0.218489 -0.879144 -0.564937 -0.156331 -0.484602 -0.394615 -0.355296 -0.312518 1
-0.857025 -0.278136 -0.662102 -0.477495 -0.708944 0.130113 -0.420345 -0.320635 -0.278842 0
-0.798156 -0.271217 -0.643043 -0.498121 -0.269101 -0.456058 -0.326591 -0.267381 -0.251882 0
-0.822161 -0.277861 -0.783789 -0.507253 -0.718178 -0.466404 -0.442239 -0.339209 -0.289612 0
1.634953 0.101990 -0.794825 -0.523086 -0.535359 -0.424902 -0.407306 -0.312863 -0.274372 1
-0.821139 -0.273646 -0.366148 -0.322105 -0.181172 -0.424523 -0.338447 -0.242590 -0.208827 0
-0.036713 -0.191062 -0.539163 -0.455628 -0.264961 0.543436 -0.404261 -0.281101 -0.250650 0
-0.705244 -0.266843 -0.736475 -0.507099 -0.907100 -0.507457 -0.372927 -0.318166 -0.272452 0
-0.060404 -0.185706 -0.433504 -0.401712 -0.307155 -0.116810 -0.287441 -0.247263 -0.231062 0
-0.648515 -0.269376 -0.902110 -0.528421 -0.901727 -0.505576 -0.483722 -0.354705 -0.301810 0
-0.140186 -0.195820 0.000980 -0.065172 -0.499372 0.909137 -0.213329 -0.144475 -0.117264 0
-0.807581 -0.276957 -0.464125 -0.306130 -0.332211 -0.448343 -0.408572 -0.287575 -0.228112 0
2.898290 0.556954 -0.638211 -0.507827 -0.340974 0.329848 -0.354530 -0.306344 -0.269844 0
-0.843538 -0.277227 -0.669233 -0.490139 -0.701906 -0.415980 -0.396495 -0.322863 -0.283328 0
-0.099883 -0.182605 -0.564899 -0.494135 -1.282825 1.137029 0.074199 -0.140077 -0.235974 0
-0.032245 -0.208873 -0.841901 -0.537834 -0.146828 -0.038257 -0.413993 -0.331761 -0.292044 0
0.490303 0.034021 -0.288103 -0.396294 -0.027631 0.278596 0.057336 -0.061865 -0.125308 0
-0.418676 -0.237477 -0.374713 -0.339192 -0.407792 -0.508869 -0.326862 -0.249576 -0.220879 0
-0.841340 -0.277855 -0.516894 -0.375003 -0.399305 -0.063421 -0.334057 -0.248201 -0.218658 0
-0.114130 -0.187929 -0.065462 -0.150998 -0.165424 -0.324735 -0.301542 -0.200676 -0.150960 0
-0.169956 -0.223011 -0.719467 -0.501844 -0.439699 0.232647 -0.432737 -0.331010 -0.291108 0
-0.603437 -0.256391 -0.053407 -0.058472 -0.426422 -0.255931 -0.295297 -0.196933 -0.154268 0
-0.652290 -0.265231 -0.547500 -0.419051 -0.420845 -0.324788 -0.415499 -0.307582 -0.262988 0
-0.581667 -0.263966 -0.915600 -0.547621 -0.574186 -0.492616 -0.445617 -0.347686 -0.296192 0
-0.811433 -0.269171 -0.249574 -0.300857 0.201981 -0.338610 -0.198629 -0.191580 -0.200820 0
-0.435785 -0.248876 -0.806990 -0.531865 -1.078601 0.189228 -0.397938 -0.329706 -0.295437 0
2.059456 0.163097 -0.734618 -0.499537 -0.670967 -0.144172 -0.429535 -0.331478 -0.284794 0
3.766492 0.728257 -0.773980 -0.527220 -0.713731 -0.019680 -0.409129 -0.334769 -0.305087 0
0.019428 -0.155907 0.635702 0.439001 -0.238123 0.083101 -0.297784 -0.092097 -0.018583 0
-0.849790 -0.278464 -0.815026 -0.542740 -0.439308 -0.482743 -0.416440 -0.336439 -0.305675 0
0.430875 -0.151081 -0.765254 -0.521185 -0.268800 -0.388952 -0.378026 -0.343143 -0.304463 0
-0.534391 -0.251005 -0.662013 -0.482802 -0.532120 -0.490107 -0.403673 -0.327098 -0.289351 0
0.219078 -0.181479 -0.909046 -0.565189 -0.316527 -0.196206 -0.435380 -0.342376 -0.302158 0
-0.560009 -0.261410 -0.832344 -0.537642 -0.786252 -0.209064 -0.483856 -0.364763 -0.309258 0
0.183502 -0.138063 -0.256385 -0.293585 -0.620841 -0.367679 -0.314141 -0.216551 -0.173931 0
-0.164936 -0.222432 -0.898310 -0.563713 -0.314137 -0.216843 -0.441591 -0.345274 -0.298617 0
0.518128 -0.107720 -0.595866 -0.457742 -0.450198 -0.262525 -0.311948 -0.287107 -0.262461 0
-0.686644 -0.271462 -0.835466 -0.526147 -0.666158 -0.509000 -0.462184 -0.346935 -0.310371 0
-0.850077 -0.272786 -0.368334 -0.370597 -0.859498 0.071543 -0.311005 -0.236414 -0.212122 0
-0.866832 -0.274605 -0.731170 -0.531492 -0.463422 1.029267 -0.339683 -0.329306 -0.289144 0
-0.755994 -0.274279 -0.880077 -0.556848 -0.956600 -0.487162 -0.498744 -0.383452 -0.317607 0
-0.650832 -0.270011 -0.901762 -0.546468 -1.152106 -0.491720 -0.441653 -0.346498 -0.301946 0
0.113477 -0.161480 -0.476722 -0.421215 -0.558962 -0.118800 -0.248751 -0.222516 -0.223094 0
-0.601206 -0.253282 -0.466580 -0.416762 -0.676531 -0.464650 -0.307706 -0.222267 -0.216903 0
-0.748825 -0.270839 -0.756440 -0.531712 -0.962356 -0.489117 -0.435198 -0.319894 -0.279007 0
-0.953725 -0.283430 -0.351325 -0.239724 -0.495958 3.499125 -0.320498 -0.206808 -0.165655 0
-0.667509 -0.266831 -0.731150 -0.490468 -0.630121 -0.508616 -0.400189 -0.288827 -0.254888 0
0.055591 -0.206079 -0.880377 -0.525536 -0.595378 -0.476429 -0.416134 -0.318832 -0.283307 0
0.765586 -0.088324 -0.784297 -0.536277 -0.670730 0.395474 -0.439067 -0.346831 -0.305687 0
0.217182 -0.155109 -0.646164 -0.470080 -0.799258 -0.071467 -0.320412 -0.287370 -0.256439 0
-0.775663 -0.271616 -0.501564 -0.364875 -0.366900 -0.467214 -0.324560 -0.248262 -0.209516 0
-0.736218 -0.268143 -0.677401 -0.507586 -1.305971 -0.494462 -0.427775 -0.330509 -0.285051 0
-0.071582 -0.216251 -0.657532 -0.446604 -0.865327 -0.211034 -0.470222 -0.338876 -0.295322 0
-0.768541 -0.272674 -0.790310 -0.529946 -0.630485 0.614867 -0.471126 -0.341076 -0.294959 0
-0.571438 -0.259421 -0.717794 -0.504197 -1.078504 -0.502844 -0.322241 -0.300553 -0.281782 0
0.525791 -0.028597 -0.523237 -0.487241 0.159720 -0.506150 -0.251650 -0.281670 -0.269219 0
-0.734681 -0.266514 -0.475651 -0.384839 -0.646255 -0.270445 -0.346104 -0.254827 -0.231199 0
-0.727997 -0.268531 -0.678028 -0.498002 -0.842712 -0.426069 -0.443413 -0.330364 -0.273971 0
0.032433 -0.201588 -0.817730 -0.529194 -0.191465 -0.505113 -0.415841 -0.340379 -0.293866 0
