8.839501 37.692509 7.196771 8.889330 10.189912 0.095878 19.522477 21.339600 21.793141 0
1.695064 4.360896 7.143027 8.773337 8.930630 -0.616371 15.852236 17.415261 18.123954 0
-0.636196 0.010280 4.542462 5.268832 3.477941 3.243490 3.111755 2.792017 2.632339 0
-0.480430 0.016238 4.013344 4.386611 2.728608 -0.474145 2.391329 2.419713 2.377609 0
-1.100475 -0.095602 4.753118 5.540338 1.576100 -0.429099 1.985043 2.086890 2.205089 0
-0.188011 0.085351 3.203579 3.175300 1.581361 3.542077 1.581171 1.776219 1.828775 0
0.532425 0.256455 2.325353 1.898278 4.241281 0.108583 2.939775 2.041123 1.564655 0
0.972517 0.237208 1.526252 1.118194 1.757135 -0.409337 1.678408 1.397653 0.987137 0
-0.445003 -0.047570 2.880335 3.190072 0.788127 -0.619007 0.989196 1.092613 1.163744 0
-1.310983 -0.141231 4.274427 5.273911 0.708072 -0.458469 0.840932 1.017798 1.139160 1
-0.519565 -0.074540 2.801244 3.180088 0.990437 -0.618647 0.659345 0.811168 0.924363 0
-0.261339 0.074403 1.996481 1.594432 1.999660 -0.119922 1.558796 1.530530 1.447636 1
0.883310 0.240677 2.284937 2.071159 1.835652 0.856656 2.008362 1.639318 1.300298 0
1.225335 0.298990 1.973043 1.563866 1.069045 -0.582234 1.121704 1.196417 0.988979 0
-1.220768 -0.123664 3.705270 4.097640 0.788490 -0.545684 1.104830 1.036889 1.046436 0
-1.158897 -0.120845 1.958204 1.561199 0.068313 -0.174592 0.349848 0.674301 0.804250 0
-0.276888 -0.035786 3.331583 3.682847 1.629960 -0.494763 1.187212 1.111749 1.103138 0
-0.988156 -0.115709 1.707780 1.582396 0.924713 -0.531344 0.933380 0.959466 0.837074 0
2.584485 2.282276 1.911392 1.205995 3.544043 0.277166 3.917324 3.195696 2.917215 0
-1.489583 -0.155705 3.220779 3.780288 0.185829 -0.559679 0.379401 0.676365 0.922586 1
0.402729 0.079756 1.940102 1.808375 0.815055 -0.565849 0.522516 0.734556 0.725035 0
-1.645320 -0.164374 3.670892 4.383831 0.964319 -0.578487 0.805648 0.844506 0.890547 1
-0.072987 0.017822 2.316820 2.401893 2.431001 -0.619084 1.491194 1.198871 1.101459 0
0.271677 0.035801 2.048501 2.050318 0.648674 -0.512162 0.572822 0.697439 0.715918 0
-1.195829 -0.143546 3.493384 4.287355 0.571291 -0.612104 0.630135 0.680392 0.731042 0
-0.922029 -0.085564 1.271579 0.627101 2.086835 -0.412095 1.657210 1.096365 0.614276 0
-1.257280 -0.126054 1.435612 0.960943 -2.361099 0.234556 1.551106 0.956755 0.720032 0
-0.879812 -0.118586 2.303606 2.420897 1.353669 0.658265 1.079388 0.887730 0.722859 0
-0.517521 -0.084424 2.168480 2.379532 0.974565 -0.542961 0.578563 0.604292 0.627281 0
-0.066633 0.173079 2.643951 2.449662 2.846138 1.411016 2.966343 2.250310 1.865993 0
-0.885888 -0.096752 1.895970 1.418732 0.962424 -0.345530 0.474126 0.440233 0.350792 0
-1.673180 -0.169184 2.583661 3.103915 0.197086 -0.348785 0.309458 0.483403 0.621713 1
-0.889717 -0.124933 1.825277 2.026792 0.890458 -0.057414 0.618686 0.557325 0.495584 0
-0.725444 -0.094594 1.786298 1.695101 0.825425 -0.336342 0.843713 0.747492 0.622327 0
-0.722669 -0.113764 1.720421 1.777749 1.099161 0.265806 0.669373 0.617741 0.555296 0
1.203720 0.139798 1.114746 1.032795 0.023804 -0.320734 0.133113 0.313315 0.397272 0
0.085871 0.008365 0.766196 0.347384 1.545008 0.528657 0.891702 0.589872 0.259878 0
-0.200057 -0.031758 1.475492 1.264388 1.123715 0.480039 0.984911 0.866464 0.722297 0
0.113538 0.043506 2.030783 1.975241 0.672024 1.380570 0.924381 0.971299 0.914863 0
-0.597895 -0.109022 1.174427 1.216467 0.596243 -0.106268 0.171112 0.263571 0.283749 0
-0.855691 -0.113178 1.936174 1.927866 0.448197 0.369482 0.546768 0.610655 0.650319 0
-1.055777 -0.136655 1.322976 1.241997 0.155253 -0.575733 0.106488 0.256234 0.227285 0
-0.185009 -0.047451 1.204574 1.077259 1.258257 -0.607851 0.780444 0.588053 0.445159 0
1.343184 0.226808 1.309858 1.021361 1.399165 -0.417285 1.184757 0.907209 0.655176 0
0.575820 0.054156 1.765164 1.657389 1.049637 -0.535876 0.627194 0.519287 0.413381 0
1.992172 0.337712 0.850777 0.737868 1.884012 -0.316271 0.912966 0.711158 0.566565 0
-1.303831 -0.150499 1.552813 1.571346 1.428406 -0.536089 0.617434 0.547522 0.501795 0
2.082031 0.426446 1.787357 1.365474 0.426465 -0.258158 0.128575 0.294960 0.363857 0
-0.487798 -0.022050 0.960202 0.391958 0.120484 0.046744 0.471747 0.414756 0.319429 0
0.031197 -0.011026 2.229334 2.194278 0.673389 0.244067 0.454945 0.532311 0.596618 0
-0.931691 -0.125487 1.287037 1.159525 0.912349 0.425845 0.567011 0.513852 0.406738 0
-0.813308 -0.100853 0.621667 0.269387 1.354792 -0.486975 1.345373 0.732043 0.404236 0
0.711431 0.147830 1.780649 1.387156 1.103699 -0.442693 0.764355 0.726830 0.703003 0
-0.514854 -0.059854 1.050623 0.875337 1.422777 -0.370764 1.048243 0.664495 0.593532 0
-0.725150 -0.103889 0.666048 0.300943 1.478662 -0.289088 0.519326 0.341080 0.143922 0
0.290035 0.028034 0.810734 0.489397 -0.456323 0.042522 -0.028539 0.249045 0.368480 0
0.381358 -0.019916 1.199315 1.230597 0.539931 0.084177 0.248702 0.317500 0.309163 0
-0.015517 -0.038592 1.149089 1.043040 0.567084 -0.618726 0.444352 0.543773 0.450489 0
0.927490 0.077469 1.510655 1.715992 0.295904 -0.226179 0.225680 0.310352 0.373844 0
-0.047697 0.028420 1.122447 0.716533 0.165088 -0.189376 0.291047 0.501051 0.575879 0
-0.510288 -0.075103 0.820974 0.557802 1.175895 -0.399987 0.968405 0.631048 0.443678 0
-1.211791 -0.137201 1.426079 1.351247 0.425058 -0.606406 0.481716 0.512920 0.579450 0
1.587683 0.167974 1.381519 1.546861 -0.122451 -0.581277 0.210019 0.364251 0.431521 0
-1.004090 -0.129293 1.960348 1.980107 0.640539 0.025252 0.438006 0.476294 0.513130 0
0.053533 -0.010292 0.874819 0.577912 1.989232 -0.217763 0.951184 0.624877 0.337324 0
0.509429 0.008410 0.791371 0.709267 0.289913 0.300976 0.207689 0.218804 0.211462 0
-0.410631 -0.088693 1.659356 1.782406 0.424133 -0.240317 0.352584 0.373940 0.432067 0
-1.367740 -0.127025 2.825988 2.484776 -0.334143 0.231372 1.080834 1.246196 1.312755 0
-1.422273 -0.166422 2.108725 2.475502 0.425165 0.494448 0.223824 0.256095 0.277039 0
-0.977497 -0.131989 1.559233 1.654947 0.180948 2.315830 0.314084 0.406118 0.429952 0
-0.471990 -0.042856 0.669500 0.320580 1.516529 0.417386 0.564931 0.491451 0.427569 0
-0.048148 0.106728 1.678893 1.001619 1.021499 0.887728 1.085901 0.953909 0.833620 0
0.996973 0.133207 0.742390 0.717128 1.013932 3.598868 0.538966 0.444771 0.418977 0
0.750478 0.091404 0.682170 0.419908 0.976370 0.263251 0.238885 0.216304 0.258674 0
0.050033 -0.017070 1.168415 1.102593 1.235812 -0.586204 0.450681 0.367817 0.411012 0
0.027180 -0.038810 1.086762 1.091830 -0.269313 1.677467 0.034010 0.175040 0.230058 0
-0.576181 -0.067603 0.703950 0.330521 2.977293 -0.603221 1.064341 0.716038 0.506595 0
-0.410549 -0.081056 2.057787 2.302328 0.327589 -0.517227 0.498962 0.462520 0.435690 0
-0.670081 -0.087240 1.232082 1.100013 -0.258782 -0.507313 0.153539 0.373921 0.511350 0
-0.432821 -0.097909 1.359584 1.596666 0.510648 0.222612 0.315307 0.332822 0.383234 0
0.369106 0.042944 0.156650 -0.138386 2.207232 0.387097 1.035267 0.650481 0.276058 0
1.093282 0.138835 1.044863 0.719971 -0.395156 0.683154 -0.016428 0.233357 0.353004 0
-0.200988 0.012221 1.183596 0.661827 1.981835 -0.562026 1.225159 0.680243 0.427852 0
0.693014 0.021265 1.359143 1.471072 0.550577 -0.192501 0.292975 0.275608 0.299020 0
-0.035961 0.034503 1.857346 1.440588 0.229944 1.661604 0.943676 0.822220 0.711628 0
-0.689449 -0.099583 1.562613 1.434775 -0.047129 -0.553932 0.257638 0.424343 0.517890 0
0.350279 0.046409 0.337274 -0.023260 0.825947 -0.538923 0.543378 0.382714 0.211152 0
-0.625140 -0.079808 0.042800 -0.300126 -0.412596 -0.133607 0.089453 0.013283 0.032890 0
-0.475953 -0.076139 0.073031 -0.174840 1.799541 -0.549390 0.838556 0.481259 0.176843 0
-0.136434 -0.056139 0.986703 0.699846 0.062610 -0.202619 0.090531 0.231258 0.270200 0
2.163920 0.423410 1.721522 1.336684 -0.466927 -0.411835 -0.118713 0.144162 0.349114 0
-1.020457 -0.143674 0.747644 0.830020 -0.054521 -0.233658 -0.006211 0.103071 0.149711 0
-1.307102 -0.149697 0.626173 0.332056 0.753784 -0.522266 0.540495 0.413927 0.259949 0
-0.974877 -0.072882 1.810382 1.242507 1.032284 -0.617904 1.028157 0.858429 0.793993 0
0.212687 -0.024783 1.222865 1.423737 0.066474 -0.295246 -0.028434 0.187531 0.322269 0
-0.254970 -0.088996 1.343781 1.653427 0.210411 0.485531 0.163987 0.148382 0.151378 0
-1.140155 -0.139622 1.281736 1.254858 1.074718 -0.609111 0.603296 0.367608 0.291186 0
0.347642 -0.019704 0.638523 0.567968 -0.429728 -0.505893 -0.166209 0.045767 0.161880 0
-0.353182 0.009367 2.611615 2.764472 0.686407 -0.349092 0.582146 0.594166 0.832558 0
-1.157435 -0.138948 1.237345 1.140170 -0.021095 -0.457771 0.208306 0.356879 0.420245 0
0.011272 -0.012806 -0.057136 -0.235416 1.375608 -0.581139 0.572491 0.283445 0.095775 0
1.347430 0.116691 1.281289 1.389050 -0.150384 -0.473235 0.025599 0.154396 0.212663 0
0.323254 0.044758 0.939098 0.678283 1.301337 -0.611821 0.799854 0.628680 0.543363 0
-0.031301 -0.053370 0.632070 0.664784 0.105833 -0.398393 -0.005517 0.153466 0.168927 0
-0.415556 -0.062930 0.589199 0.203523 1.167176 -0.311003 0.328809 0.109745 0.074234 0
-0.763731 -0.118187 0.959963 1.067711 -0.389356 -0.092566 -0.113399 0.104133 0.249602 0
0.149095 0.037376 0.831161 0.583027 0.477213 -0.593058 0.163110 0.374360 0.483778 0
-0.216411 0.011752 1.206764 0.677433 2.331618 -0.582177 1.261916 0.700302 0.441564 0
0.090160 0.035036 0.760884 0.267691 1.135101 -0.437962 0.112488 0.133508 0.221580 0
-0.391188 -0.055693 0.250930 -0.060812 2.582318 -0.135243 1.441641 0.616688 0.258196 0
0.158065 0.012444 0.574520 0.198921 0.164241 -0.614589 0.368882 0.279284 0.194015 0
-0.285244 -0.052310 1.114391 0.716561 1.517469 -0.205136 0.996127 0.657943 0.346230 0
0.792630 0.114402 0.600106 0.208843 -0.360396 0.081755 -0.033444 0.106345 0.100693 0
-0.901889 -0.128329 0.349415 0.232349 0.488141 -0.614303 0.229217 0.243583 0.182578 0
-1.520374 -0.166460 1.092375 1.162276 0.472316 -0.601061 0.254311 0.278868 0.212666 0
0.311876 -0.028138 1.227434 1.184521 0.014557 -0.601633 0.031686 0.211851 0.292392 0
-0.429485 -0.078729 0.113000 -0.122423 1.597063 -0.428594 0.496059 0.251401 0.133856 0
-0.957931 -0.125390 0.670174 0.350249 1.278700 -0.611157 0.588045 0.263894 0.030892 0
0.201009 0.067608 0.250618 -0.113873 1.041835 -0.456790 0.985565 0.551630 0.343909 0
-0.233259 -0.033098 0.482694 0.186937 1.256176 -0.544466 0.698557 0.480991 0.341929 0
-1.132371 -0.144467 0.144826 0.042877 1.874691 -0.617292 0.488481 0.258829 0.114692 0
-1.313857 -0.153324 1.558820 1.336099 -0.469046 0.636543 -0.228129 -0.064081 -0.003843 0
2.277408 0.257534 0.838806 0.808859 0.108582 -0.571552 -0.073429 0.081631 0.145227 0
-0.112218 -0.015397 0.669486 0.412773 0.682868 -0.361349 0.344505 0.379292 0.277108 0
0.579706 0.068070 0.514858 0.304561 0.633298 -0.479324 0.710777 0.486140 0.388788 0
-0.405653 -0.050320 0.428638 0.020425 0.994261 0.228029 0.313581 0.100659 0.067668 0
-0.234610 -0.057363 -0.055738 -0.249670 2.525280 0.455121 0.852410 0.368848 0.062487 0
0.979290 0.036682 1.131704 1.164358 -0.399107 2.149310 -0.088335 0.098476 0.201101 0
0.543677 0.092419 0.804955 0.368461 0.504503 0.977697 0.253145 0.369724 0.389595 0
2.878883 0.417359 0.644473 0.549790 0.118127 -0.415296 -0.114125 0.044420 0.178634 0
-0.825577 -0.119330 0.954918 0.801746 0.593515 -0.604201 0.332512 0.255565 0.226227 0
-0.290840 -0.071456 0.582559 0.514460 1.165595 -0.518406 0.326132 0.167481 0.142346 0
-1.036618 -0.144258 0.948041 1.021946 -0.088914 -0.457643 0.005770 0.098880 0.142064 0
-0.095273 -0.013281 0.315156 0.021569 2.807125 0.453145 1.161372 0.519759 0.198943 0
-0.162823 -0.076939 -0.014186 -0.063645 -0.253406 0.238431 -0.102614 0.031650 0.042777 0
0.304691 -0.009973 0.520850 0.439427 2.048555 -0.437701 1.062203 0.500650 0.256771 0
-0.558359 -0.062548 0.669814 0.343241 0.633312 -0.609711 0.528264 0.509621 0.447417 0
0.816051 0.034937 0.580069 0.665248 0.387126 0.772749 0.138077 0.096543 0.101934 0
0.472535 0.073093 1.385458 0.916202 -0.429720 0.802297 -0.209663 0.083798 0.215245 0
0.558856 0.063019 0.830784 0.420132 -0.801512 -0.166689 -0.068776 -0.018244 0.101875 0
-0.800261 -0.130776 0.458673 0.375272 0.410841 -0.183876 0.073766 0.099927 0.038093 0
-0.317142 -0.046459 -0.101602 -0.389646 0.694968 -0.523656 0.706124 0.277679 -0.019484 0
-0.423477 -0.102152 0.596522 0.523264 0.238360 -0.043950 0.124530 0.206627 0.151212 0
-0.322224 -0.062514 0.478330 0.398950 -0.289254 -0.606136 0.288747 0.154088 0.230190 0
0.214921 -0.011538 -0.163348 -0.335074 1.326096 -0.033085 0.545578 0.266810 0.061241 0
1.005131 0.087960 0.247987 0.179469 0.960718 0.159246 0.366818 0.287480 0.199422 0
-0.240438 -0.055456 0.568867 0.368500 -0.370939 -0.494781 -0.060103 0.096341 0.188024 0
-0.339055 -0.080088 0.601125 0.371009 0.344757 -0.387330 0.019535 0.081820 0.059719 0
-0.869599 -0.109810 0.938714 0.598940 0.442475 0.393383 0.169370 0.227308 0.253143 0
-0.990487 -0.144710 -0.211316 -0.248614 0.648082 0.039315 0.162480 0.056153 -0.131543 1
1.099381 0.101659 -0.337358 -0.373753 0.830947 -0.616090 0.061690 0.073201 -0.023838 0
-1.139427 -0.136389 0.192619 -0.056536 0.963689 0.530463 0.520479 0.275241 0.083986 0
-1.338843 -0.162568 -0.062077 0.018178 -0.954863 -0.528576 -0.555881 -0.225260 -0.117589 0
-0.837762 -0.128530 -0.063588 -0.206637 0.673089 1.389221 0.289053 0.192155 0.019400 0
1.949949 0.172772 -0.252628 -0.184181 1.048614 -0.615483 0.106376 0.088407 -0.020142 0
0.729634 0.042319 0.201621 0.202131 0.992802 -0.559401 0.285204 0.151051 0.140633 0
-0.275931 -0.063115 0.578497 0.456434 1.350059 0.253950 0.680345 0.429442 0.300921 0
-0.816379 -0.125989 0.034759 -0.154134 1.081703 -0.513010 0.533027 0.201380 -0.042918 0
0.086077 -0.063896 0.322468 0.379946 -0.609386 -0.613808 -0.417941 -0.108788 0.048109 0
1.219504 0.084133 0.509987 0.495252 -0.359058 -0.359333 -0.256548 -0.033915 0.037351 0
0.100656 -0.010049 0.037653 -0.133988 -0.078241 1.971244 0.121491 0.041228 0.093987 0
0.435213 0.015735 -0.076352 -0.356290 1.613629 -0.103995 0.542841 0.201382 -0.010120 0
-0.574538 -0.113323 0.603968 0.524653 0.069946 0.556813 -0.035276 0.044416 0.029774 0
-0.788983 -0.136961 0.053682 0.079646 -0.081806 2.094182 -0.306286 -0.087690 -0.080702 0
-1.092867 -0.151521 0.121949 -0.009683 0.981543 -0.167670 0.539823 0.172162 -0.082534 0
-0.288699 -0.067007 0.763258 0.414798 0.228267 1.560293 -0.050263 0.126778 0.141215 0
0.178239 -0.031725 0.599925 0.410351 0.139725 1.809161 0.053872 0.040821 0.052369 0
1.543710 0.118974 0.184679 0.208654 -0.180375 -0.454075 -0.172221 -0.043730 0.033020 0
-1.001668 -0.070430 1.873886 1.237782 1.732124 -0.373862 1.174479 0.918112 0.838954 0
-0.661397 -0.117602 0.114622 0.087317 0.304061 0.389247 -0.072363 0.004729 -0.000870 0
-0.002634 -0.033542 0.278548 -0.029246 0.661134 -0.618963 0.216766 0.237791 0.112109 0
-0.790515 -0.122572 0.339271 0.240394 0.275095 -0.084994 -0.183043 -0.087012 0.008164 0
-1.438366 -0.167957 0.158672 0.247654 -0.263649 0.922642 -0.023270 0.059146 0.059755 0
-0.548778 -0.077620 -0.097170 -0.324596 1.074934 0.832185 1.053342 0.464161 0.205127 0
-1.262866 -0.157590 0.851858 0.720863 -0.733235 1.894010 -0.417085 -0.236255 -0.056780 0
0.684691 -0.021915 0.504860 0.783394 0.532532 -0.600813 0.055196 0.012631 0.060301 0
-0.750515 -0.085810 1.157164 1.067369 -1.418145 -0.611371 -0.019772 0.027047 0.199459 0
-0.500898 -0.087158 0.142283 -0.069945 1.456787 -0.501609 0.715971 0.276250 0.086471 0
-0.011454 -0.030571 -0.134646 -0.333550 1.902654 -0.577189 0.673475 0.204775 -0.009527 0
-0.868330 -0.138951 0.473467 0.424074 -0.222218 -0.313476 -0.161673 -0.032692 -0.006635 0
0.675978 0.007475 0.251466 0.143484 0.199082 -0.407087 0.107722 0.068555 0.018670 0
-1.184930 -0.151458 0.466998 0.368627 0.881104 -0.285046 0.361678 0.197114 0.049988 0
-0.324565 0.064390 2.213179 1.830666 0.283338 -0.552295 0.877837 1.215055 1.420637 0
0.324457 0.000174 0.501962 0.373841 0.400290 -0.554433 0.312820 0.235433 0.202709 0
0.344741 -0.021691 -0.295856 -0.292436 -0.447944 0.112961 -0.460707 -0.197627 -0.089644 0
-0.639359 -0.104192 -0.096445 -0.254186 -0.866810 -0.557513 -0.359385 -0.213511 -0.136729 0
-1.107471 -0.142380 -0.179195 -0.284710 0.209397 0.009352 0.161557 0.110652 -0.005534 0
0.563798 -0.001989 -0.343532 -0.431830 0.428030 3.246385 0.130374 0.099164 -0.039628 0
-0.379513 -0.094346 0.497266 0.317940 0.174716 -0.570046 -0.267173 -0.122072 -0.116853 0
-0.225033 -0.077608 0.331535 0.222933 -0.241824 1.268610 -0.463577 -0.227205 -0.098952 0
1.615878 0.086249 0.243233 0.417783 -0.464722 -0.551268 -0.254567 -0.060416 0.024485 0
-0.661157 -0.131825 0.560512 0.794509 -0.317573 -0.543141 -0.024522 0.024084 0.030790 0
-1.195413 -0.149708 0.406012 0.335128 0.200940 0.521973 -0.009099 0.087940 0.089513 0
-1.440120 -0.161972 0.546925 0.382343 -0.187682 -0.115271 -0.282375 -0.079643 0.013110 1
-0.095607 -0.059227 -0.003993 -0.108315 -0.650031 -0.614524 -0.377811 -0.170017 -0.086151 0
-0.806229 -0.118486 0.266297 0.085395 0.076900 -0.545452 -0.273544 -0.104735 -0.032240 0
-0.350118 -0.106756 -0.103910 0.002895 0.593044 0.355452 -0.066063 -0.054559 -0.069417 0
-0.460355 -0.103950 -0.527783 -0.498258 0.361025 -0.346914 0.082646 0.046269 -0.079153 0
0.249576 -0.008660 0.780273 0.578030 0.268687 -0.363746 0.165811 0.166415 0.164680 0
0.791898 0.147407 1.035451 0.597556 -0.203175 0.550108 0.051321 0.124255 0.218517 0
-0.844538 -0.133438 0.198509 0.144946 0.880320 1.376391 0.209923 0.053505 -0.051635 0
-0.679751 -0.113699 0.296417 0.090799 -0.883164 0.008083 0.005024 -0.093301 -0.097374 0
1.470773 0.169442 -0.244713 -0.394311 -1.005787 -0.574493 -0.397876 -0.127577 -0.035147 0
-0.214813 -0.028524 0.149055 -0.151492 -0.160719 2.263167 0.211662 0.130568 0.143250 0
-0.418169 -0.077979 0.885144 0.678075 -0.060208 -0.300358 -0.077168 0.099031 0.213982 0
-0.770688 -0.117693 0.389550 0.312504 0.125805 -0.578348 0.073057 0.133765 0.152959 0
-1.014031 -0.140079 -0.090847 -0.137196 -0.339347 0.424592 -0.089256 -0.003461 -0.010543 0
-1.288777 -0.166488 0.629306 0.994639 -0.414607 0.284815 -0.314018 -0.130979 -0.014450 1
-0.358337 -0.075278 0.360101 0.216466 0.584378 -0.445392 -0.012528 0.050797 0.104869 0
0.143393 -0.040442 0.189406 0.096981 0.694142 -0.553540 0.001017 -0.053739 -0.036431 0
2.833210 0.257654 0.522496 0.742730 0.135009 -0.290879 -0.187214 -0.062504 0.029151 0
-1.305886 -0.145221 0.770601 0.366471 0.717153 -0.616329 0.422585 0.209698 0.101065 0
1.028127 0.124780 1.088703 0.847210 0.457584 -0.412718 0.017365 0.224189 0.280898 0
0.710848 0.002489 0.462457 0.512484 -0.312036 -0.393976 -0.112963 0.005844 0.054086 0
2.254372 0.207330 0.650035 0.793188 -0.311006 -0.475754 -0.211275 -0.058212 0.096374 0
-0.662533 -0.113823 -0.130755 -0.215880 -0.348973 -0.238850 -0.174597 -0.157880 -0.141591 0
-0.451823 -0.086544 -0.007847 -0.213061 -0.814391 -0.549392 -0.491828 -0.157659 -0.029427 0
-0.314497 -0.089286 -0.054482 -0.037597 0.643175 -0.549197 0.116522 0.040630 0.011728 0
0.150484 -0.024817 0.484936 0.162555 -0.537072 2.440012 0.365630 0.180249 0.003852 0
-0.476535 -0.094346 -0.079284 -0.221699 0.620497 -0.033674 0.170397 0.044543 -0.059031 0
0.921940 0.044726 -0.104735 -0.150300 -0.376966 -0.049622 -0.303515 -0.163758 -0.095925 0
0.855235 0.105313 -0.002304 -0.244932 0.762595 0.053468 0.280331 0.052537 -0.072143 0
-0.091286 -0.060103 0.082902 -0.105051 0.455509 -0.549860 -0.197756 -0.172340 -0.154411 0
-0.429771 -0.068651 0.129305 -0.174951 1.326138 0.449864 0.373475 0.143334 0.062181 0
1.421974 0.088669 0.478972 0.440292 -1.790629 -0.412309 -0.368595 -0.266825 -0.161865 0
2.064954 0.272847 0.130627 0.036434 0.450466 -0.570444 0.020257 0.073472 0.113604 0
2.614159 0.196686 0.026723 0.232650 0.117429 1.046216 -0.117252 -0.093134 -0.073767 0
-0.221414 0.002511 0.259051 -0.086000 2.032748 -0.416489 0.740460 0.453230 0.382380 0
0.433866 0.009922 0.305399 0.226779 1.064200 0.426003 0.292477 0.116306 0.074154 0
-0.865040 -0.139433 0.324537 0.444819 0.341935 0.553688 -0.049028 -0.062935 -0.081135 0
-1.699669 -0.178559 -0.196545 0.036400 -0.130803 -0.557026 -0.138701 -0.072694 -0.097642 0
0.198323 -0.046479 -0.214466 -0.261041 0.363225 -0.616360 0.072378 -0.010724 -0.089997 0
0.319772 -0.014328 0.273291 0.255359 0.293981 1.741061 0.046809 0.020357 0.069838 0
1.215253 0.027055 -0.210233 -0.142909 -0.417992 -0.275722 -0.180509 -0.023645 -0.090357 0
-0.542140 -0.091584 0.246856 -0.058734 -0.075393 0.105029 0.120662 0.022625 -0.012540 0
1.688532 0.104340 -0.848941 -0.628692 0.233399 -0.162083 -0.238522 -0.208122 -0.240938 0
1.581849 0.212591 0.331290 -0.038487 2.141001 0.008530 0.493719 0.053704 -0.088415 0
0.681607 0.056461 0.323361 0.069826 -0.191155 -0.610684 -0.239089 -0.057663 0.010525 0
1.049825 0.027937 -0.294099 -0.190159 0.476040 0.438038 -0.083723 -0.030508 -0.093600 0
-1.088148 -0.146282 0.094306 -0.029002 -0.612378 -0.222901 -0.415211 -0.196111 -0.108885 0
-0.279592 -0.080523 0.289783 0.098673 -0.769766 -0.508927 -0.197077 -0.001081 0.015828 0
-1.459551 -0.171163 -0.086319 0.191947 0.052309 0.540905 -0.192806 -0.142170 -0.125723 0
0.528193 -0.009300 0.079434 0.100255 -0.508168 -0.401255 -0.344444 -0.113664 0.013542 0
-1.403515 -0.147928 1.120961 0.635995 1.325205 0.046038 0.741161 0.382415 0.218675 0
-0.365993 -0.103308 -0.357515 -0.358064 1.107270 -0.460631 0.299081 0.043408 -0.125864 0
0.770750 0.008933 -0.346482 -0.369074 0.449228 3.399880 0.184323 0.024701 -0.088708 0
1.563621 0.172701 0.649256 0.474281 0.755464 1.174701 -0.123456 -0.018040 0.083054 0
0.916915 0.063867 -0.499860 -0.564324 1.156729 -0.405532 0.361249 0.109723 -0.081534 0
-0.901946 -0.126531 -0.028956 -0.179870 0.073869 -0.612915 -0.238568 -0.189439 -0.131730 0
-1.499531 -0.171200 0.157507 0.242282 -0.018057 0.048374 -0.152660 -0.071670 -0.072529 0
-0.598153 -0.094108 -0.057006 -0.289746 0.618144 1.825755 -0.025548 -0.089902 -0.180216 0
1.356254 0.034803 -0.035342 0.170090 -0.717611 -0.314406 -0.340362 -0.145713 -0.074789 0
0.706605 0.056767 0.490937 0.331089 -0.191734 -0.283738 0.163849 0.061765 0.091617 0
-0.311117 -0.113225 0.138507 0.445382 -0.361137 -0.161637 -0.259832 -0.084688 -0.032831 0
0.450134 -0.016793 0.217418 0.040373 -0.749664 0.761877 -0.414349 -0.145225 -0.037380 0
1.431459 0.062723 -0.128424 0.036191 -0.096345 -0.449252 -0.357264 -0.167048 -0.060090 0
0.787265 0.064067 -0.043972 -0.202730 1.413961 0.015423 0.745171 0.166642 -0.068103 0
-0.840810 -0.119229 0.134257 -0.155493 2.414261 0.217842 0.775844 0.319937 0.039638 0
0.435525 0.081138 0.014156 -0.278973 2.697204 1.444177 1.292969 0.553891 0.165515 0
0.127393 -0.029935 -0.344086 -0.403059 1.492516 2.464218 0.498027 0.144895 -0.036277 0
0.346885 -0.018789 -0.226673 -0.311016 -1.120451 0.053416 -0.343391 -0.308744 -0.150977 0
-0.945595 -0.142061 -0.438211 -0.420737 0.770509 -0.163839 0.256097 0.053230 -0.131294 0
-1.425998 -0.170503 0.241454 0.426083 0.166954 -0.107890 -0.112671 -0.055765 -0.030774 0
0.286975 -0.033319 -0.375846 -0.358942 1.009534 -0.424445 0.040239 -0.091324 -0.165035 0
0.347419 -0.043886 -0.276386 -0.142244 -0.619837 -0.515747 -0.535054 -0.249648 -0.089978 0
-0.199953 -0.072287 0.393141 0.266612 -0.770705 1.212823 -0.328359 -0.108344 0.022134 0
-0.734496 -0.131785 -0.383098 -0.334402 -0.700678 1.321212 -0.564317 -0.327675 -0.222788 0
1.022095 0.128076 -0.214617 -0.329009 1.186570 -0.544760 0.490657 0.208957 0.032876 0
0.529882 0.034921 -0.171809 -0.413850 1.885265 -0.619037 0.767752 0.242478 -0.117875 0
0.196205 -0.025348 -0.010533 -0.178611 -0.059142 0.752916 -0.323448 -0.225708 -0.159438 0
-0.604882 -0.098626 0.368280 0.168329 -0.583219 -0.618857 -0.401228 -0.182597 -0.035031 0
-0.277327 -0.048278 0.239568 -0.060710 1.675105 -0.265944 0.465149 0.089835 -0.023389 0
0.133010 -0.041327 0.292911 0.205952 -1.810585 -0.579995 -0.217171 -0.143683 -0.084999 0
-0.949079 -0.132056 0.138591 -0.092440 -0.344738 -0.595830 -0.145350 0.013659 -0.013769 0
0.165040 -0.054566 -0.055074 -0.123331 -0.064337 -0.144287 -0.054465 0.040199 -0.030458 0
0.776386 -0.017344 0.018580 0.072940 -0.916534 0.526221 -0.636827 -0.321534 -0.178330 0
-0.621983 -0.115708 -0.428352 -0.389753 0.458519 -0.614869 -0.121974 -0.093253 -0.102723 0
-0.073543 -0.092896 -0.130318 -0.042480 0.178190 -0.600231 -0.139314 -0.086075 -0.094269 0
-0.617631 -0.103258 0.255921 -0.039439 0.020135 4.078082 -0.133523 -0.170753 -0.123983 0
-0.933593 -0.131492 -0.007340 -0.116552 0.440793 -0.409080 0.104172 0.045941 0.020640 0
-0.282034 -0.018654 0.738551 0.223464 -1.059158 -0.591410 -0.320791 -0.139209 -0.018365 0
0.063280 -0.012153 0.648692 0.283860 0.303075 -0.467828 0.121628 0.043953 0.055175 0
0.265235 0.012032 0.249124 0.036983 0.178913 0.193191 0.131508 0.100071 0.151095 0
-0.853504 -0.137439 -0.067889 -0.082547 -0.018288 -0.607839 -0.092952 -0.052609 -0.068797 0
1.131049 0.117965 0.066403 -0.103265 0.172077 0.006591 0.203617 0.175612 0.131603 0
1.011654 0.030133 -0.005824 0.039671 -0.610647 -0.511367 -0.348434 -0.172892 -0.113160 0
0.606077 -0.007610 -0.430006 -0.430836 0.069805 -0.617754 -0.257129 -0.163882 -0.184059 0
-0.795563 -0.122022 0.135242 -0.013305 0.239160 -0.537861 -0.166765 -0.080454 -0.058043 0
0.033673 -0.012316 0.790295 0.423128 -2.230343 -0.057832 0.073673 0.109560 0.115057 0
-0.676931 -0.119556 -0.154202 -0.176306 -0.488380 0.396007 -0.169076 -0.083145 -0.089743 0
-0.497339 -0.086610 0.121696 -0.178467 0.989966 -0.532965 0.163550 -0.022782 -0.065012 0
0.690776 0.002084 -0.005845 -0.011944 -0.268767 -0.445002 -0.186409 -0.093708 -0.040827 0
1.498136 0.102260 -0.006895 -0.114799 -0.044089 -0.334341 -0.312197 -0.166849 -0.121122 0
-0.391051 -0.062197 0.521793 0.176951 1.593110 -0.021301 0.682646 0.195106 0.044165 0
-1.373418 -0.167301 -0.198894 -0.105299 0.445282 -0.508173 -0.009101 -0.061966 -0.138529 0
-0.649240 -0.095371 0.242162 0.013174 0.381974 0.951446 -0.030797 0.040406 0.061357 1
-0.444963 -0.050210 -0.281629 -0.482674 1.247841 -0.614623 -0.022791 0.009230 -0.045751 0
-0.688290 -0.133168 -0.451372 -0.198749 0.009662 -0.533736 -0.325316 -0.195592 -0.130476 0
0.123408 -0.053292 -0.331781 -0.398959 0.591233 -0.618338 -0.111229 -0.098735 -0.151209 0
-0.259939 -0.075310 -0.215010 -0.346033 0.224184 -0.296281 -0.186123 -0.158605 -0.172495 0
-1.188509 -0.148719 0.252016 0.139808 -0.578649 0.116051 -0.324824 -0.226788 -0.167904 0
-0.174000 -0.046458 0.321547 0.087959 0.038885 -0.482338 -0.339875 -0.191947 -0.117102 1
0.370916 -0.025726 -0.209768 -0.265660 1.085766 -0.278802 0.374836 0.045713 -0.061594 0
0.401939 -0.011752 0.262197 0.065491 -0.165266 1.516628 -0.306645 -0.274549 -0.234926 0
0.426165 -0.031863 -0.349524 -0.276877 -0.337843 -0.487450 -0.348305 -0.195801 -0.135086 0
-1.099152 -0.149484 -0.258332 -0.311869 0.800096 -0.324924 0.365876 0.018107 -0.196713 1
2.408473 0.495951 0.049297 -0.175092 1.174363 0.684280 0.531142 0.107398 0.122960 0
0.763482 0.009820 -0.194138 -0.183871 1.135390 5.491833 0.254207 -0.061160 -0.138383 0
-1.090406 -0.150392 0.074210 0.032133 0.329033 0.519813 0.092201 -0.040316 -0.077908 0
0.777647 0.001485 -0.484553 -0.362749 0.228192 0.708540 -0.112268 -0.104391 -0.112262 0
-0.758271 -0.117390 -0.044824 -0.214093 -1.439376 -0.617362 -0.346454 -0.334199 -0.200601 0
1.100481 0.085567 -0.477160 -0.597615 1.792723 2.689328 0.282427 -0.062137 -0.279266 0
-0.149223 -0.096870 -0.397411 -0.266187 -0.323405 -0.309413 -0.324809 -0.200353 -0.140439 0
-0.815065 -0.139531 -0.090922 0.079178 -0.763476 -0.418040 -0.631613 -0.313054 -0.137200 0
1.743150 0.185916 -0.562193 -0.575980 1.284109 -0.515483 0.305164 0.013150 -0.122339 0
1.159247 0.024544 -0.119319 0.103420 -0.227016 -0.454794 -0.091829 -0.103163 -0.118651 0
-1.263282 -0.161491 -0.535296 -0.478149 -0.518008 -0.509198 -0.500382 -0.324651 -0.304628 0
-1.114143 -0.144327 0.739793 0.542457 0.487874 0.388106 0.120089 0.018945 -0.032004 0
1.230825 0.078589 -0.332338 -0.264756 0.406290 -0.574952 -0.079405 -0.066856 -0.053512 0
0.124037 -0.068112 -0.373934 -0.292581 0.514011 -0.434942 -0.254844 -0.206580 -0.184680 0
-1.142171 -0.097938 2.978458 2.879926 0.005213 -0.596747 1.167453 1.268593 1.376424 0
1.076572 0.098323 0.586007 0.431987 -0.663562 -0.335591 -0.241471 -0.103917 -0.016708 0
1.004640 0.149880 1.012636 0.693156 -0.035025 -0.213794 0.493282 0.355335 0.322199 0
1.393242 0.075527 -0.362864 -0.420876 0.378112 -0.487563 -0.195714 -0.250671 -0.249243 0
-0.741396 -0.123753 0.010699 -0.157994 -0.942132 -0.544179 -0.423259 -0.291439 -0.216649 0
-0.503033 -0.114642 -0.405118 -0.332310 -0.781169 0.024420 -0.649743 -0.399329 -0.246217 0
-0.500733 -0.086742 0.091770 -0.132535 -0.168841 -0.229777 0.241873 0.096428 0.024497 0
-0.636248 -0.125201 -0.374770 -0.335357 -0.120172 -0.612879 -0.351723 -0.307385 -0.272088 0
-1.461865 -0.169004 0.284574 0.276750 -0.181052 -0.063801 -0.298641 -0.180763 -0.157216 0
0.453582 0.006490 0.150262 -0.074630 0.973029 -0.375754 0.159081 -0.027329 -0.063348 0
-0.803351 -0.135244 -0.120840 -0.112890 -0.291623 -0.606664 -0.247655 -0.101328 -0.093566 0
0.257295 -0.057078 -0.197610 -0.162998 -0.304634 -0.166431 -0.471791 -0.328916 -0.255042 0
-0.130906 -0.087708 -0.145910 -0.304216 -0.143648 0.404227 -0.157014 -0.184179 -0.260709 0
-1.301413 -0.159041 0.461068 0.360300 0.086566 -0.503403 -0.012354 -0.065219 -0.113092 0
0.488268 0.025335 -0.254122 -0.398792 1.511270 -0.251947 0.655624 0.157693 -0.129044 0
-0.006428 -0.038300 -0.281267 -0.398621 0.553761 -0.616946 0.400317 0.011035 -0.095843 0
1.302062 0.073923 -0.488652 -0.440117 0.292207 0.798491 -0.253477 -0.166751 -0.192782 0
-0.841376 -0.125957 0.325060 0.168745 -2.084546 -0.512905 -0.358353 -0.196701 -0.145805 0
-0.901977 -0.142685 -0.435154 -0.269559 -0.490899 -0.511994 -0.359629 -0.249016 -0.175280 0
-0.381519 -0.107684 -0.177562 -0.071774 -0.242656 -0.552059 -0.198143 -0.153351 -0.124565 0
-0.141266 0.060119 0.391646 -0.044795 -1.285542 -0.523211 2.509235 1.315785 0.668523 0
-1.314448 -0.167324 -0.262238 0.030451 -0.218030 -0.595222 -0.344970 -0.219463 -0.160787 0
-1.378919 -0.162385 -0.287644 -0.240307 -0.046722 1.544339 -0.357527 -0.245517 -0.188241 0
0.048218 -0.027911 -0.467846 -0.550168 0.068670 -0.596812 -0.090384 -0.125343 -0.142749 0
0.457064 -0.013231 -0.448456 -0.404039 -0.645111 0.277240 -0.194501 -0.250878 -0.180428 0
-1.537930 -0.174459 -0.013920 0.106514 -0.546141 0.332362 -0.548648 -0.321657 -0.208090 0
0.300232 -0.010996 0.140588 -0.035499 -0.211841 -0.585798 -0.250995 -0.143015 -0.084997 0
1.845752 0.219410 0.417718 0.487605 -1.861745 0.902091 0.062577 0.136184 0.197441 0
-0.051017 -0.083080 -0.215792 -0.211064 -0.207076 -0.011101 -0.267443 -0.210791 -0.183534 0
0.768561 0.201384 1.370356 1.009616 0.517614 0.137071 0.698211 0.611610 0.679847 0
-1.157450 -0.162603 -0.362452 -0.146820 -0.784962 0.450775 -0.676471 -0.386988 -0.239394 0
0.032049 -0.019707 -0.318774 -0.480360 1.168011 0.048774 0.377211 -0.018622 -0.210832 0
0.796966 0.024864 -0.309560 -0.388882 -1.028641 -0.377361 -0.402658 -0.308200 -0.231812 0
-0.521923 -0.104298 -0.188996 -0.251141 -0.797728 -0.608942 -0.411295 -0.298450 -0.186509 0
1.779566 0.080321 -0.378043 -0.198108 -1.219406 -0.577432 -0.574290 -0.294376 -0.161538 0
-0.348676 -0.014187 1.690734 1.292561 -1.368435 -0.618367 0.923145 1.008738 0.893258 0
-1.050888 -0.153525 -0.154158 -0.031443 -0.671501 -0.415739 -0.470623 -0.289584 -0.197160 0
1.277669 0.138800 -0.115588 -0.295150 1.361800 1.163686 0.155366 -0.001635 -0.144128 0
-0.680273 -0.136087 -0.308105 -0.085057 -0.001922 -0.608942 -0.247869 -0.159885 -0.151233 0
0.240173 -0.028623 -0.116765 -0.186745 -0.628650 0.933747 -0.300117 -0.244753 -0.174151 0
-1.402107 -0.165988 0.304318 0.284652 0.707519 -0.410934 0.059070 -0.100518 -0.157851 0
-1.014485 -0.146542 -0.211975 -0.113776 -1.291414 -0.613864 -0.586280 -0.328274 -0.185714 0
0.096724 -0.008557 0.353664 0.016541 -0.941071 -0.229464 0.122998 0.183181 0.109352 0
-0.858277 -0.138779 -0.429222 -0.355838 -0.818992 -0.590459 -0.501207 -0.294057 -0.203763 0
-1.389030 -0.164132 -0.001285 -0.032530 -0.704309 1.915076 -0.349737 -0.316678 -0.166211 0
-0.782822 -0.114801 -0.146940 -0.323386 -0.791086 -0.495193 -0.342291 -0.119632 -0.090153 0
-1.093411 -0.157603 -0.482537 -0.306450 0.107906 0.198790 -0.138118 -0.132365 -0.186108 0
-1.114621 -0.153655 -0.131521 -0.054594 -0.400261 -0.456462 -0.500877 -0.412594 -0.222714 0
-0.589335 -0.074953 0.593757 0.133305 0.332481 9.293073 0.292574 0.128349 0.076440 0
0.755274 -0.010755 -0.300094 -0.241936 -0.611702 -0.080272 -0.268616 -0.128973 -0.105111 0
0.119324 0.020936 -0.379314 -0.557691 0.079324 -0.282366 0.071529 -0.084678 -0.078345 0
0.640711 -0.008103 -0.178753 0.006102 -0.086486 -0.574758 -0.452524 -0.236751 -0.087937 0
0.791062 -0.002285 -0.503593 -0.436318 0.271279 -0.343833 -0.293994 -0.249947 -0.277917 0
-0.493212 -0.110426 -0.466943 -0.458907 0.505140 -0.532109 -0.125745 -0.178654 -0.228812 0
-0.468105 -0.077270 0.172628 -0.105191 0.301682 -0.273251 0.608531 0.171462 -0.060894 0
-0.021778 -0.027361 0.879187 0.539073 -1.034535 -0.332774 -0.184667 0.021008 0.130460 0
-1.001573 -0.129997 0.043255 -0.164180 1.241570 1.336873 0.604478 0.147560 -0.024089 1
-0.819720 -0.135162 -0.577363 -0.474037 -0.138291 -0.536394 -0.259291 -0.210546 -0.212138 0
0.318342 -0.055868 -0.592696 -0.414444 0.007525 -0.506621 -0.026666 -0.113807 -0.165040 0
-1.116764 -0.159344 -0.396338 -0.077060 -0.472625 -0.561744 -0.505095 -0.340287 -0.243497 0
0.567169 -0.019206 -0.192286 -0.166060 -0.285853 -0.497010 -0.375108 -0.285889 -0.223039 0
0.949919 -0.014066 -0.297380 -0.111975 -0.055453 -0.201271 -0.452639 -0.257113 -0.150684 0
-1.219483 -0.145956 -0.318290 -0.441856 -0.230325 -0.616547 -0.021357 0.029890 -0.039438 1
0.040309 -0.067755 -0.497962 -0.443309 0.899123 -0.438226 0.040303 -0.129553 -0.215940 0
-1.367338 -0.157471 0.058364 -0.161184 0.139798 -0.282777 0.212702 0.022825 -0.055603 1
-0.215106 -0.110865 -0.487506 -0.250416 -0.861159 -0.590844 -0.631106 -0.353347 -0.254731 0
-1.047812 -0.133600 0.126550 -0.141396 0.385358 -0.596535 0.257096 0.025894 -0.131234 0
0.115021 0.006608 0.697512 0.235427 -0.818575 0.232934 -0.201106 0.008556 0.085834 0
-0.413145 -0.088755 -0.327882 -0.450088 1.419685 -0.335734 0.136239 -0.046341 -0.180503 0
-0.059535 -0.002539 1.102274 0.613313 -1.268023 -0.406032 0.487728 0.241786 0.270436 0
-1.408207 -0.162693 -0.192367 -0.230279 0.051143 -0.618601 -0.258152 -0.134913 -0.070699 0
-0.982701 -0.149205 -0.372793 -0.320885 0.192521 -0.602949 -0.081476 -0.127163 -0.174454 0
-1.150809 -0.157155 -0.639760 -0.442312 -0.337475 -0.231783 -0.472693 -0.289435 -0.240302 0
-1.335929 -0.168084 -0.368610 -0.130103 -0.323713 -0.613366 -0.396355 -0.278082 -0.207992 1
0.371367 -0.066053 -0.000120 0.201389 -0.330039 -0.593956 -0.326999 -0.205507 -0.104743 0
-0.646038 -0.117319 -0.238583 -0.271695 0.237189 -0.584901 -0.244095 -0.217675 -0.174295 0
-0.506083 -0.077822 0.196439 -0.081636 1.356329 -0.475503 0.691399 0.210413 -0.038803 0
0.176785 -0.047717 -0.370133 -0.435326 0.563690 -0.009659 0.036760 -0.014065 -0.140568 0
1.710160 0.157591 -0.572567 -0.530377 0.783551 -0.260053 0.169954 0.000043 -0.107341 0
0.061769 0.002559 0.332432 -0.060329 0.986605 -0.311963 0.475416 0.148289 0.017384 0
1.025566 0.016807 -0.796882 -0.596124 0.437152 -0.611789 -0.097968 -0.198162 -0.261489 0
-0.253272 -0.104690 -0.163193 -0.096817 -0.166643 0.147638 -0.369795 -0.249316 -0.182420 0
1.017825 0.101335 -0.257245 -0.382478 -0.376316 -0.367564 0.023093 -0.150061 -0.158201 0
1.530674 0.072321 -0.015642 -0.038495 -0.280837 -0.216656 -0.349166 -0.238338 -0.178029 0
-1.592653 -0.174479 0.601158 0.854961 -2.101157 -0.230909 -0.169029 -0.051577 0.001124 0
-0.040789 -0.086105 -0.193672 -0.231130 0.184488 -0.073082 -0.239265 -0.252688 -0.249489 0
-0.196256 -0.076286 0.227253 0.029026 -0.323133 2.840450 -0.470974 -0.267634 -0.191428 0
-0.595302 -0.109343 -0.190116 -0.343090 0.461382 0.477560 0.007745 -0.103792 -0.188752 0
2.253642 0.139571 -0.511706 -0.245524 -0.224619 -0.588407 -0.367196 -0.277898 -0.218118 0
-0.216539 -0.089886 -0.770214 -0.628310 0.507137 -0.566187 -0.095332 -0.139058 -0.200702 0
-0.590064 -0.106999 0.121175 -0.111372 1.050067 -0.206009 0.141230 -0.086885 -0.158493 0
-0.451313 -0.104565 -0.384363 -0.385562 -0.133022 -0.323830 -0.195796 -0.195974 -0.183103 0
1.820636 0.270836 1.601991 1.332795 -0.231758 -0.537251 -0.054955 0.212895 0.337150 0
1.547254 0.108238 -0.420709 -0.345139 0.388755 -0.612157 -0.054903 -0.113529 -0.157388 0
-0.923380 -0.107012 1.860537 1.567485 -1.405525 -0.326155 0.500599 0.650020 0.644803 0
1.496457 0.141582 -0.088100 -0.248773 -0.039937 1.615872 -0.378053 -0.216122 -0.172247 0
-0.842219 -0.118871 0.109384 -0.139905 -2.070711 -0.612926 -0.176356 -0.160195 -0.053034 0
-1.182153 -0.165815 -0.636273 -0.325257 -0.536518 -0.194282 -0.427662 -0.330193 -0.277589 0
-0.866674 -0.133669 -0.126206 -0.158099 0.841067 -0.031021 0.324986 0.010263 -0.136417 0
0.624607 0.010516 -0.587097 -0.610607 -0.302132 -0.542487 0.075868 -0.151081 -0.223532 0
0.763835 -0.025229 -0.512356 -0.284567 -0.180423 -0.610471 -0.171062 -0.191377 -0.197745 0
1.042612 0.014178 0.099029 0.177362 -0.658804 0.535069 -0.522623 -0.337046 -0.194074 0
0.674027 -0.050943 -0.492337 -0.277139 -0.398805 -0.155166 -0.481319 -0.334593 -0.258145 0
-0.064355 -0.062104 -0.376587 -0.406147 0.290477 -0.560234 -0.078583 -0.151343 -0.259549 0
-0.070206 -0.078667 -0.556886 -0.491378 -0.819489 -0.611789 -0.497562 -0.293700 -0.199725 0
-1.456340 -0.170850 -0.312263 -0.176657 -0.037678 -0.414105 -0.190184 -0.186311 -0.163505 1
-1.101467 -0.162098 -0.238278 0.135841 -0.577644 -0.131894 -0.517795 -0.346265 -0.267495 1
0.132592 -0.052446 -0.305889 -0.290871 -0.267803 -0.367326 -0.519199 -0.273815 -0.185535 0
-0.952823 -0.152824 -0.614657 -0.410822 -0.039725 1.302379 -0.244381 -0.241407 -0.252410 0
-1.523567 -0.171934 -0.228620 -0.022858 -0.044912 0.930995 -0.358230 -0.264235 -0.155206 0
-0.836228 -0.142528 -0.427574 -0.271926 -0.988246 -0.035768 -0.435260 -0.314534 -0.208183 0
1.132551 0.119744 -0.343544 -0.453340 2.102055 0.964913 0.622740 0.041659 -0.193514 0
1.106557 0.126093 -0.220567 -0.465615 1.770063 0.280091 0.160654 -0.043926 -0.211129 0
1.663526 0.113393 -0.310843 -0.287784 -0.016014 -0.598640 -0.206911 -0.107678 -0.098103 0
-0.685629 -0.106707 0.664950 0.451054 -1.387234 -0.618355 -0.296626 -0.115481 0.018592 0
-0.936585 -0.139529 0.022695 0.016628 0.771548 -0.605412 -0.029335 -0.157315 -0.101750 0
-0.873413 -0.139514 -0.232957 -0.139446 -0.897328 -0.595384 -0.428375 -0.287542 -0.171957 0
-0.623704 -0.129035 -0.214795 -0.185676 0.650563 0.943207 -0.106409 -0.156143 -0.162513 0
1.814683 0.109416 -0.775187 -0.626446 0.365530 0.147825 -0.280932 -0.276035 -0.291423 0
-0.542220 -0.085692 0.135939 -0.184068 1.578422 -0.228646 0.378589 -0.043443 -0.116055 0
0.001715 -0.017605 -0.036846 -0.228240 -0.377897 -0.594528 0.178970 -0.063987 -0.071161 0
0.317276 -0.029786 -0.413300 -0.406055 0.800780 -0.027106 -0.107514 -0.246647 -0.195337 0
-0.737409 -0.128118 -0.410233 -0.427005 1.399372 1.791782 0.210578 -0.077266 -0.253682 0
-0.720101 -0.122321 -0.029060 -0.169694 -0.316853 0.121868 -0.161823 -0.157180 -0.171076 0
1.448144 0.141812 -0.832650 -0.720989 0.551809 -0.120920 -0.038649 -0.170813 -0.239179 0
-0.577528 -0.091853 0.234318 -0.082728 1.511277 0.748658 0.448167 -0.012898 -0.096612 0
-0.876931 -0.147099 -0.016846 0.130978 -0.511900 -0.076020 -0.343483 -0.230853 -0.147364 0
-1.564312 -0.176519 -0.155982 0.244017 -0.223096 0.940282 -0.408636 -0.283992 -0.219622 0
0.375811 -0.042288 -0.575409 -0.445944 -0.372040 2.454493 -0.429776 -0.292778 -0.204983 0
0.431954 0.039379 1.094804 0.741263 -0.250175 -0.563934 0.217128 0.265695 0.254722 0
-0.560013 -0.110773 0.072686 -0.113934 0.342934 -0.619077 0.018745 -0.045891 -0.137866 0
-0.417835 -0.109848 -0.412604 -0.377589 -0.854372 -0.617249 -0.484749 -0.311492 -0.231415 0
0.593727 0.072844 0.709996 0.256476 0.192099 -0.613642 0.232891 0.186358 0.129368 0
1.365676 0.099885 -0.269708 -0.340245 0.154071 0.174486 -0.212175 -0.177864 -0.158424 0
1.692366 0.162264 -0.574108 -0.600525 0.336569 -0.606785 0.087888 -0.134676 -0.261440 0
-0.409469 -0.095306 0.326419 0.176178 -2.379548 -0.586488 0.095371 0.060362 0.021320 0
-0.045127 -0.071603 -0.691506 -0.628581 -0.006139 2.136340 -0.299642 -0.214007 -0.283189 0
0.445200 -0.039062 -0.463451 -0.360552 -0.004525 -0.362036 -0.395068 -0.306514 -0.248062 0
-0.684045 -0.116226 -0.326554 -0.388801 -0.204851 -0.082104 -0.144884 -0.162924 -0.136553 0
0.500649 0.004408 -0.072568 -0.244638 -0.113324 -0.554629 -0.172118 -0.151193 -0.113900 0
0.298848 -0.035354 -0.418036 -0.484025 0.195121 -0.589807 -0.273868 -0.214293 -0.201203 0
2.716287 0.253257 -0.174439 -0.167256 -1.052359 0.041161 -0.545408 -0.318002 -0.210527 0
0.319639 0.014486 0.358753 0.081392 -0.995635 -0.383673 -0.160881 -0.076604 -0.044752 0
0.552748 -0.014622 0.216076 0.234553 0.566869 0.875493 -0.132561 -0.147370 -0.141449 0
-0.015275 -0.078796 -0.363385 -0.248990 -0.640427 0.163438 -0.418706 -0.273440 -0.181299 0
-1.407158 -0.166622 -0.424897 -0.358631 -0.134155 -0.597248 -0.132020 -0.141101 -0.195076 0
1.041787 -0.002422 -0.838260 -0.667405 0.021940 -0.308531 -0.173293 -0.187785 -0.295078 0
2.378058 0.218480 -0.511933 -0.394703 -0.217830 -0.149990 -0.126650 -0.135498 -0.138550 0
-0.896153 -0.142207 -0.625716 -0.560154 -0.220955 -0.529716 -0.526077 -0.383620 -0.296991 0
-0.975859 -0.139306 -0.399612 -0.490078 0.030056 -0.350491 -0.099730 -0.176631 -0.253643 0
1.907357 0.244829 -0.476117 -0.522723 -0.418303 0.730010 -0.332930 -0.137236 -0.091486 0
0.744807 -0.005223 -0.853323 -0.679513 0.201389 -0.386864 -0.127829 -0.253185 -0.301724 0
-1.419858 -0.158236 -0.038709 -0.283707 1.123812 -0.437674 0.500306 -0.017837 -0.194185 0
1.224052 0.117812 -0.366920 -0.490647 1.037362 -0.297792 0.431161 0.013423 -0.167588 0
1.071876 0.041577 -0.265617 -0.280657 -0.465733 -0.198841 -0.401467 -0.274459 -0.179131 0
-0.255129 -0.100719 -0.600298 -0.473981 -0.405181 1.757605 -0.522881 -0.376421 -0.258967 0
-0.182328 -0.013175 0.259966 -0.127501 0.676329 -0.311529 0.642689 0.341339 0.158070 0
-0.719651 -0.139846 -0.773968 -0.503220 -0.506418 1.876693 -0.440771 -0.279052 -0.239078 0
0.299420 -0.039998 -0.469888 -0.449217 -0.424111 -0.291191 -0.383609 -0.274048 -0.211912 0
-0.388321 -0.065537 0.194860 -0.129955 -1.403138 -0.446642 -0.349611 -0.290979 -0.165601 0
1.101687 0.044091 -0.444321 -0.369459 0.544836 -0.561025 -0.338750 -0.264094 -0.182174 0
-0.582511 -0.108160 0.141875 -0.030195 -1.054975 -0.503965 -0.401974 -0.284844 -0.121754 0
0.878801 0.079409 0.232386 -0.032645 -0.841123 0.237649 -0.518387 -0.299627 -0.185958 0
-0.825003 -0.142253 -0.706792 -0.510127 -0.515514 -0.378326 -0.435407 -0.285877 -0.253730 0
-1.146240 -0.152451 -0.467549 -0.397773 0.195092 -0.471558 0.012352 -0.233914 -0.192749 0
-1.295420 -0.163768 -0.401879 -0.319527 0.056003 0.333663 -0.361696 -0.279858 -0.252579 0
-1.406658 -0.166991 -0.462168 -0.375439 0.358840 -0.209928 -0.371776 -0.270179 -0.201323 0
-1.363470 -0.164025 -0.652375 -0.588929 0.335595 -0.558747 -0.188555 -0.158608 -0.222412 0
0.602936 0.047216 -0.583582 -0.626664 2.003373 3.191096 0.741089 0.140488 -0.152925 0
1.274419 0.176265 -0.030491 -0.310039 0.107134 4.136594 0.146147 -0.000495 -0.143197 0
-0.221272 -0.081003 -0.588503 -0.611723 -0.041306 -0.618567 -0.286968 -0.270906 -0.343161 0
-0.543123 -0.122617 -0.653154 -0.504354 -0.760972 -0.400512 -0.703047 -0.413356 -0.289102 0
0.608977 -0.000003 -0.023696 -0.105687 -0.489169 -0.618047 -0.250838 -0.176353 -0.114169 0
0.164447 -0.028275 -0.335577 -0.458383 -1.070375 -0.317398 -0.485944 -0.287948 -0.216743 0
-0.184155 -0.101888 -1.048097 -0.773972 -1.883959 -0.616867 -0.776143 -0.538013 -0.409312 0
0.753104 -0.006008 -0.429266 -0.437456 1.439257 -0.552786 0.140476 -0.115578 -0.263753 0
-0.751750 -0.145663 -0.631788 -0.286279 -0.511105 0.517102 -0.562840 -0.397403 -0.312087 0
0.909112 0.056056 -0.476490 -0.545230 -1.205611 -0.618680 -0.333037 -0.321804 -0.233524 0
-1.203720 -0.161302 -1.022302 -0.731767 0.448209 -0.610630 -0.180289 -0.201096 -0.269731 0
-1.531838 -0.174733 -0.689598 -0.440839 -0.325885 -0.618942 -0.438020 -0.316000 -0.270890 0
1.524474 0.052688 -0.486603 -0.293241 -0.551284 -0.078534 -0.537346 -0.330117 -0.245538 0
-0.143798 -0.061856 0.301151 0.079302 -1.329208 -0.040228 0.441565 0.294150 0.131363 0
1.333436 0.085667 -0.666365 -0.626475 -0.152065 -0.439217 -0.307711 -0.240461 -0.273826 0
0.505512 -0.020567 -0.527358 -0.469221 -0.111737 0.767435 -0.436509 -0.350086 -0.301673 0
-1.266791 -0.162647 -0.558212 -0.473163 1.017615 -0.602848 0.128792 -0.120649 -0.290139 0
-1.095247 -0.119781 -0.071368 -0.392448 -0.078669 0.237754 0.448660 0.011123 -0.134391 0
-1.153558 -0.155348 -0.143700 -0.142143 0.314089 -0.374523 -0.389287 -0.237793 -0.200919 0
