3.637218 22.326961 7.307731 8.831057 10.794028 11.532072 19.366077 21.462758 22.435665 0
2.117750 7.286617 7.357379 8.969740 8.264221 5.741734 12.190479 12.945806 13.164362 0
2.438650 5.055379 7.222356 8.734777 5.425674 5.456918 7.267913 7.822879 8.263596 0
-0.512570 0.160680 5.764697 6.819174 2.566670 -0.272478 2.650997 2.568948 2.411289 0
0.503553 0.579022 3.048663 2.663410 3.651984 -0.221972 3.002168 2.303304 1.757259 0
-0.087153 0.261746 2.689927 2.045626 2.284654 0.168452 1.954424 1.857695 1.470606 0
0.348108 0.880789 3.233406 2.661364 4.273080 0.508078 3.542798 2.989212 2.703475 0
-0.652336 0.082632 3.349194 3.016190 4.034490 0.982620 2.466480 1.930140 1.714768 0
-0.566478 0.014200 3.250584 3.194954 1.271373 -0.090277 1.520209 1.429798 1.350312 0
-1.373756 -0.171790 3.664202 3.877445 1.489087 -0.289424 1.552404 1.265137 1.123947 1
-0.796768 -0.048891 2.981969 2.792751 2.137234 -0.054227 1.759246 1.472159 1.266216 1
-0.016074 0.307509 2.168201 1.441811 2.316598 -0.229327 1.992943 1.633810 1.245880 0
1.365545 0.407369 2.789906 2.806458 1.322280 0.857500 0.920517 0.898701 0.799968 0
-1.518711 -0.194911 3.288922 3.278202 1.592695 -0.268628 0.919913 0.793766 0.697740 0
0.014704 0.027653 2.625318 2.765352 1.249280 -0.288423 0.794009 0.722196 0.687725 0
-1.067175 -0.133636 2.223341 1.884223 1.916275 0.437658 1.479236 1.074951 0.799411 0
-0.581748 -0.102532 2.827061 2.825586 0.927743 -0.239203 0.740240 0.721062 0.613594 0
-0.544056 0.063665 2.098322 1.385101 2.032648 -0.256625 1.728962 1.301255 1.044171 0
-0.096927 0.246487 1.889996 1.216881 3.681945 0.708164 2.332064 1.549899 1.078178 0
-0.906390 -0.155477 2.770989 3.092658 0.900823 -0.086948 0.626910 0.593132 0.533616 0
-0.495477 0.028847 2.000828 1.325506 1.373117 -0.291368 1.270874 0.945760 0.745569 0
-1.112230 -0.151080 2.187961 1.877755 0.120500 -0.255563 0.502232 0.682529 0.720524 0
-1.083730 -0.147604 1.984722 1.656474 0.952693 -0.268637 0.777268 0.738934 0.645629 1
-1.092084 -0.132785 2.026085 1.475615 1.179495 -0.289931 1.250179 0.948742 0.719373 0
1.057281 0.276764 1.696405 1.569397 1.535105 -0.240639 0.737379 0.580488 0.435900 0
-0.110519 0.024875 2.258803 2.156961 0.763775 -0.291004 0.611634 0.562670 0.518747 0
-0.492927 -0.036586 1.961478 1.464088 1.818851 -0.271132 1.135348 0.946560 0.718848 0
-0.228024 -0.055076 1.353604 1.163342 2.282197 -0.097127 1.028861 0.645153 0.394934 0
0.095322 0.065068 1.178749 0.728910 1.703541 -0.285179 1.134497 0.795042 0.487448 0
0.092529 0.131994 1.452047 1.101096 1.556105 -0.187023 1.283927 0.823542 0.550244 0
-0.551336 -0.102288 1.292650 1.006863 1.799350 -0.275172 0.999237 0.558958 0.307183 0
0.972292 0.138145 1.155486 1.115577 0.227902 -0.250411 0.248933 0.300989 0.299807 0
-1.357834 -0.204508 1.400436 1.210464 1.350679 -0.272169 0.780919 0.540903 0.338374 1
-0.456366 0.142569 1.956550 1.025463 3.450255 -0.053036 2.220640 1.419323 0.843412 0
0.012188 0.016365 1.121529 0.641013 2.195506 -0.239534 1.186358 0.557035 0.196239 0
-0.485269 0.043212 1.152287 0.545962 2.189783 0.365674 1.133050 0.796607 0.647831 0
0.460034 0.576995 1.455040 0.627893 3.039344 0.382830 1.613482 1.103952 0.836762 0
-1.591655 -0.231320 2.556857 2.945246 0.053651 0.004033 0.166728 0.268718 0.314891 1
0.587674 0.751687 0.977396 0.146257 3.073477 -0.261029 2.016954 1.193613 0.620190 1
1.206156 0.148415 1.497267 1.521838 0.265507 -0.281078 0.078606 0.207257 0.276638 0
-0.604514 -0.038360 1.202131 0.691159 0.700979 -0.291459 0.837605 0.558578 0.335523 0
-0.793993 -0.040146 1.848618 1.179139 1.929786 0.453527 1.549975 0.894979 0.608194 0
-0.590063 -0.114837 1.459122 1.138319 2.011540 -0.288666 0.835153 0.458068 0.225786 0
-1.122953 -0.179540 1.457512 1.106053 0.786550 -0.098233 0.523894 0.380829 0.240231 0
-0.970354 -0.097074 1.431093 0.772733 0.782405 0.379527 0.861862 0.639174 0.407595 0
-0.400066 -0.060040 0.889569 0.691846 0.704133 -0.227546 0.767438 0.582542 0.449772 0
1.019903 0.163105 0.865398 0.635415 2.072081 0.165033 0.765049 0.452498 0.220988 0
0.256437 0.009657 0.923388 0.745762 1.595675 -0.197978 0.567309 0.307491 0.156556 0
1.096015 1.406526 1.685595 0.725012 2.901365 0.002887 2.556398 1.699516 1.168348 0
-0.489325 -0.112950 1.662917 1.744752 -0.024007 0.040365 0.181296 0.295137 0.359344 0
-1.143475 -0.172029 1.657560 1.572488 -0.095065 -0.230281 0.158506 0.247633 0.337006 1
0.855412 0.100448 0.832669 0.623453 0.978403 -0.222971 0.473210 0.328953 0.202447 0
-1.330570 -0.191593 1.133252 0.853239 -0.156135 0.090553 0.064071 0.189694 0.249680 0
2.681801 1.063015 0.520197 0.170446 1.581426 -0.227311 1.237968 0.657819 0.374774 0
1.162383 0.224197 0.937100 0.620968 1.645637 0.184878 0.619304 0.358713 0.178892 0
0.505830 0.074114 1.647593 1.582563 -0.010351 -0.280329 0.294045 0.318242 0.370720 0
-0.500597 -0.096294 1.628338 1.585279 0.344587 0.325837 0.293527 0.347964 0.378887 0
0.750873 0.042796 0.488160 0.514919 0.085039 -0.175492 -0.028034 0.068831 0.101914 0
0.978957 1.250513 1.902459 0.946565 3.196300 0.577442 2.303769 1.370043 1.010768 0
-0.843831 -0.168198 0.908879 0.871007 -0.012747 0.077446 -0.113443 0.053975 0.109609 0
1.862820 0.260612 0.448675 0.484238 0.405484 -0.278989 -0.073626 0.070702 0.104220 0
-0.238520 0.211500 2.014945 1.320754 0.955375 -0.120162 0.870338 0.815653 0.673525 0
-0.098470 -0.053319 0.720719 0.549430 0.132697 -0.284897 0.000277 0.092604 0.120684 0
0.382419 0.012586 0.857433 0.732253 0.178583 -0.103849 0.026958 0.109010 0.146977 0
0.021167 -0.054562 1.326419 1.340475 -0.149959 0.380943 -0.089725 0.069853 0.132481 0
-0.856542 -0.169159 1.157298 0.848528 -0.727163 -0.290138 -0.296354 -0.079994 0.028385 0
-0.437241 0.009191 0.734070 0.324522 1.195679 0.209985 0.689482 0.530787 0.380154 0
-1.272630 -0.190528 1.139866 0.698703 1.191068 -0.243992 0.583322 0.403099 0.275848 0
-0.460013 -0.089039 1.163257 0.927192 -0.194870 -0.247556 0.235820 0.320636 0.359510 0
-0.798394 -0.088940 1.105190 0.624065 1.320674 -0.279828 0.614293 0.381040 0.362218 1
-0.237658 0.176360 1.198496 0.502704 0.449793 -0.287724 0.471384 0.493806 0.457046 0
-1.587282 -0.239941 1.624752 1.897869 -0.126933 -0.248465 -0.113037 0.036387 0.096318 1
-1.303453 -0.196192 0.446817 0.075126 1.560963 0.067600 0.618598 0.292219 0.041642 0
-1.081242 -0.181360 0.878260 0.747501 0.823653 -0.195978 0.238800 0.212123 0.205581 0
1.120387 0.121273 0.729577 0.641018 0.729360 -0.244104 0.048358 0.075980 0.119756 0
-0.516359 -0.107610 0.637358 0.398364 0.711722 -0.194169 0.000818 0.075487 0.086819 0
-1.109418 -0.191875 0.793349 0.703871 -0.021775 -0.143652 0.015000 0.083309 0.076807 0
-1.529439 -0.223878 1.897063 2.068526 0.468340 -0.246029 0.151188 0.217688 0.287731 0
-0.398254 0.084606 1.414682 0.657867 2.291665 -0.203429 1.682655 0.863074 0.395724 0
-0.090541 -0.006037 0.534038 0.182452 0.869517 -0.122110 0.543187 0.328624 0.217137 0
1.435363 0.185227 0.480258 0.345187 0.145735 -0.269496 0.006043 0.071854 0.034233 0
-1.038643 -0.170658 0.258555 0.021723 0.432821 -0.073035 0.005752 0.025531 0.034130 0
1.326900 0.197770 0.670045 0.528109 -0.043340 -0.266847 0.217104 0.225323 0.153882 0
-0.391956 -0.098257 0.563375 0.366182 0.523873 -0.288828 0.246667 0.132482 0.084238 0
-0.578123 -0.153082 0.663081 0.562634 0.154191 -0.266701 0.059711 0.140455 0.108429 0
-0.421166 0.141513 1.954498 1.021603 0.292715 -0.279558 2.100152 1.357248 0.805795 0
-0.525168 -0.110401 0.419805 0.144152 0.750037 -0.277008 0.311725 0.223577 0.147538 0
0.647138 0.351879 4.833281 6.424148 0.279622 -0.254378 0.535287 0.780123 1.093454 0
1.731155 0.267539 0.148509 0.050865 -0.504536 -0.240198 -0.220692 -0.075350 -0.012330 0
1.095554 0.143885 0.754869 0.609468 0.471760 -0.165549 0.080783 0.094611 0.112288 0
-1.650263 -0.239868 0.692130 0.842350 0.209706 -0.288478 0.033067 0.060904 0.082477 0
-1.047485 -0.185070 0.336941 0.246197 -0.382313 -0.141811 -0.248308 -0.072356 0.015746 0
0.483020 0.027948 0.581214 0.435251 -0.330392 -0.246663 -0.077849 0.067597 0.095196 0
0.832313 0.108898 -0.074579 -0.147331 1.815292 -0.210848 0.421589 0.102627 0.015384 0
1.676838 0.238357 0.318131 0.162622 0.623716 0.173999 0.211642 0.095585 0.014456 0
-0.723604 -0.152463 0.054476 -0.145098 0.312221 -0.274053 0.109614 0.033659 -0.067517 0
0.397519 0.007734 0.841005 0.690594 -0.208510 -0.045208 0.062046 0.104516 0.117022 0
0.438567 -0.045929 0.576912 0.710204 -0.147467 -0.038172 -0.049888 0.003737 0.028944 0
0.541511 0.006255 0.007096 -0.006556 -0.316534 0.248176 -0.352162 -0.144447 -0.069508 0
-1.472880 -0.230023 0.511807 0.577269 0.395144 -0.184614 0.088168 0.073763 0.044767 0
0.646198 0.122960 0.488173 0.332141 0.415641 -0.290922 0.358070 0.236394 0.153947 0
-0.889572 -0.193118 0.641243 0.671470 -0.276334 -0.211368 -0.105500 0.000266 0.008821 0
-0.209632 -0.120664 -0.199090 -0.126609 -2.862529 -0.278865 -0.106400 -0.074775 -0.069780 0
0.572292 -0.002450 -0.012120 -0.014230 0.542398 -0.210120 0.124166 0.083334 0.006440 0
0.127514 0.029748 0.571240 0.193296 1.446496 0.157442 0.639360 0.413882 0.214818 0
0.088273 -0.011746 0.350908 0.066732 0.612759 -0.146261 0.405799 0.163673 0.050258 0
0.630167 0.028829 -0.171490 -0.214469 0.280958 0.658256 0.111819 0.038972 -0.063283 0
-1.411331 -0.218812 0.840503 0.747511 -0.457981 -0.285067 -0.162247 -0.001919 0.056879 1
0.741983 0.064264 0.161835 0.175491 -0.348384 0.932250 0.062345 -0.032119 0.011031 0
-1.508390 -0.236761 0.644497 0.735637 -0.490180 -0.217773 -0.272876 -0.080929 -0.009298 0
1.478249 0.355573 -0.007267 -0.185987 2.546610 -0.187418 1.036576 0.322334 0.056716 0
-0.326614 -0.109074 0.506782 0.442188 0.143499 -0.230971 -0.080973 -0.026145 0.020106 0
-0.990135 -0.177812 0.195760 0.008623 0.842607 -0.286505 0.142025 0.085514 0.039287 0
0.987669 0.122113 0.515186 0.254066 0.050100 -0.181525 -0.052695 0.055351 0.069145 0
-0.880500 -0.157689 0.710221 0.393995 0.267405 0.016928 0.093689 0.061468 0.008204 0
-1.613001 -0.233380 0.277129 0.104197 0.972349 -0.236829 0.316104 0.126538 0.020003 0
0.588584 0.091660 0.807241 0.469615 0.178182 -0.183211 0.247153 0.249535 0.215155 0
-0.317706 -0.069996 0.674951 0.374699 -0.600004 -0.289510 -0.135771 0.025063 0.098166 0
-0.512792 -0.033829 0.972383 0.480475 -0.168465 0.514805 0.617168 0.240170 0.271101 0
-0.169321 -0.121239 0.263343 0.345288 0.192623 0.031134 0.009217 0.011260 -0.015542 0
0.877293 0.314962 2.546205 2.385970 -0.644962 -0.131051 0.103654 0.441017 0.683897 0
-0.353900 0.230228 1.715278 0.867600 1.711756 0.765359 0.917441 0.718096 0.546501 0
1.017601 0.100040 0.789176 0.784427 -0.562860 0.246430 -0.266813 -0.034216 0.089326 0
1.404394 0.143284 0.234500 0.255542 -0.071788 -0.291245 -0.107361 -0.038249 -0.045406 0
0.052396 -0.084490 -0.170775 -0.202901 0.613196 -0.106840 0.048390 -0.023255 -0.081899 0
-1.268520 -0.207728 0.876381 0.745835 0.331594 0.062995 0.231929 0.192720 0.122354 0
0.406151 0.913376 3.069021 2.462191 2.745457 0.651081 3.388388 2.860935 2.592861 0
-0.706203 -0.172184 0.056947 0.096677 0.370711 -0.229715 0.063284 0.036317 -0.026090 0
0.963820 0.293761 0.866905 0.506247 -0.551262 -0.291967 0.089568 0.182241 0.224779 0
-1.196376 -0.215005 0.222985 0.245167 1.044545 -0.110610 0.246629 0.098666 0.020768 1
-1.070543 -0.168092 0.346534 0.051074 1.327204 -0.255181 0.254958 0.129676 0.057298 0
1.738822 0.156434 0.152766 0.187733 0.119889 0.156528 0.037612 0.041625 0.024191 0
-1.276172 -0.215426 0.272533 0.174338 0.986237 -0.092699 0.172550 0.081173 0.000114 0
-1.262157 -0.200958 0.403561 0.216046 -1.121105 -0.107848 -0.339732 -0.133189 -0.018545 1
1.507351 0.162114 0.288327 0.406157 0.047727 0.351099 -0.051259 -0.040305 -0.007801 0
1.278802 0.133631 0.176794 0.077857 -0.209204 -0.284243 -0.020790 0.011139 0.003465 0
1.381973 0.111130 -0.238205 -0.201495 -0.438335 -0.255614 -0.018236 0.002739 -0.039405 0
-1.344486 -0.217672 0.390678 0.374142 0.806883 -0.291876 0.190961 0.065438 0.010179 1
0.989340 0.083390 0.095571 0.094316 0.445820 0.418150 0.065166 -0.002592 -0.045253 0
-1.541395 -0.237416 0.448804 0.493588 -0.119751 -0.270702 -0.138411 -0.074796 -0.066390 1
-1.218902 -0.215678 0.399979 0.524128 -0.138369 0.263712 -0.163336 -0.037717 0.018052 0
2.729738 0.466581 -0.100968 -0.174255 1.453321 -0.225044 0.481595 0.177419 -0.032536 0
-1.105124 -0.154030 1.090915 0.569932 -0.690779 -0.173947 0.192778 0.219748 0.216088 0
-1.373378 -0.219915 0.288078 0.101201 -0.822991 0.039731 -0.322122 -0.126223 -0.057730 0
0.817828 0.105685 0.309647 0.171351 -0.904301 -0.270794 -0.232799 -0.061645 -0.000088 0
0.525965 0.062155 0.313509 0.157235 1.045177 0.048681 0.473013 0.130272 0.044991 0
0.258320 0.604483 1.316751 0.409707 2.433263 0.404904 2.123589 1.277245 0.803266 0
1.158504 0.146462 0.193131 0.050593 0.931408 -0.148165 0.263211 0.091313 -0.000260 0
-1.193451 -0.201044 0.546997 0.429291 0.394125 -0.030679 0.169399 0.056551 0.016573 0
-0.299000 -0.119773 -0.097323 -0.183022 0.275667 -0.281662 -0.175001 -0.101706 -0.094043 0
-1.629114 -0.241321 0.451825 0.438479 -0.026235 -0.198564 -0.052815 -0.013068 0.004167 0
-0.049094 -0.049663 0.122865 -0.159573 0.744970 -0.291973 0.442345 0.160315 -0.040810 0
-1.149687 -0.197927 0.132145 -0.033583 0.745738 -0.284403 0.252399 0.120487 0.023763 0
-1.044692 -0.201982 -0.046204 0.089074 -0.789387 0.124715 -0.349815 -0.151478 -0.077093 0
1.147046 0.166922 -0.192307 -0.275230 0.631870 -0.289391 -0.099805 -0.017424 -0.045168 0
0.566861 -0.033586 0.080571 0.114772 0.003203 0.504553 -0.094053 -0.039373 -0.045753 0
-0.882424 -0.179038 0.338989 0.300207 0.081743 -0.289226 -0.003943 -0.021505 -0.021686 1
-1.091099 -0.182277 0.408187 0.064145 0.513298 -0.291849 0.110295 0.054002 0.010048 0
-1.610273 -0.241974 0.324293 0.373095 0.641300 -0.154195 0.006505 -0.048192 -0.036706 0
0.562676 0.032416 0.056008 0.012637 0.163140 -0.192403 -0.046755 -0.015961 0.011558 0
-0.820274 -0.162045 0.641368 0.425846 0.519817 -0.172752 -0.058526 -0.031621 0.010173 0
0.095935 -0.056260 -0.099574 -0.120448 -0.134816 -0.269209 0.036310 -0.019858 -0.053800 0
0.150683 -0.034742 0.379134 0.168961 0.359228 0.045395 0.041441 0.007292 -0.048276 0
0.262595 0.016719 -0.082430 -0.140317 0.557540 -0.027998 0.204733 0.058000 0.015621 0
-0.750315 -0.160822 0.157772 -0.001305 -0.269740 -0.040507 -0.075424 -0.010018 -0.004213 0
0.250821 -0.054499 -0.044295 0.032883 -0.483695 -0.257628 -0.245922 -0.107832 -0.058228 0
-0.019379 0.061925 -0.027956 -0.243520 0.492060 -0.084039 0.571379 0.219950 0.174426 0
-1.343427 -0.221475 0.078417 -0.063155 0.851361 -0.172593 0.009849 -0.062633 -0.133474 0
-0.609255 0.141910 2.307600 1.456714 2.996019 -0.270947 1.508460 1.062205 0.791013 0
-0.851406 -0.164471 -0.185041 -0.246011 0.138487 0.113039 -0.145888 -0.058345 -0.067772 0
0.328142 -0.034231 0.326620 0.252636 -0.127507 -0.256183 0.018496 0.063973 0.057072 0
-1.359282 -0.226875 -0.173724 -0.148705 0.342357 -0.285897 0.173173 0.033352 -0.052121 1
-0.557060 -0.110110 0.488035 0.191537 -1.391508 0.022048 0.303847 0.226121 0.170852 0
-1.724324 -0.248328 -0.574721 -0.368841 -1.943334 0.207914 -0.241817 -0.252577 -0.238571 0
-0.346447 -0.123555 -0.044656 -0.092719 0.272441 -0.268092 -0.201647 -0.141283 -0.101339 0
1.205072 0.097971 -0.477778 -0.421301 0.182256 -0.011518 0.015734 -0.027921 -0.100404 0
-1.039401 -0.164071 0.317935 0.013223 1.281760 -0.286269 0.424965 0.151604 0.062189 0
1.787392 0.234301 -0.365722 -0.358749 -0.077964 -0.288432 -0.081226 -0.063451 -0.092722 0
0.937526 0.002374 0.135827 0.335581 -0.760979 -0.274961 -0.382069 -0.179694 -0.086532 0
-0.129283 -0.089387 -0.012281 -0.043427 -0.127622 -0.256797 -0.166041 -0.090916 -0.054070 0
-0.820146 -0.186381 0.202830 0.225956 0.045950 -0.075468 -0.145588 -0.088216 -0.074673 0
-1.335600 -0.207297 0.441599 0.095832 2.122082 -0.291471 0.501091 0.108461 -0.036710 1
-1.480115 -0.231786 0.251936 0.283543 -0.497619 -0.245410 -0.371525 -0.165985 -0.060956 0
1.071079 0.240927 0.426773 0.149740 -0.127374 -0.213887 0.318233 0.144720 0.080844 0
-1.427576 -0.217482 0.119962 -0.155026 1.388863 0.008927 0.581786 0.182244 -0.059151 1
-1.158383 -0.196703 0.502396 0.274366 -0.111340 0.069546 -0.206202 -0.126660 -0.073948 0
-0.934834 -0.172018 0.250634 0.079328 0.652044 -0.114429 0.144305 0.029128 -0.023110 0
0.424891 -0.039622 0.128608 0.032979 -0.454771 -0.085120 -0.291232 -0.138516 -0.122172 0
-0.890649 -0.152955 -0.045768 -0.231146 -0.843282 -0.114364 -0.286861 -0.135330 -0.099920 0
1.484974 0.191211 -0.314516 -0.319209 1.057370 -0.241965 0.426661 0.078149 -0.072058 0
2.329874 0.462089 0.281873 0.151218 0.751444 0.084116 0.096937 -0.010839 0.005414 0
-1.072124 -0.176851 0.444319 0.086733 0.456641 -0.225068 0.301994 0.164255 0.058199 1
-1.323467 -0.204212 0.158590 -0.080629 0.012448 -0.047640 -0.169783 -0.068904 -0.044071 0
0.307609 0.314634 1.280897 0.716008 2.573961 -0.247890 1.228027 0.889755 0.687783 0
-0.851701 -0.173065 0.242273 0.067739 -0.600842 0.427019 -0.296083 -0.163310 -0.075634 0
1.017043 0.029374 -0.329269 -0.271603 -0.348677 -0.074669 -0.371098 -0.177694 -0.160686 0
-0.675479 -0.161214 0.164801 0.100386 -0.570547 -0.207675 -0.180973 -0.091964 -0.025859 0
-0.842445 -0.182889 -0.068294 -0.092100 -0.426015 -0.212009 -0.232010 -0.097338 -0.087344 0
-0.296594 -0.090466 0.219482 0.094153 1.321123 0.292308 0.339083 0.087576 -0.014021 1
0.598865 -0.006978 -0.151386 -0.103563 -0.543407 0.172915 -0.323106 -0.160301 -0.093252 0
-0.004078 -0.054712 -0.060346 -0.201287 1.675483 -0.291928 0.175785 0.017636 -0.033618 0
-0.947159 -0.151893 1.458545 1.101569 0.046096 -0.285927 0.651882 0.602656 0.449058 0
0.903917 0.008044 -0.089880 -0.023892 0.066984 0.382307 -0.168457 -0.104011 -0.092645 0
0.342400 0.063776 0.238985 -0.093235 2.840683 0.230690 0.566465 0.048180 -0.029029 0
-0.394065 -0.156974 0.093648 0.261246 -0.643273 -0.093844 -0.303491 -0.129201 -0.068618 0
0.160610 0.179022 0.709288 0.123129 1.308959 0.456779 0.453688 0.227581 0.077274 0
0.333731 0.007270 -0.411174 -0.446119 1.221594 -0.073079 0.040951 -0.078000 -0.137307 0
1.372771 0.167912 0.061095 0.010937 0.007762 -0.135847 0.102125 0.053791 0.030184 0
-1.560491 -0.231538 0.269134 0.112216 -0.569333 -0.274383 -0.175480 -0.128290 -0.099441 0
0.773847 0.057664 -0.051461 -0.164577 0.694109 -0.267695 -0.193080 -0.144263 -0.089887 0
-1.537425 -0.219411 0.502272 0.123889 -0.649334 -0.153661 0.283972 0.066799 -0.020221 0
0.506162 -0.011947 -0.234219 -0.259830 0.717036 0.013831 0.059204 0.007229 -0.085047 0
-1.340523 -0.206845 0.909899 0.621904 0.461479 -0.023864 0.047166 0.022408 0.018338 0
1.945066 0.178121 0.197825 0.304952 -0.442058 0.687251 -0.345866 -0.192855 -0.114378 0
0.157447 -0.067287 -0.122799 -0.115042 0.170863 -0.282985 -0.152243 -0.082006 -0.072223 0
0.129557 -0.008557 0.434177 0.213850 -0.457177 0.027234 -0.071248 -0.010484 0.030902 0
0.187654 -0.055604 -0.031123 -0.006409 0.248939 -0.270275 -0.071314 -0.055053 -0.022762 0
-0.646615 -0.104787 1.098538 0.819696 -0.240640 0.152170 -0.117083 0.158289 0.248687 0
-1.391478 -0.224733 0.727219 0.704293 -0.978604 -0.033378 -0.379095 -0.147148 -0.056858 0
0.718976 0.055960 0.709068 0.446062 -0.522834 -0.287638 0.058109 -0.061173 -0.014712 0
-0.184697 -0.110920 -0.330627 -0.313615 0.879709 0.025977 0.050019 -0.033317 -0.105442 0
-0.144685 0.287487 1.655281 0.808774 2.247589 -0.277876 2.173688 1.238632 0.731169 0
0.908610 0.105344 -0.058245 -0.218933 0.589437 -0.252541 0.011811 -0.075377 -0.093845 0
0.746114 0.004174 -0.268453 -0.212094 -0.269493 -0.229298 -0.305112 -0.158098 -0.123536 0
-0.807097 -0.168254 -0.193797 -0.207790 0.534745 0.018252 -0.025590 -0.057618 -0.088987 0
1.059268 0.114682 -0.154615 -0.185798 0.915160 -0.275858 -0.041500 -0.070363 -0.059766 0
-1.526628 -0.241333 -0.133760 0.025652 0.018830 -0.195403 -0.202742 -0.139080 -0.111265 0
-0.861013 -0.192013 -0.129723 -0.098585 -1.054356 -0.201123 -0.438107 -0.218788 -0.131924 0
0.268864 -0.050243 -0.555055 -0.491675 -1.372239 0.359517 -0.360473 -0.354475 -0.295715 0
1.349706 0.204260 0.195515 0.008708 -0.045295 -0.236654 -0.010422 -0.000310 -0.030623 0
0.511110 0.006108 -0.044851 -0.085172 0.573470 0.113046 0.100430 0.028213 -0.028152 0
-0.703487 -0.120184 0.350893 -0.024980 -1.281324 -0.128830 -0.130263 -0.082207 -0.076156 0
-1.307929 -0.214140 -0.149790 -0.061648 0.147504 0.481508 -0.182779 -0.117326 -0.031438 0
-0.224953 0.110526 1.096505 0.415018 1.596481 -0.022675 1.287921 0.662436 0.283640 0
-1.302806 -0.217650 -0.163181 -0.169938 -0.354251 -0.291948 -0.210671 -0.143011 -0.101900 0
0.420578 -0.059520 -0.433741 -0.249741 -0.063727 -0.275561 -0.325342 -0.199421 -0.156286 0
-1.548397 -0.242790 0.111596 0.334812 -0.205229 -0.204516 -0.220102 -0.127142 -0.101007 0
0.079767 -0.095916 -0.284149 -0.104069 0.117362 0.299423 -0.201721 -0.139404 -0.092954 0
0.664523 0.042712 -0.240624 -0.346339 -0.510146 0.378404 -0.152039 -0.252570 -0.196104 0
1.273626 0.351153 2.023877 1.857855 -0.694784 0.058824 0.266068 0.458325 0.552312 0
-0.817341 -0.143139 0.281528 -0.017874 0.523912 0.480705 -0.003136 -0.011874 -0.065969 0
-1.300484 -0.209473 -0.023287 -0.246962 0.555022 -0.075367 -0.186823 -0.087061 -0.083591 0
-0.300980 -0.134055 -0.407993 -0.282773 -0.702445 -0.286670 -0.374870 -0.200889 -0.157762 0
1.350538 0.107335 -0.151326 -0.203933 -0.409577 -0.103749 -0.279663 -0.167620 -0.170953 0
-1.000764 -0.171406 0.674504 0.402982 -0.129956 -0.250298 -0.057754 -0.009887 0.046008 0
-0.260154 -0.118711 0.245194 0.188162 -0.875385 0.024168 -0.373808 -0.176286 -0.080236 0
-1.320162 -0.229135 -0.100787 0.040780 -0.085761 -0.206817 -0.293471 -0.148673 -0.100628 0
0.957597 0.053062 -0.083644 -0.095046 -0.638372 -0.279893 -0.169505 -0.088911 -0.067899 0
-1.111365 -0.172275 0.686281 0.333691 -1.049191 0.140238 0.063341 0.007419 0.031261 0
-0.920096 -0.184847 -0.077332 -0.183489 0.094811 -0.129681 0.159356 0.017465 -0.105094 0
0.346813 0.026389 0.210971 -0.081215 -0.933283 -0.233222 -0.326293 -0.207074 -0.125328 0
-0.559680 -0.142241 -0.239481 -0.274471 -0.103819 -0.043529 0.026569 -0.099478 -0.127118 0
1.898146 0.318285 -0.460967 -0.452597 1.792318 0.031777 0.429113 0.042419 -0.134496 0
-0.482450 -0.141913 -0.239251 -0.215794 0.111894 -0.230591 -0.117251 -0.132532 -0.140095 0
-1.203161 -0.200598 0.632698 0.336503 -0.955824 0.927155 -0.278104 -0.207153 -0.060521 0
-1.066861 -0.191887 -0.122414 -0.250834 0.288542 0.154807 0.030275 0.022809 -0.071784 0
0.336877 -0.067671 -0.397736 -0.266692 -0.755219 -0.193775 -0.452845 -0.211690 -0.143041 0
1.299035 0.108272 -0.263745 -0.166304 -0.798854 0.061955 -0.424925 -0.228075 -0.134779 0
0.397051 -0.045341 -0.492605 -0.407076 -0.978818 -0.192378 -0.324723 -0.270761 -0.175400 0
0.758268 0.056645 -0.005113 -0.101810 0.389806 -0.002805 0.079023 -0.020526 -0.075213 0
-0.406565 0.090766 1.706561 1.028933 0.880927 -0.291465 1.437203 1.085963 0.879870 1
0.729817 -0.029395 -0.081934 0.028070 -0.178384 0.024153 -0.386687 -0.231750 -0.137223 0
1.122361 0.133976 -0.286273 -0.353023 0.727530 -0.218202 0.154021 -0.004784 -0.086833 0
-1.672578 -0.247565 -0.266403 -0.153531 -0.554384 0.148512 -0.268516 -0.149275 -0.122518 0
0.724799 0.053722 -0.171671 -0.180722 -0.098110 -0.290940 -0.163389 -0.115697 -0.072551 0
0.987505 0.104157 -0.523261 -0.475480 0.709534 -0.289667 -0.077635 -0.124601 -0.155785 0
0.160282 -0.035759 -0.246298 -0.225243 -0.191358 0.049632 -0.059712 -0.091781 -0.058910 0
-0.441255 -0.087043 0.076428 -0.233364 0.402788 0.022023 -0.019432 -0.067108 -0.091918 0
0.970497 0.079664 0.097153 0.081520 -0.159460 -0.031900 -0.290842 -0.164375 -0.074550 0
0.679747 -0.005412 -0.361924 -0.241048 -0.461168 -0.259752 -0.174191 -0.114615 -0.112403 0
-1.146249 -0.200127 -0.068746 -0.195408 1.378591 0.349997 0.246055 0.008941 -0.101364 0
-0.944082 -0.151056 0.241251 -0.052561 -0.527481 0.021387 -0.191709 -0.118982 -0.055840 0
0.928784 0.077526 -0.129152 -0.171637 -0.262482 -0.291935 -0.282239 -0.135467 -0.108827 0
0.466037 -0.002589 -0.382504 -0.385924 0.040596 -0.229933 -0.189247 -0.173275 -0.156119 0
0.287703 -0.046495 -0.288811 -0.273215 -0.046821 0.030489 -0.252743 -0.138620 -0.110708 0
-0.282279 -0.140131 -0.500053 -0.347299 0.765625 0.025672 -0.110882 -0.133275 -0.140305 0
-1.723974 -0.250580 -0.009470 0.195087 -0.321607 -0.281968 -0.271242 -0.156031 -0.109831 1
-1.437917 -0.234835 -0.201155 0.027041 -0.597510 -0.189131 -0.446880 -0.239158 -0.135403 0
-1.218012 -0.219470 -0.306065 -0.146046 -1.431297 -0.157474 -0.468662 -0.218129 -0.135100 1
-1.217178 -0.200567 -0.201888 -0.268055 -0.227738 -0.179173 -0.064542 -0.067616 -0.089655 0
-0.583411 -0.135468 -0.322866 -0.364854 0.395016 -0.063310 0.005969 -0.058943 -0.087462 0
1.037593 0.127013 0.234628 -0.016696 0.655307 1.408964 -0.144611 -0.144358 -0.124168 0
1.439046 0.301622 -0.025944 -0.253142 1.438028 0.053561 0.313266 0.061997 -0.005300 0
-0.577416 -0.116563 -0.129880 -0.314303 0.277768 -0.291912 -0.175854 -0.164137 -0.175937 0
-1.389274 -0.227328 0.025026 -0.081640 0.706454 0.045796 0.196600 0.029927 -0.102427 0
-0.722010 -0.170277 -0.206654 -0.243254 -0.452330 -0.091428 -0.209686 -0.125143 -0.113398 0
2.291910 0.487123 0.228236 0.092134 1.158403 -0.042615 0.106525 -0.000069 0.012927 0
0.159949 -0.022229 -0.018844 -0.212477 -0.370970 -0.271390 0.215714 0.052716 -0.059696 0
0.363087 0.009640 -0.032854 -0.204968 0.608461 -0.176310 -0.089484 -0.123385 -0.143424 0
-0.934070 -0.149397 0.300878 -0.039052 1.579453 0.039974 0.687890 0.169695 -0.023370 0
-0.552702 -0.142674 -0.117288 -0.195141 0.396631 0.444003 -0.125651 -0.110201 -0.134714 0
0.665716 0.021864 -0.178175 -0.243108 -0.023468 -0.135619 -0.174034 -0.140282 -0.120810 0
1.457115 0.120353 -0.524777 -0.414995 -0.291895 -0.097521 -0.370949 -0.226561 -0.218932 0
1.238978 0.137306 -0.030190 -0.077394 0.170057 -0.291201 -0.279710 -0.164109 -0.094593 0
1.341962 0.173748 -0.517681 -0.389941 1.078435 -0.243678 0.270540 0.015857 -0.096416 0
0.744939 -0.014034 -0.290383 -0.195212 -0.478322 -0.228311 -0.264471 -0.172941 -0.145043 0
0.787943 0.051102 0.359950 0.237734 -0.076919 -0.104024 -0.068458 -0.069715 -0.067245 0
-0.883176 -0.174187 -0.064951 -0.088781 0.664809 -0.216431 0.079614 -0.042446 -0.037999 0
1.216291 0.030665 -0.213300 -0.042193 -0.315010 -0.291390 -0.320448 -0.192750 -0.155408 0
1.548347 0.167674 -0.008777 -0.015083 0.558921 -0.279800 -0.195245 -0.107065 -0.072342 0
-1.202373 -0.214377 -0.353124 -0.264381 0.744132 -0.121201 -0.133878 -0.166167 -0.153740 0
0.598010 -0.022433 -0.425362 -0.240367 0.339698 -0.286306 -0.175271 -0.184147 -0.143006 0
-0.285581 -0.082101 0.182805 0.026973 1.866266 0.421725 0.566210 0.137715 -0.049608 0
0.102201 -0.008741 -0.243592 -0.367118 -1.198299 -0.136112 -0.025398 -0.191616 -0.161987 0
-0.681454 -0.157472 0.014549 -0.116277 1.011530 -0.279922 -0.137823 -0.126064 -0.118059 0
-0.912960 -0.185156 -0.014095 -0.140967 -0.464583 -0.011387 -0.289312 -0.185849 -0.136362 0
0.405651 -0.013812 -0.183786 -0.185749 0.568484 -0.277729 -0.099934 -0.174915 -0.133740 0
1.596709 0.262354 -0.192942 -0.242234 -0.526367 -0.081052 -0.284397 -0.151071 -0.094149 0
-1.590460 -0.244693 -0.118988 0.013767 -0.471753 -0.254895 -0.374490 -0.224815 -0.154174 0
-0.875588 -0.179204 -0.070426 -0.075226 -0.864681 -0.182089 -0.400794 -0.162019 -0.086424 0
0.543117 0.924994 2.946364 2.350132 0.840122 0.240597 3.098000 2.582839 2.351983 0
-0.534853 -0.154230 -0.590240 -0.421421 -0.133422 0.845893 -0.054497 -0.116556 -0.139174 0
0.730601 0.072512 0.813821 0.574960 -0.002395 0.175264 0.088895 0.148085 0.145625 0
1.224405 0.240558 0.440562 0.100240 -0.293472 -0.002835 0.008997 0.037220 -0.004813 0
0.345916 -0.045871 -0.502902 -0.430404 1.015458 -0.182927 0.187799 -0.002135 -0.134596 0
-0.971373 -0.181958 -0.452300 -0.451089 0.753282 0.419180 0.144230 -0.097269 -0.192092 0
-0.351532 -0.096279 0.208865 0.097229 0.835631 -0.291355 0.396843 0.125785 0.038326 0
-1.328437 -0.221786 -0.036514 -0.098008 -0.881001 -0.187015 -0.337938 -0.222213 -0.166758 0
0.645307 0.002539 -0.052609 -0.056383 0.263252 -0.006173 0.005238 -0.048114 -0.062005 0
-0.895165 -0.191710 -0.318835 -0.242543 -0.059162 -0.290284 -0.332610 -0.234254 -0.188544 0
-1.348308 -0.223597 -0.286165 -0.250566 0.103844 0.169847 -0.099592 -0.129015 -0.182107 0
0.082610 -0.071073 -0.242321 -0.294306 -0.138324 -0.199010 -0.115750 -0.121313 -0.150708 0
-1.019348 -0.183243 -0.264457 -0.359539 -0.532194 -0.291835 -0.063648 -0.200870 -0.179705 0
0.946134 0.078764 -0.109236 -0.130014 -0.509510 -0.286354 -0.228036 -0.138671 -0.080230 0
0.331079 0.031398 -0.315950 -0.429166 1.881492 -0.284778 0.342916 -0.007906 -0.115734 0
0.634144 0.053573 -0.407718 -0.426200 -0.038010 0.604591 -0.036604 -0.087988 -0.156157 0
0.385800 -0.040172 -0.458714 -0.303014 0.309830 -0.165412 -0.218845 -0.217877 -0.172932 0
0.325406 -0.080463 -0.369262 -0.103759 -0.887009 -0.253197 -0.426292 -0.225830 -0.119710 0
-1.145189 -0.202037 0.005339 -0.066547 -0.941714 -0.196529 -0.324393 -0.210415 -0.138813 0
-0.755544 -0.132935 0.565937 0.394858 -0.851727 0.460708 0.080403 0.160421 0.174177 0
1.781464 0.140395 -0.208568 -0.057784 -0.101125 0.301207 -0.202628 -0.171231 -0.137723 0
-1.007907 -0.202777 -0.365764 -0.321547 0.383926 -0.235251 -0.092294 -0.123008 -0.184078 0
0.724676 0.144846 0.096336 -0.098984 0.430634 -0.141916 0.321706 0.039894 -0.020272 0
-1.358653 -0.228788 -0.215973 -0.117962 -0.918950 -0.259656 -0.466778 -0.307165 -0.201138 0
0.093091 -0.072790 -0.455442 -0.374678 0.466956 -0.275138 0.069547 -0.053663 -0.134776 0
-1.269025 -0.222508 -0.486763 -0.343519 -0.091860 -0.274510 -0.184565 -0.156103 -0.206771 0
-1.412383 -0.232060 -0.272230 -0.113173 -0.941673 -0.188472 -0.454370 -0.209288 -0.112479 0
-0.253348 -0.091662 0.105696 -0.104277 -0.233389 -0.214163 -0.166314 -0.087096 -0.070114 0
0.429971 -0.009435 -0.447049 -0.442924 0.002583 0.152807 -0.092816 -0.121921 -0.152700 0
0.282453 -0.076905 -0.528030 -0.380306 0.217036 0.016264 -0.109401 -0.165375 -0.169098 0
0.909654 0.042518 -0.193263 -0.260342 -0.863839 -0.275805 -0.413201 -0.277918 -0.195413 0
0.548260 -0.035665 -0.529102 -0.377782 -0.247498 -0.285461 -0.167950 -0.169470 -0.169608 0
-1.627591 -0.245579 -0.103211 0.149243 -0.225625 -0.141389 -0.319409 -0.196085 -0.138748 0
1.668837 0.239834 -0.347615 -0.347328 -0.142974 -0.196820 -0.212692 -0.159674 -0.164937 0
-0.718999 -0.152994 -0.558459 -0.533028 0.259656 -0.291216 -0.096865 -0.213482 -0.206693 0
-1.288406 -0.224290 -0.120379 -0.069498 -0.779732 -0.094835 -0.374076 -0.203863 -0.137685 0
-0.738756 -0.178161 -0.171155 -0.148650 -0.254842 0.097355 -0.208163 -0.131902 -0.107396 0
1.175323 0.043456 -0.179054 -0.084404 -0.272965 -0.280920 -0.241973 -0.130813 -0.092276 0
0.368169 -0.030124 -0.485367 -0.401498 -0.848896 -0.192409 -0.323300 -0.170847 -0.134083 0
-1.215757 -0.204897 0.556601 0.376530 -0.477241 -0.268334 -0.406489 -0.210260 -0.054038 1
0.628227 -0.031778 -0.559667 -0.353944 0.402338 -0.282570 -0.143934 -0.159874 -0.193659 0
0.136923 -0.021131 -0.277523 -0.259541 -0.679355 -0.078576 -0.178437 -0.093044 -0.040790 0
-1.311628 -0.232602 -0.496949 -0.234930 -0.692224 -0.263389 -0.475112 -0.275801 -0.203970 0
0.437469 -0.005055 -0.098183 -0.196446 -0.082645 -0.270423 -0.142029 -0.150613 -0.159410 0
1.153852 0.060363 -0.394918 -0.375829 -0.629369 -0.254400 -0.327970 -0.193919 -0.158578 0
0.533820 0.007681 -0.153540 -0.162050 -0.326816 0.183842 -0.197382 -0.123695 -0.072527 0
0.292866 -0.068996 -0.386741 -0.266963 -0.300898 0.046844 -0.079347 -0.100837 -0.119931 0
-0.613865 -0.094603 1.238179 0.632066 -0.681017 0.096644 0.484321 0.277620 0.115829 0
-0.666092 -0.139606 0.175243 -0.073629 -0.289336 -0.252690 0.120751 0.043948 -0.031438 0
1.694212 0.255450 -0.504357 -0.480021 0.577728 -0.089785 -0.071386 -0.074759 -0.128099 0
-0.604049 -0.124421 0.058195 -0.099624 -0.349316 -0.214300 -0.129602 -0.077909 -0.066903 0
-0.359956 -0.108186 0.907777 0.911130 -1.115466 0.435117 -0.273035 -0.172894 -0.047874 0
-0.356591 0.028539 0.665216 0.145722 1.246161 -0.289985 0.324078 0.321202 0.281966 0
1.094433 0.075303 -0.327291 -0.297769 0.330163 -0.281795 -0.001996 -0.089676 -0.149685 0
0.587214 0.058443 0.142732 -0.118445 -0.655741 -0.282219 -0.517662 -0.300428 -0.195908 0
-0.940793 -0.194443 -0.405663 -0.257016 -0.661767 -0.270246 -0.376936 -0.202446 -0.141511 0
-1.344947 -0.223486 -0.353047 -0.318359 0.130196 1.490793 -0.160296 -0.188324 -0.205792 0
-0.144811 0.014996 1.333560 0.925166 0.233894 -0.258020 0.349964 0.484348 0.500931 0
1.512568 0.123177 -0.112194 -0.050052 -0.536915 0.533739 -0.428459 -0.260385 -0.158408 0
2.011758 0.339328 -0.045863 -0.117047 0.820322 -0.291344 0.333340 0.053671 -0.010045 0
-0.895328 -0.176019 -0.276323 -0.393957 -0.388276 -0.285769 -0.024130 -0.208728 -0.164216 0
-0.243041 -0.146384 -0.470338 -0.239876 -0.164334 0.017435 -0.316772 -0.222139 -0.183604 0
-0.925571 -0.188858 -0.350227 -0.355500 -0.283813 -0.168121 -0.184280 -0.142363 -0.141178 0
-0.942297 -0.144083 1.413616 1.158125 -0.661750 -0.079563 -0.009879 0.137895 0.229754 1
0.955730 0.098052 -0.247519 -0.267229 0.775509 0.522822 -0.031850 -0.078446 -0.090397 0
-0.159065 -0.092729 -0.341289 -0.352301 1.471538 0.026161 0.259821 -0.053146 -0.177245 0
0.473107 -0.000757 -0.308059 -0.375149 0.006701 -0.290495 -0.034769 -0.103666 -0.142324 0
2.528576 0.354103 -0.441858 -0.352304 -0.471774 0.093074 -0.260915 -0.219146 -0.163735 0
1.190010 0.170993 0.069780 -0.058147 -0.097322 -0.214326 -0.073249 -0.084129 -0.099024 0
0.164480 -0.078154 -0.246054 -0.234851 -0.038107 0.177859 -0.272940 -0.235666 -0.169605 0
0.338900 0.034034 -0.036303 -0.288714 0.450931 -0.278197 -0.152103 -0.158820 -0.175497 0
-1.221594 -0.213130 -0.177104 -0.234572 0.073403 -0.270387 -0.065707 -0.119146 -0.184739 0
0.279386 -0.075890 -0.475162 -0.332433 -0.112216 0.126923 -0.307577 -0.222665 -0.178965 0
-1.422093 -0.224891 0.173912 0.091716 -0.477481 -0.273025 -0.449646 -0.217209 -0.106933 0
0.218360 -0.029139 -0.303464 -0.324237 -0.179945 -0.234423 -0.070913 -0.088443 -0.111553 0
-1.741576 -0.251929 -0.260415 0.031719 -1.047269 -0.191337 -0.390988 -0.221595 -0.152698 0
0.076480 -0.100737 -0.569179 -0.361784 -0.589170 -0.290602 -0.481022 -0.288787 -0.228707 0
1.430355 0.177617 -0.604885 -0.488915 -0.652233 -0.238863 -0.130565 -0.238067 -0.174382 0
-0.322188 -0.096122 0.201905 -0.046330 0.316691 -0.234254 -0.111940 -0.051294 -0.046643 0
0.963301 0.124872 -0.277098 -0.346394 1.111941 -0.098979 -0.124293 -0.152668 -0.167901 0
0.192861 -0.013244 -0.198264 -0.288913 0.082455 -0.291787 -0.174264 -0.132221 -0.085650 0
-0.608046 -0.149122 -0.223807 -0.243968 0.014661 -0.160461 -0.019244 -0.083972 -0.115581 0
0.351178 0.054286 -0.691585 -0.635620 0.800862 -0.291959 0.345743 -0.009723 -0.156073 0
1.618622 0.140348 -0.413356 -0.375372 -1.141123 -0.180723 -0.419659 -0.277190 -0.200998 0
1.652811 0.167376 -0.272149 -0.251466 0.086386 -0.284543 -0.080226 -0.125324 -0.135843 0
-1.488348 -0.220604 0.913266 0.651944 -0.621708 -0.107355 -0.140222 -0.104783 -0.064973 1
1.683950 0.304235 -0.189873 -0.319070 1.015623 -0.171600 0.077799 -0.057834 -0.150884 0
0.556981 0.024414 -0.353851 -0.321029 0.125257 -0.248050 0.047493 -0.112146 -0.117496 0
1.621306 0.175075 -0.250097 -0.232555 -0.390521 -0.260000 -0.318186 -0.207476 -0.168293 0
0.844415 0.052003 -0.356618 -0.353477 0.167616 0.018339 -0.123585 -0.126963 -0.140698 0
0.129265 -0.077475 -0.674536 -0.537427 0.392310 0.210256 -0.126663 -0.124829 -0.180628 0
0.621354 0.009959 -0.527456 -0.428310 -0.951488 -0.290930 -0.522317 -0.291615 -0.224923 0
0.916291 0.014289 -0.575897 -0.431455 0.061277 -0.278870 -0.080935 -0.130762 -0.151687 0
0.268860 -0.066885 -0.449590 -0.315929 -1.367274 0.566069 -0.532447 -0.343411 -0.201419 0
-1.259621 -0.226301 -0.237776 -0.161352 0.256185 -0.290003 -0.236982 -0.205031 -0.191777 0
1.344798 0.142420 -0.353550 -0.364441 -1.175931 -0.259622 -0.273579 -0.193244 -0.181200 0
1.462649 0.054924 -0.576152 -0.255060 -0.447581 0.081830 -0.403351 -0.268241 -0.188483 0
-0.714270 -0.178295 -0.661401 -0.483697 0.026244 1.277573 -0.049577 -0.108838 -0.155511 0
1.231279 0.141419 -0.636161 -0.561209 0.489499 -0.207859 -0.094696 -0.167352 -0.187058 0
1.214929 0.115061 -0.272949 -0.256355 -0.286023 -0.036317 -0.262983 -0.185432 -0.122552 0
-1.190562 -0.213395 -0.374567 -0.355396 -0.015990 -0.250235 -0.175789 -0.146665 -0.162872 0
1.055841 0.049272 -0.363724 -0.321724 -0.212436 -0.292005 -0.208487 -0.200537 -0.191043 0
1.742854 0.209289 -0.749898 -0.554634 0.360126 -0.047416 -0.166835 -0.163201 -0.172710 0
-0.354924 -0.121809 -0.247140 -0.344493 0.027761 -0.287337 -0.188983 -0.176226 -0.186248 0
0.519658 -0.040121 -0.236747 -0.155147 -0.195524 -0.259827 -0.365384 -0.224094 -0.182384 0
0.624618 0.073273 -0.211921 -0.365150 0.199365 -0.120577 -0.149950 -0.120978 -0.117632 0
1.085489 0.026302 -0.430080 -0.259781 -0.017468 0.296450 -0.137652 -0.171179 -0.183753 0
-0.097520 -0.023846 0.626600 0.166210 1.569112 -0.113596 0.685856 0.289807 0.116426 0
0.454358 0.017812 -0.314600 -0.381585 0.645106 -0.290254 0.088941 -0.089623 -0.203927 0
1.182032 0.062339 -0.411880 -0.289361 -0.107861 0.302343 -0.236757 -0.178453 -0.168062 0
-1.240186 -0.226123 -0.382615 -0.261014 -0.308619 -0.279324 -0.171592 -0.173041 -0.189170 0
-0.483494 -0.161428 -0.534952 -0.437674 -0.544680 -0.155314 -0.296660 -0.220666 -0.199898 0
-1.214166 -0.219147 -0.220444 -0.067146 -0.648315 -0.237808 -0.261374 -0.182739 -0.113856 0
-1.168861 -0.205356 -0.078372 -0.192859 0.522112 -0.277116 -0.010767 -0.121374 -0.192883 0
-1.142744 -0.166425 2.498263 2.440457 -0.873235 -0.262748 -0.025499 0.254930 0.427409 0
0.767337 0.001622 -0.618031 -0.523735 -0.450818 -0.049192 -0.287187 -0.233811 -0.216739 0
-0.211181 -0.117326 -0.241212 -0.236430 -0.118066 -0.277831 -0.197522 -0.158688 -0.164185 0
-0.172831 -0.091620 -0.150203 -0.219486 0.479567 -0.291729 -0.029323 -0.107737 -0.145811 0
-0.454518 -0.130191 -0.416859 -0.385985 -1.014389 0.402545 -0.424732 -0.281436 -0.197383 0
0.713417 0.067761 -0.584027 -0.527502 1.867628 -0.272301 0.246166 -0.105794 -0.207485 0
-0.220862 -0.116503 -0.396655 -0.405274 0.029529 -0.249119 -0.260654 -0.199659 -0.181502 0
2.204758 0.256812 -0.511095 -0.353939 -0.106957 -0.114755 -0.323494 -0.217908 -0.157811 0
0.288289 -0.078771 -0.598184 -0.396967 -0.482761 -0.291434 -0.453858 -0.291394 -0.207742 0
1.828772 0.235680 -0.588658 -0.479588 -0.149273 -0.144792 -0.350328 -0.260732 -0.204619 0
-0.409813 -0.118170 -0.290659 -0.366286 -0.682799 -0.285603 -0.339503 -0.221250 -0.165240 0
1.247999 0.037478 -0.460885 -0.243674 -0.618026 -0.057081 -0.465979 -0.271618 -0.181740 0
1.900109 0.114861 -0.598276 -0.298737 -0.348761 -0.074027 -0.348232 -0.242108 -0.209677 0
-1.067242 -0.181240 0.456228 0.187296 0.039480 -0.037324 0.257692 0.096511 0.033883 0
-0.769686 -0.132046 0.320055 -0.005209 -0.535736 0.169105 -0.078932 -0.043799 -0.086488 0
-0.927430 -0.141188 0.864411 0.465959 -0.394143 0.252828 0.141497 0.154591 0.165501 0
-0.767364 -0.164800 -0.488304 -0.425030 0.160684 -0.289468 -0.144268 -0.156591 -0.177648 0
-0.365973 -0.108802 -0.130774 -0.266186 1.222809 -0.274626 0.334840 0.010291 -0.108982 0
-1.437275 -0.239340 -0.870263 -0.511668 -0.373669 0.022876 -0.290032 -0.220636 -0.228964 0
-1.065175 -0.209843 -0.147362 -0.082958 -0.221825 0.889482 -0.242733 -0.196295 -0.161982 0
2.055280 0.249407 -0.403272 -0.274554 -0.654276 0.040068 -0.375413 -0.200062 -0.136406 0
-0.021983 -0.098402 -0.605321 -0.491150 -0.568165 -0.199585 -0.414640 -0.296759 -0.237534 0
-0.246371 -0.132028 -0.303226 -0.215158 0.605241 -0.264066 -0.153223 -0.195956 -0.162818 0
1.367726 0.226293 -0.417428 -0.444532 -0.061250 0.038119 -0.086097 -0.142547 -0.113388 0
-0.838407 -0.183178 -0.333132 -0.297509 -0.587911 -0.227662 -0.356325 -0.202687 -0.144211 0
3.414583 0.475020 -0.593527 -0.303183 0.357451 0.123262 -0.087368 -0.129381 -0.164014 0
0.435101 0.017214 -0.319648 -0.420303 1.446783 -0.225348 0.145533 -0.097869 -0.177773 0
-0.426821 -0.112462 -0.411868 -0.446846 0.276991 -0.229003 -0.332959 -0.205901 -0.165146 0
1.107654 0.062038 -0.452528 -0.386116 0.416193 -0.291237 -0.111575 -0.123043 -0.161008 0
-1.017976 -0.202911 -0.612186 -0.481405 -0.202043 -0.291928 -0.269559 -0.198096 -0.173412 0
0.759459 0.047911 -0.379455 -0.358872 -0.844582 -0.202246 -0.495407 -0.285272 -0.181038 0
-1.423983 -0.232779 -0.302055 -0.222960 -0.574235 0.445224 -0.401033 -0.249084 -0.222288 0
1.543379 0.088092 -0.599617 -0.237951 -0.183805 -0.284197 -0.254933 -0.193445 -0.141646 0
-0.491727 -0.155722 -0.318165 -0.295039 -0.650800 -0.236016 -0.496857 -0.264488 -0.156197 0
-1.268648 -0.208912 0.148788 -0.059337 0.324773 -0.064451 -0.082982 -0.172840 -0.143016 1
0.731107 -0.048786 -0.701688 -0.450615 -0.009849 -0.081682 -0.281807 -0.218144 -0.222187 0
0.433775 -0.069220 -0.524445 -0.406139 -0.667161 -0.289877 -0.527436 -0.330310 -0.236693 0
-1.142526 -0.225431 -0.801044 -0.363556 -0.801920 -0.266136 -0.505651 -0.303507 -0.211790 0
0.934215 0.137251 1.028716 0.924849 -0.866411 -0.117286 -0.178912 -0.007664 0.078003 0
0.455495 -0.031135 -0.253003 -0.207830 -0.488915 -0.277720 -0.195584 -0.145925 -0.121327 0
-1.036844 -0.177994 -0.029809 -0.236096 -0.196004 -0.092785 -0.021843 -0.102774 -0.126026 0
-0.145104 -0.115768 -0.622771 -0.513087 -0.645053 -0.291464 -0.414007 -0.274855 -0.216762 0
-0.109026 -0.086258 -0.587033 -0.493173 0.077793 -0.276315 -0.378481 -0.270789 -0.221852 0
-1.067829 -0.208734 -0.724031 -0.537415 -0.315110 0.563817 -0.153000 -0.169056 -0.192204 0
-1.388398 -0.232990 -0.419323 -0.192013 -1.256259 -0.290057 -0.485294 -0.285930 -0.187752 0
1.143216 0.122095 -0.308522 -0.325840 -0.234905 0.013938 -0.257493 -0.238554 -0.176025 0
0.772373 0.079144 -0.240303 -0.313397 0.282577 -0.211408 -0.246033 -0.169137 -0.122202 0
0.530083 -0.014962 -0.129393 -0.154810 0.017700 -0.239751 -0.125888 -0.139549 -0.128697 0
-0.188149 -0.052426 0.759409 0.361681 0.498628 0.091592 0.174666 0.153744 0.078176 0
1.407577 0.168366 -0.152185 -0.184734 -0.320414 -0.291881 -0.002937 -0.132482 -0.090104 0
0.870954 0.042301 -0.101651 -0.101845 0.464197 0.063566 -0.098423 -0.166742 -0.139448 0
-0.495853 -0.057208 0.879267 0.550341 -0.081323 -0.140324 0.465749 0.399788 0.358892 0
-0.122953 0.311787 2.229009 1.462640 1.755927 -0.254281 1.952944 1.766070 1.379110 0
-0.585373 -0.120281 -0.124127 -0.282933 -0.620764 -0.279644 -0.082750 -0.185555 -0.120275 0
0.616085 -0.027946 -0.682677 -0.499852 -0.373925 -0.166819 -0.394679 -0.266861 -0.245085 0
0.874026 0.134419 -0.216455 -0.338977 -0.645400 -0.128549 -0.226792 -0.124460 -0.118159 0
1.906910 0.310793 -0.335097 -0.400951 0.018243 -0.181646 -0.275796 -0.199899 -0.193475 0
-1.339615 -0.234830 -0.880187 -0.459990 -0.979652 -0.075527 -0.602290 -0.332983 -0.235867 0
2.155647 0.348732 -0.344867 -0.370288 0.588058 -0.241156 0.172725 -0.082590 -0.136808 0
-0.251260 -0.145449 -0.627583 -0.403734 -0.312724 -0.016742 -0.361826 -0.256299 -0.205764 0
0.892835 0.005925 -0.214935 -0.123157 -1.098354 -0.232005 -0.477533 -0.325836 -0.231520 0
1.217937 0.115732 -0.393583 -0.348207 -0.655093 -0.291657 -0.127706 -0.226177 -0.155427 0
1.226283 0.055315 -0.456531 -0.264417 0.104583 -0.286060 -0.275423 -0.219940 -0.167833 0
-1.682427 -0.249381 -0.725440 -0.450216 -0.009359 -0.229206 -0.303409 -0.279456 -0.275583 0
0.978195 0.032422 -0.407410 -0.306796 -0.357790 -0.262612 -0.441484 -0.272374 -0.185449 0
-1.391839 -0.230015 -0.609265 -0.449869 0.909986 0.179079 0.079564 -0.099037 -0.187738 0
-1.138822 -0.214700 -0.393370 -0.277468 0.031487 0.200743 -0.359130 -0.246801 -0.188473 0
0.204136 -0.076627 -0.697322 -0.544356 0.285108 -0.012150 -0.209652 -0.219075 -0.213672 0
-0.190338 -0.116043 -0.286499 -0.309974 -1.938101 -0.255916 -0.044093 -0.131022 -0.176501 0
-0.122250 -0.121550 -0.757364 -0.556961 -0.700208 -0.228852 -0.327396 -0.210734 -0.204672 0
-1.195138 -0.215687 -0.572708 -0.434122 0.069217 0.038113 -0.239631 -0.199589 -0.189575 0
-1.222848 -0.221376 -0.541057 -0.352904 -0.256282 -0.134117 -0.274300 -0.199462 -0.171492 0
1.537561 0.170871 -0.137317 -0.145687 0.392556 -0.251416 -0.072135 -0.149470 -0.127373 0
-1.357488 -0.230025 -0.548868 -0.404187 -0.049820 -0.262778 -0.153412 -0.178082 -0.193823 0
-0.669780 -0.182367 -0.588093 -0.309196 -0.427128 0.403563 -0.422704 -0.250209 -0.193660 0
1.552760 0.176029 -0.590088 -0.484089 0.312070 -0.229939 -0.146248 -0.180227 -0.187445 0
1.032498 0.027488 -0.431478 -0.291954 -0.150343 -0.175093 -0.365054 -0.252494 -0.203854 0
-0.523677 -0.160640 -0.600077 -0.450850 -0.205107 -0.215990 -0.252882 -0.188703 -0.230002 0
0.827658 0.012056 -0.551776 -0.478959 -0.922917 -0.251672 -0.534670 -0.260465 -0.214045 0
-0.765440 -0.170042 0.122391 0.121455 -0.519579 0.177239 -0.452141 -0.283318 -0.161219 0
0.558645 0.042414 -0.423099 -0.418558 -1.916341 -0.219712 -0.094546 -0.212086 -0.204063 0
0.762206 0.026754 -0.290322 -0.295248 -0.452292 -0.206384 -0.312640 -0.167181 -0.107114 0
-0.035765 -0.098578 -0.674377 -0.465528 -0.306196 -0.255589 -0.224119 -0.227988 -0.210578 0
2.447063 0.297415 -0.456650 -0.363794 -0.971010 -0.291993 -0.483616 -0.302894 -0.204086 0
