14.500059 29.701847 5.452517 6.494285 -1.788526 23.150038 12.419640 13.453503 13.874631 0
1.324331 0.581380 4.310993 4.613127 3.538886 0.108724 6.840768 6.971726 6.814348 1
1.391930 0.386541 3.253617 3.094062 4.401161 -0.395363 4.537067 4.152902 3.342989 1
1.238380 0.230175 2.200607 1.609731 3.740395 -0.447674 3.024507 2.303649 1.500710 1
-0.162120 -0.025133 0.890010 0.400698 1.756334 -0.251154 1.776985 1.039130 0.469763 0
0.938543 0.139384 2.738711 2.496137 2.982862 0.204285 2.908340 2.585505 2.171370 1
0.926089 0.146433 2.192724 1.703233 -0.035350 -0.265180 2.937358 2.538478 1.841539 1
1.188935 0.145898 1.759516 1.399393 2.347796 -0.308330 2.174922 1.809849 1.355637 1
-0.186615 -0.046154 0.744034 0.369972 2.330307 -0.175729 1.266216 0.679584 0.294088 0
1.514440 0.157882 2.277249 2.035253 2.363430 -0.101954 1.660715 1.397515 1.105517 0
-0.042591 -0.017812 1.011174 0.561237 0.969924 -0.448488 1.515476 0.886565 0.469458 0
0.024647 -0.027697 0.583449 0.288981 0.832290 0.881138 1.178344 0.599866 0.262741 1
-0.477853 -0.060649 0.606426 0.313938 2.637204 -0.142764 0.772214 0.342289 0.227753 0
0.634113 0.026928 1.339678 1.108474 0.614030 -0.412965 1.163349 0.939655 0.753870 0
0.833697 0.060239 2.092598 2.219580 1.933997 -0.311334 1.343620 1.179700 1.076588 1
-0.713880 -0.073881 1.442598 1.024929 -0.823117 -0.408022 0.660639 0.744391 0.631156 0
-0.276318 -0.054217 1.010109 0.777159 1.768167 -0.126928 1.037588 0.633763 0.450100 0
0.888645 0.029567 -0.454813 -0.549856 0.806651 -0.419183 0.757831 0.091940 -0.196127 0
0.385449 0.001438 0.539623 0.313208 1.520496 -0.424641 1.253488 0.810373 0.514145 0
0.544770 0.035956 1.536069 1.231552 0.469596 0.090691 1.374738 1.297694 1.109586 1
0.387122 -0.009622 -0.363297 -0.440246 2.234369 0.044068 1.073632 0.440443 0.090213 0
0.267408 -0.007906 0.276874 -0.082676 1.295591 1.269642 1.100559 0.352135 0.042420 0
-1.017705 -0.085590 1.243024 0.965665 1.778922 0.444172 0.911147 0.729946 0.639532 0
0.938243 0.003676 -0.177132 -0.252580 -0.341042 -0.448905 0.691518 0.340543 0.056225 0
1.351139 0.055424 0.790913 0.632178 1.926943 -0.141618 0.908402 0.476358 0.255393 0
1.788145 0.086241 -0.091677 -0.173008 -0.139847 -0.314361 0.346210 0.017996 -0.077814 0
0.243130 -0.007141 -0.001531 -0.264102 0.264332 -0.284459 1.079367 0.468360 0.097549 0
-0.937996 -0.082947 2.025117 1.911062 1.373468 -0.159806 0.903750 0.895038 0.779296 0
-0.058601 -0.047107 0.044627 -0.171083 1.747514 -0.449198 0.398413 0.126776 -0.037300 0
0.413520 -0.022879 -0.467536 -0.530539 1.231563 0.540348 0.452388 0.023436 -0.224867 0
0.407378 -0.018508 0.027404 -0.112656 1.132470 -0.384277 0.567804 0.158075 0.018163 0
0.250253 -0.038391 -0.270012 -0.312517 1.692312 -0.450142 0.628932 0.134468 -0.060700 0
-0.603906 -0.069489 2.434673 2.327390 0.971725 -0.367226 0.867881 0.948306 0.896837 1
-0.901654 -0.086606 -0.040752 -0.282024 0.213372 -0.450196 0.271932 0.085790 -0.091199 0
-1.077825 -0.092968 1.456564 1.289855 1.317455 -0.364331 0.693305 0.632951 0.484614 0
0.601125 -0.025554 0.111871 0.053042 1.207166 -0.346649 0.477660 0.232746 0.068692 0
0.487196 -0.015490 -0.017538 -0.138082 1.060421 -0.440545 0.488635 0.130085 0.027018 0
1.307344 0.038435 0.109708 0.046115 1.514506 -0.300662 0.446440 0.203406 0.114144 0
0.693194 0.050388 0.194363 -0.089427 2.209447 -0.441977 0.588200 0.109569 0.039427 0
1.118866 0.032098 -0.739490 -0.657690 0.029758 -0.431178 0.760925 0.074268 -0.192995 1
-0.298750 -0.049361 0.712640 0.305607 0.752039 -0.361769 0.293137 0.315483 0.217743 0
-0.009156 -0.052745 -0.707564 -0.654218 -0.251405 -0.449282 0.135615 -0.176078 -0.370188 0
0.461956 -0.040012 -0.035808 -0.072941 1.269481 -0.448605 0.176228 -0.000441 -0.113815 0
-0.525423 -0.064695 1.051101 0.644246 0.991792 -0.276410 0.737022 0.718440 0.475451 0
0.318356 -0.034608 -0.179479 -0.255319 0.279066 -0.309596 0.255299 0.066699 -0.122507 0
0.620430 -0.012373 -0.749072 -0.663676 1.759323 -0.441443 0.347321 -0.124234 -0.257053 0
0.076130 -0.048186 -0.652506 -0.642277 0.708878 -0.428842 -0.018440 -0.265353 -0.359452 0
-0.639497 -0.070047 -0.045340 -0.306666 -0.540328 0.930814 0.276436 -0.060052 -0.169088 0
0.594208 -0.014620 -0.665206 -0.634433 0.568718 -0.166777 -0.066783 -0.351317 -0.377488 0
0.028417 -0.041667 0.590823 0.511076 0.269953 -0.103541 0.268500 0.179482 0.228114 0
-0.539081 -0.063039 0.680900 0.246895 1.025143 0.031661 1.035840 0.556359 0.135735 0
-0.655453 -0.072883 1.980358 1.727385 -0.272467 0.915214 0.674092 0.614664 0.527883 0
0.674166 -0.004709 -0.483323 -0.552068 0.584833 -0.117108 0.208992 -0.138614 -0.218706 0
-0.222596 -0.039363 0.342236 -0.013806 1.052749 -0.414118 0.562883 0.290257 0.134580 0
0.138146 -0.049152 -0.366823 -0.377000 0.533195 1.075616 0.242079 -0.100034 -0.229349 0
0.356735 -0.035465 -0.479589 -0.418151 1.443604 -0.200892 0.288564 0.038918 -0.086515 0
-0.253049 -0.054295 0.956354 0.703834 0.060639 1.513966 0.452205 0.325927 0.281494 0
-0.431687 -0.052999 1.108359 0.831426 -0.010838 -0.186170 0.510936 0.571585 0.558288 0
-0.576981 -0.068878 0.472853 0.110798 1.013337 0.693688 0.435280 0.408554 0.252118 0
0.912112 0.040944 1.096573 0.756983 0.049214 -0.428275 0.466081 0.379758 0.311008 1
0.116196 -0.043582 0.097605 -0.099305 0.576195 -0.044120 0.233738 0.105243 -0.048616 0
-0.466554 -0.067520 1.104842 0.811575 1.267547 1.083201 0.454608 0.535673 0.424745 0
-0.001894 -0.013536 1.986698 1.834815 0.542135 -0.095445 0.970977 1.026305 1.129757 0
0.408030 -0.025039 -0.489954 -0.557983 1.467497 -0.432201 0.035926 -0.178077 -0.259613 0
-0.550451 -0.078909 -0.574311 -0.558852 0.324059 -0.408811 0.146417 -0.177359 -0.347946 0
-0.779650 -0.087287 -0.145479 -0.252084 1.293292 -0.449736 0.133081 -0.103287 -0.245140 0
0.346671 -0.040808 -0.083937 -0.112132 0.711688 -0.381738 -0.168877 -0.118027 -0.104601 0
-0.081395 -0.035681 0.519664 0.196057 -1.275206 0.093931 0.257705 0.256677 0.221393 0
0.989900 0.014686 -0.639370 -0.634635 2.007039 0.529278 0.506847 -0.074885 -0.299691 1
0.118947 -0.003598 1.800450 1.454476 0.635008 -0.308752 0.652369 0.830176 0.872197 0
-0.614158 -0.072624 0.346953 0.050619 -0.877774 -0.440375 0.351648 0.242704 0.093420 0
0.515022 -0.036500 -1.060814 -0.837628 1.557744 0.243249 -0.011753 -0.404945 -0.446812 0
-0.618815 -0.074820 -0.086123 -0.260557 1.245807 -0.324446 0.135173 -0.118222 -0.205175 0
-0.327913 -0.066389 -0.356806 -0.406593 0.796725 -0.277928 0.034776 -0.246638 -0.331580 0
-0.716078 -0.070797 1.674717 1.313217 0.670535 -0.215474 0.881888 0.975331 0.811538 0
-0.096714 -0.033693 1.346662 1.114274 0.243138 -0.450330 0.622879 0.648282 0.640201 0
0.989115 0.003743 -0.242769 -0.169370 0.606778 0.637228 0.316053 0.091655 -0.019266 0
-0.654212 -0.079391 0.139319 -0.024054 -3.052244 -0.437213 -0.207552 -0.104282 -0.037941 0
0.188818 -0.017496 0.084691 -0.133618 0.580215 0.021558 0.323286 0.214059 0.131282 0
0.140475 -0.056692 -0.486011 -0.379470 0.958070 -0.336483 0.025990 -0.134148 -0.227794 0
0.933199 -0.005083 -0.747841 -0.656054 0.930584 -0.343199 0.153439 -0.250477 -0.348370 0
0.118439 -0.048937 0.641355 0.572883 0.896345 -0.335360 0.250009 0.246878 0.235272 0
0.425296 -0.046808 -0.643279 -0.520014 -0.641142 -0.109344 -0.544113 -0.481433 -0.379134 0
-0.121580 -0.060985 -0.075049 -0.191176 0.416984 -0.103030 0.036253 -0.099652 -0.168209 0
-0.379723 -0.054527 0.803611 0.494749 0.877302 -0.042600 0.437711 0.414768 0.427849 0
0.275516 -0.042723 -0.287178 -0.308493 0.877162 0.655408 -0.005138 -0.181059 -0.199501 0
-0.638954 -0.081764 -0.023037 -0.142742 0.305408 -0.087870 -0.054057 -0.068354 -0.109946 0
0.012883 -0.053848 -0.685320 -0.634332 0.095219 -0.438848 -0.134459 -0.282935 -0.298806 0
-0.387394 -0.061795 -0.072442 -0.304114 0.905120 -0.353608 0.200655 0.048898 -0.052486 0
-0.284554 -0.058252 0.418763 0.245753 0.585643 -0.420209 0.162704 0.179945 0.144232 0
-0.185789 -0.059920 0.929439 0.851051 0.508281 -0.229519 0.330783 0.326211 0.315916 0
0.217359 -0.035506 -0.634663 -0.648973 0.870162 0.886178 0.273146 -0.180614 -0.269761 0
0.116050 -0.044624 -0.260687 -0.374476 0.613087 -0.130385 0.054673 -0.166852 -0.248257 0
-0.876966 -0.087075 2.397447 2.472959 0.584226 -0.433623 0.414137 0.538728 0.571336 0
0.216126 -0.050720 -0.265900 -0.217127 1.080369 -0.438919 0.056624 -0.089012 -0.218957 0
-0.252776 -0.070447 0.131981 -0.023977 0.635203 -0.340812 -0.120474 -0.177416 -0.195714 0
0.620366 -0.013714 -0.460633 -0.467709 0.843499 -0.016601 -0.182308 -0.280637 -0.299121 0
-0.076177 -0.045253 0.082461 -0.149456 1.008530 -0.316641 0.259857 0.070110 -0.005638 0
0.893077 -0.016258 -0.843078 -0.698247 0.869223 -0.426800 -0.071825 -0.371481 -0.428898 0
0.363763 -0.036073 -1.023924 -0.834219 1.034225 -0.108312 0.017735 -0.335553 -0.440308 0
-0.244860 -0.057026 0.258584 0.045398 0.164121 0.188516 0.002493 -0.029164 0.047200 0
-0.369544 -0.071179 0.373737 0.223251 -0.776587 0.128076 -0.158611 -0.075533 -0.083974 0
-0.010235 -0.046899 -0.262633 -0.387120 0.647310 -0.422912 -0.006278 -0.063245 -0.153146 0
1.005083 -0.016555 -0.778992 -0.560533 0.780857 -0.266713 0.011196 -0.238174 -0.299243 0
-0.611925 -0.082046 0.165243 0.029879 0.737440 4.405070 -0.219605 -0.211486 -0.142131 1
-1.116866 -0.094294 1.068330 0.815552 0.488699 0.338192 0.340789 0.336341 0.245574 0
0.141848 -0.044223 -0.563387 -0.573072 1.001109 -0.437216 -0.181081 -0.298025 -0.324309 0
-0.534650 -0.082155 0.006906 -0.028444 0.514438 -0.450313 -0.168954 -0.171659 -0.224980 0
-0.337209 -0.067580 1.084813 1.247203 0.235469 -0.051953 0.177684 0.198348 0.213086 0
0.370561 -0.024763 -0.169044 -0.274297 0.298693 -0.322774 0.166041 0.016537 -0.066650 0
0.571695 0.052979 1.627813 1.417585 1.239995 -0.448171 0.954006 1.072181 1.177735 0
0.222033 0.003558 0.636197 0.192434 0.833553 -0.408299 0.356541 0.420918 0.384605 0
2.526229 0.107568 -0.564048 -0.489673 1.022642 -0.447865 0.076942 -0.246082 -0.305159 0
-0.561629 -0.076981 0.069283 -0.101633 0.477433 -0.443820 -0.099155 -0.121260 -0.109545 0
-0.380961 -0.070471 -0.340787 -0.427646 -0.109827 -0.441369 -0.189745 -0.123665 -0.169071 0
-0.639341 -0.081771 0.096057 -0.126473 -1.013054 -0.336004 -0.134410 -0.091954 -0.145249 1
-0.219870 -0.067561 -0.703091 -0.664504 0.076279 0.108516 -0.048109 -0.291202 -0.424252 0
0.177956 -0.008065 0.492069 0.129296 1.423033 -0.396659 0.473215 0.255329 0.247666 0
1.046443 0.013588 -0.186258 -0.226314 1.037208 4.654293 0.267372 -0.028705 -0.098782 0
-0.568884 -0.072427 0.863159 0.690642 0.009537 -0.450360 0.122378 0.236989 0.327273 0
0.203959 -0.023921 1.183991 1.096118 0.521522 0.108201 0.386939 0.468387 0.497670 1
-0.393502 -0.080843 -1.044230 -0.771649 -0.024765 -0.194974 -0.527714 -0.429146 -0.440747 0
-0.420432 -0.071180 0.003583 -0.088431 0.062787 -0.063929 -0.107717 -0.063039 -0.041271 0
1.541212 0.047027 -0.931511 -0.808943 -0.618307 -0.447249 -0.007063 -0.381348 -0.464689 0
-0.360231 -0.065576 0.509776 0.174668 0.130784 0.055807 0.142324 0.031283 -0.086193 0
-0.319134 -0.057585 1.502078 1.504097 0.294610 -0.017339 0.353814 0.590373 0.674856 0
-0.066574 -0.047209 0.414118 0.044804 0.626799 -0.403113 0.040634 0.052169 -0.051541 0
-0.177613 -0.065447 0.108392 -0.019076 0.253741 0.798139 -0.205972 -0.106489 -0.085208 0
0.739105 -0.035539 -0.973951 -0.749532 0.423423 -0.105703 -0.170103 -0.408554 -0.460717 0
-0.116029 -0.052010 0.044001 -0.124407 0.063545 -0.284012 -0.131450 0.020218 -0.027935 0
-0.193921 -0.061034 -0.138583 -0.262167 -0.264344 -0.445693 -0.285044 -0.227433 -0.185907 0
-0.149166 -0.056883 -0.067391 -0.230026 0.056542 -0.315975 -0.289646 -0.106805 -0.114597 0
-0.311990 -0.052263 1.363775 1.351761 -1.307625 0.196968 0.377851 0.522084 0.645828 0
-0.119549 -0.057425 -0.284902 -0.319062 0.919168 0.285654 -0.061605 -0.131264 -0.130125 0
-0.071209 -0.059740 -0.156275 -0.147146 0.740928 -0.030533 0.063837 -0.083252 -0.150057 0
-0.742678 -0.082795 0.119442 -0.168314 0.038903 -0.276091 -0.147397 -0.093099 -0.157893 0
0.427299 -0.015792 -0.241222 -0.356421 0.895343 -0.247666 0.013722 -0.259757 -0.257055 0
0.413248 -0.056946 -1.275850 -0.878813 0.661337 -0.312500 -0.429364 -0.560819 -0.529971 0
-0.518799 -0.080004 0.289683 0.136842 0.732070 -0.441734 0.122116 0.045765 0.004711 0
0.351771 -0.034787 -0.207512 -0.270155 0.115966 -0.359726 -0.251550 -0.210025 -0.174762 0
-0.269362 -0.073888 1.278191 1.494402 0.278468 -0.206892 0.015617 0.085682 0.158436 0
-0.183133 -0.063289 -0.539847 -0.536951 0.751446 1.501860 -0.119279 -0.269255 -0.279035 0
-1.103341 -0.097203 0.395874 0.392952 0.270892 0.146626 0.091536 0.093091 0.044453 0
-0.633308 -0.079732 0.235630 0.138396 0.296888 2.027914 -0.069386 -0.047639 -0.084922 0
2.622497 0.099854 -0.418180 -0.277679 0.000208 0.023777 -0.024057 -0.184473 -0.205035 0
-0.119476 -0.068348 1.016198 1.098173 0.275829 -0.443036 -0.034106 0.085730 0.138946 0
-0.368947 -0.075993 -0.303222 -0.320160 -1.292890 0.253131 -0.351974 -0.279329 -0.241471 0
-0.629017 -0.093744 -0.603776 -0.372781 -1.414438 -0.432575 -0.756157 -0.508188 -0.388493 0
-0.729443 -0.079782 0.883735 0.588289 0.175002 -0.439285 0.247028 0.337662 0.278414 0
-0.683575 -0.088756 -0.697392 -0.610286 0.529681 -0.399131 -0.151744 -0.297269 -0.374029 0
-0.422247 -0.076694 -0.537205 -0.532786 -0.053877 -0.420576 -0.352732 -0.309080 -0.351909 0
1.371350 0.052790 -0.634288 -0.602717 -1.122457 -0.428014 0.147344 -0.169377 -0.267237 0
-0.447125 -0.054668 1.063664 0.685788 -1.191325 -0.346867 -0.073493 0.343007 0.535949 0
1.058154 -0.009923 -0.806062 -0.615547 0.451632 0.392239 -0.209589 -0.263015 -0.331628 1
-0.944231 -0.092029 0.332698 0.153621 -0.850976 0.442015 -0.402907 -0.335870 -0.216762 0
-0.187616 -0.060407 -0.593144 -0.610102 0.672566 0.313481 -0.058172 -0.300778 -0.335593 0
1.417907 0.013099 -1.291387 -0.889881 0.054110 -0.438259 -0.184184 -0.443619 -0.466505 0
-0.111143 -0.054024 1.009935 1.010864 0.665669 0.578688 0.114108 0.197469 0.318103 0
-0.811195 -0.085575 0.085635 -0.083946 0.778293 -0.400756 0.069865 0.092067 0.039908 0
-0.378812 -0.077284 -0.787854 -0.701140 0.103652 0.365538 -0.367974 -0.415337 -0.418267 0
-0.536835 -0.079993 -0.421856 -0.422883 -0.427320 0.148002 -0.092165 -0.241522 -0.256449 0
-0.363233 -0.070493 0.425638 0.257567 -0.876488 -0.391087 -0.012830 0.043236 0.008550 0
-0.398229 -0.072457 0.383917 0.437698 -0.558702 0.251284 -0.033359 -0.039071 0.065511 0
-0.153052 -0.060624 0.172262 0.029675 0.224591 1.745823 0.031387 0.010786 0.015182 0
-0.548324 -0.083293 0.639604 0.715717 0.161619 -0.334992 -0.113788 0.008168 0.049256 0
0.760308 -0.025489 -0.982417 -0.798332 0.138995 -0.440025 -0.207273 -0.381322 -0.452315 0
-0.393323 -0.068550 -0.532672 -0.589090 -0.115196 -0.448605 -0.574998 -0.475639 -0.384987 0
-0.161360 -0.055272 0.201426 -0.064183 -0.144712 0.171194 -0.132374 -0.248573 -0.171358 0
-0.522843 -0.077812 0.791356 0.777595 0.253187 -0.350825 -0.036135 -0.011644 0.006935 0
0.598313 -0.029223 -0.441541 -0.341510 0.191869 0.849465 -0.106573 -0.152912 -0.153342 0
0.454455 -0.022818 -0.959408 -0.791745 0.692455 1.846808 0.134428 -0.346631 -0.408760 0
0.755593 -0.010500 -0.556991 -0.551997 0.440870 -0.350673 -0.295040 -0.248767 -0.263020 0
-0.749421 -0.070568 0.655313 0.248907 -0.664716 0.106085 0.335375 0.287172 0.264657 0
-0.400198 -0.076250 -0.307953 -0.316050 0.313651 -0.292734 -0.138108 -0.209486 -0.264188 0
-0.480374 -0.071925 -0.282851 -0.415829 0.473982 -0.431320 -0.128248 -0.224546 -0.249262 0
0.115243 -0.042399 -0.353280 -0.467230 0.383699 -0.231441 0.182427 -0.037044 -0.118852 0
-0.645095 -0.077878 0.643402 0.436726 0.209353 0.227728 0.066893 0.214475 0.206692 0
0.057154 -0.057368 -0.152513 -0.269270 0.947656 -0.053038 -0.216720 -0.252263 -0.252216 0
0.115417 -0.043252 -0.273851 -0.398117 -0.529621 -0.176791 -0.004546 -0.213873 -0.260694 0
0.206777 -0.053471 -0.733357 -0.644154 -1.255459 -0.363140 -0.452208 -0.455295 -0.431543 0
0.216677 -0.041092 -0.831255 -0.742690 1.111328 -0.106200 -0.218601 -0.396934 -0.452753 0
-0.697676 -0.085229 -0.039175 -0.134334 1.025775 -0.175187 0.136860 0.027650 -0.083024 0
-0.336089 -0.065564 0.431234 0.317056 -0.843454 -0.010485 -0.201940 -0.029221 0.014907 0
-0.357015 -0.067723 0.102234 -0.000669 0.570829 3.620966 0.227226 0.086245 -0.074725 0
-0.139267 -0.046677 0.745998 0.566098 0.501708 -0.333541 0.354169 0.405183 0.430216 0
-0.378354 -0.060317 0.285641 -0.045091 1.622731 -0.279497 0.110208 -0.014617 0.014981 1
-0.363606 -0.078473 -0.412297 -0.422825 0.156916 -0.413440 -0.192574 -0.204716 -0.261028 0
-0.233281 -0.065353 0.453143 0.342912 -0.686171 2.954996 -0.204172 -0.069531 0.029507 0
-0.250315 -0.061040 -0.117910 -0.298769 0.355118 0.213076 -0.248452 -0.290541 -0.310843 0
-0.809461 -0.082001 0.568167 0.351096 -1.399422 -0.420934 0.281356 0.196150 0.117402 0
0.091271 -0.051082 -0.112726 -0.224929 -0.264137 -0.399905 -0.198118 -0.239844 -0.216281 0
-0.442338 -0.072450 -0.330052 -0.372482 -0.260488 -0.342165 -0.245466 -0.143314 -0.143349 0
-0.129755 -0.057350 0.850007 0.825052 -0.190262 0.922101 -0.200029 0.004139 0.056457 0
0.475069 -0.042056 -0.832758 -0.692227 0.998300 -0.449945 -0.233169 -0.384261 -0.432480 0
1.367115 0.020005 -0.774398 -0.649763 0.366054 -0.264721 -0.077263 -0.364086 -0.385226 0
-0.400477 -0.076605 -0.430356 -0.421989 0.752980 1.439028 -0.280199 -0.379783 -0.311616 0
4.385855 0.220959 -0.651626 -0.546391 -0.166563 0.118265 -0.106824 -0.254927 -0.347083 0
-0.465221 -0.078630 -0.787948 -0.687362 -0.597329 0.041480 -0.338552 -0.361196 -0.395072 0
-0.033501 -0.060244 -0.635796 -0.638885 -0.386192 -0.387444 -0.347445 -0.445192 -0.415460 0
-0.455831 -0.079365 -0.396122 -0.387445 -0.634552 -0.187087 -0.393411 -0.316775 -0.312160 0
-0.174097 -0.076640 -0.864868 -0.606980 0.185794 -0.403688 -0.350354 -0.410871 -0.403185 0
-0.636809 -0.078921 0.539633 0.513691 -0.998631 -0.425329 -0.154188 -0.007402 0.079746 0
-0.826680 -0.089058 -0.331453 -0.423764 -0.461623 -0.446143 -0.036361 -0.161752 -0.292263 0
-0.250060 -0.071490 -0.543686 -0.559992 0.277209 1.340937 -0.363285 -0.337523 -0.350911 0
0.295815 -0.041029 0.131513 0.054948 -0.095341 0.171339 0.031723 0.012182 -0.006365 0
-0.040302 -0.060626 -0.394126 -0.454265 0.320367 0.339140 -0.143453 -0.171017 -0.263823 0
-0.471321 -0.072965 0.202542 0.050153 0.045685 -0.247670 -0.201991 -0.126189 -0.054429 0
0.058632 -0.065552 -0.874332 -0.668468 0.159812 -0.414035 -0.310999 -0.340399 -0.361362 0
-0.128583 -0.077119 -1.117309 -0.796761 0.156646 -0.427621 -0.538587 -0.539439 -0.500879 0
-0.447772 -0.078624 -0.564081 -0.527550 0.545342 -0.404840 -0.161297 -0.247408 -0.260923 0
-0.685519 -0.082585 0.109177 0.069269 -1.017903 1.037644 -0.055942 0.000916 0.021683 0
-0.379380 -0.058611 0.506612 0.162942 0.089788 -0.376593 -0.102719 -0.105966 0.011074 0
-0.268441 -0.068981 0.394810 0.213605 0.378511 -0.449818 -0.125819 -0.043809 0.011343 0
-0.336793 -0.073602 -0.092927 -0.159423 -0.076819 -0.448152 -0.093694 -0.063367 -0.113244 0
0.864219 -0.030881 -1.190817 -0.863652 0.240962 -0.447702 -0.428436 -0.511744 -0.511489 0
0.340540 -0.038362 -0.567205 -0.506651 -0.477132 -0.424657 -0.419319 -0.325845 -0.289466 0
-0.389168 -0.069632 0.271956 0.200684 0.092973 -0.274313 -0.116561 -0.121310 -0.069693 0
-0.624080 -0.087250 -0.048371 0.008565 0.060239 -0.316824 -0.151983 -0.122738 -0.166520 0
3.145774 0.134584 -1.413934 -0.959488 0.761036 0.056245 -0.344410 -0.510981 -0.515857 0
0.082695 -0.063016 -0.390330 -0.313198 -0.369451 -0.435854 -0.366553 -0.257940 -0.270638 0
0.184901 -0.055609 -0.526728 -0.369229 0.231196 -0.413430 -0.286457 -0.268640 -0.272740 0
-0.316719 -0.068646 0.249433 0.104437 0.603419 -0.448327 -0.248309 -0.253644 -0.211588 0
-0.249441 -0.073982 -0.525602 -0.440887 -0.551425 -0.447618 -0.408569 -0.256972 -0.244483 0
-0.457011 -0.067432 2.292100 2.555184 0.158668 -0.366330 0.168630 0.424846 0.607752 0
-0.612949 -0.080898 -0.418096 -0.464637 -0.072553 0.011475 -0.402261 -0.226329 -0.247582 0
-0.607053 -0.084164 0.308782 0.321309 0.177940 -0.390899 -0.053193 0.000420 -0.014244 0
-0.643855 -0.076003 1.208585 1.029796 0.063121 -0.409670 0.059935 0.232237 0.337384 0
1.498966 0.034736 -0.653475 -0.547474 -0.130286 -0.140659 -0.222787 -0.280494 -0.297216 0
-0.179725 -0.067388 -0.844881 -0.730504 -0.090126 -0.202497 -0.376678 -0.381613 -0.398533 0
-0.061524 -0.054943 -0.385763 -0.439855 0.022389 -0.225238 -0.358336 -0.345345 -0.322887 0
-0.545166 -0.085219 -0.668566 -0.576928 -0.815006 -0.448504 -0.274870 -0.295193 -0.344252 0
-0.155361 -0.073599 -0.449140 -0.390699 -0.145843 -0.423586 -0.423116 -0.410664 -0.402439 0
-0.394808 -0.077812 0.005254 -0.024198 -0.033049 -0.246743 -0.168204 -0.186620 -0.194971 0
-0.538369 -0.086058 -0.395339 -0.283750 -0.784069 -0.450146 -0.407906 -0.283206 -0.241042 0
-0.385863 -0.070219 -0.153890 -0.268933 0.083299 1.001726 -0.037988 -0.202942 -0.286724 0
-0.808602 -0.086836 0.521795 0.513345 -0.896180 0.146984 -0.403026 -0.080822 0.051287 0
-0.238627 -0.055636 0.616922 0.381102 -0.406463 0.685519 0.037410 -0.010879 0.120435 1
-0.084054 -0.057386 -0.244749 -0.314157 0.402840 -0.445320 -0.470151 -0.307396 -0.231745 0
0.116551 -0.040554 -0.004643 -0.083114 -1.677696 -0.412586 -0.371815 -0.328541 -0.254760 0
-0.060142 -0.063602 -0.100542 -0.107986 0.044937 -0.094767 -0.136048 -0.060601 -0.073236 0
-0.056096 -0.059750 -0.330559 -0.269829 -0.370766 1.970013 -0.438683 -0.276412 -0.208901 0
-0.612177 -0.083172 0.441671 0.281542 -1.873749 1.609309 -0.372341 -0.282925 -0.214930 0
-0.544995 -0.081336 -0.211419 -0.255116 -1.500032 -0.347244 -0.348092 -0.174475 -0.183070 0
-0.833046 -0.085448 0.872097 0.666937 0.351647 -0.239810 0.031828 0.151651 0.221535 0
0.106531 -0.039660 -0.137496 -0.344499 0.232043 -0.401497 -0.009046 -0.253498 -0.234979 0
0.062905 -0.043279 0.546010 0.263980 0.164155 0.021650 -0.160452 0.030630 0.089298 0
0.205396 -0.051150 -0.690955 -0.664669 0.066608 -0.128321 -0.263575 -0.327780 -0.385058 0
-0.672828 -0.089046 -0.940295 -0.722790 -1.001251 0.139569 -0.143999 -0.346200 -0.431638 0
1.181627 0.023936 -0.686910 -0.535484 0.051730 -0.360208 0.273263 -0.102935 -0.189927 0
-0.559918 -0.083934 -0.560353 -0.548880 0.093435 -0.371165 -0.317673 -0.351679 -0.372368 0
0.566379 -0.058901 -0.926990 -0.565755 -1.858431 -0.061933 -0.705236 -0.520996 -0.422250 0
-0.728871 -0.088961 0.245091 0.262789 -0.800128 -0.311970 -0.593822 -0.349212 -0.220743 0
-0.042975 -0.059405 0.024709 0.068143 -0.754504 -0.303568 -0.371720 -0.244066 -0.104047 0
0.116659 -0.022546 0.744873 0.585189 -0.277936 0.455321 -0.030415 0.201321 0.390983 0
-0.579410 -0.076469 -0.307372 -0.420083 0.229022 -0.140220 -0.136254 -0.172830 -0.204770 0
0.096326 -0.044972 -0.676396 -0.642262 -0.895467 -0.442198 -0.374697 -0.320127 -0.322657 0
0.300717 -0.049027 -0.220334 -0.262301 0.098879 -0.166939 -0.347262 -0.296141 -0.250615 1
-0.264937 -0.073138 -0.695823 -0.635808 0.283021 -0.307047 -0.410365 -0.427809 -0.423256 0
-0.359751 -0.078335 -0.373365 -0.347068 0.029007 -0.271510 -0.426620 -0.315762 -0.253829 0
-0.062400 -0.047367 0.959961 0.739843 -0.783461 -0.348319 -0.157921 0.106000 0.225598 0
-0.484761 -0.081171 0.967539 1.094144 -0.315879 0.364254 -0.202540 0.014950 0.115323 0
0.151226 -0.047319 -0.571902 -0.571427 0.237566 -0.303393 -0.167349 -0.215232 -0.264637 0
1.189764 -0.013697 -1.216466 -0.856124 0.801029 -0.434630 -0.207160 -0.438139 -0.485447 0
-0.837940 -0.090787 0.223241 0.183991 -1.294931 -0.440777 -0.343269 -0.268162 -0.161382 1
-0.370322 -0.072320 -0.470400 -0.498854 -0.082081 -0.173190 -0.312288 -0.250278 -0.227471 0
-0.368630 -0.065824 0.096404 -0.002905 -0.430772 -0.434464 -0.259384 -0.110831 -0.016374 0
-0.551813 -0.072966 -0.040962 -0.243037 -2.207577 2.066167 -0.627276 -0.292164 -0.126876 0
-0.258099 -0.073743 0.051289 0.134138 -0.383963 -0.387293 -0.106876 -0.072283 -0.063434 1
-0.091448 -0.061582 -0.644255 -0.609617 -1.184799 -0.440483 -0.401903 -0.404990 -0.396426 0
-0.953433 -0.093837 -0.240748 -0.280046 -0.010081 -0.365767 -0.258861 -0.271691 -0.282002 0
-0.385458 -0.076755 0.033366 -0.046043 -1.136835 0.115218 -0.455437 -0.278148 -0.210714 0
0.012012 -0.055518 -0.638656 -0.582929 -0.989597 -0.095057 -0.495755 -0.407367 -0.345619 0
-0.593327 -0.084532 0.288561 0.273319 -0.291946 0.248151 -0.248947 -0.084620 -0.022656 0
-0.775635 -0.088672 -0.069728 -0.142595 -0.155493 -0.440587 -0.383453 -0.343973 -0.283157 0
-0.443935 -0.078895 -0.358979 -0.312771 -1.048300 -0.294532 -0.344739 -0.274013 -0.231247 0
-0.210838 -0.067437 1.560263 1.668175 -0.709327 -0.305765 -0.286998 0.022742 0.209053 0
-0.143709 -0.059764 -0.396075 -0.446230 -1.274808 -0.435647 -0.522631 -0.371028 -0.336938 0
0.400788 -0.039558 -0.858696 -0.718582 0.297457 0.485913 -0.408205 -0.469101 -0.448012 0
0.034902 -0.028358 0.067793 -0.192785 -0.291943 -0.041699 0.078201 -0.113537 -0.018863 0
-0.755366 -0.086284 -0.177355 -0.229644 -0.017195 0.224597 -0.166538 -0.107591 -0.111310 0
0.254000 -0.052399 -0.901636 -0.702489 -0.859618 -0.291819 -0.292108 -0.429031 -0.410694 0
-0.050524 -0.033553 0.516562 0.124181 -0.344752 1.596729 -0.228767 -0.062907 -0.057941 0
-0.413710 -0.080035 -0.097230 -0.004367 -0.418166 0.214574 -0.344451 -0.126947 -0.088912 0
1.246621 0.036628 -0.783408 -0.719297 0.479897 -0.382630 0.362067 -0.256731 -0.376782 0
0.138340 -0.048942 -0.635183 -0.612398 0.335783 0.236696 -0.353842 -0.472896 -0.432031 0
0.222794 -0.054120 -0.721783 -0.580300 0.157196 -0.253405 -0.425387 -0.369507 -0.345272 0
-0.521053 -0.084058 0.365569 0.460127 -0.093309 -0.000928 -0.292646 -0.098174 -0.022878 0
-0.476724 -0.077229 0.124006 0.065742 -0.320823 0.997492 -0.366716 -0.185584 -0.136421 0
0.499629 -0.032959 -0.297059 -0.278331 -1.125714 -0.430922 -0.579218 -0.308446 -0.227653 0
0.102704 -0.066033 -1.066147 -0.733997 -0.472330 -0.161566 -0.717095 -0.545499 -0.436640 0
-0.585285 -0.079312 -0.095812 -0.223442 -0.758147 -0.337691 -0.265380 -0.320439 -0.245380 0
0.589944 -0.038026 -0.823995 -0.674743 0.155528 -0.378851 -0.395731 -0.431637 -0.423720 0
-0.507710 -0.079646 -0.723462 -0.619100 0.188423 0.332040 -0.497901 -0.416057 -0.340584 0
-0.270565 -0.070596 0.069921 0.013321 -0.552030 -0.253064 -0.465200 -0.295944 -0.255754 0
-0.333841 -0.067520 0.655409 0.538823 -0.109124 -0.257075 -0.121588 0.100662 0.177781 1
-0.763515 -0.083589 0.930118 0.875737 -0.493896 -0.447398 -0.212081 0.093181 0.241647 0
-0.856907 -0.090858 0.990155 1.080842 -0.097644 0.007850 -0.087506 0.046950 0.155420 0
-0.303832 -0.076251 -0.135127 -0.145780 -0.848521 2.194935 -0.265950 -0.159554 -0.175406 0
-0.344172 -0.068434 -0.257935 -0.347793 -1.660288 2.797985 0.002133 -0.176381 -0.215822 0
-0.430506 -0.081213 -0.528365 -0.427910 -0.313885 -0.444434 -0.353566 -0.269385 -0.234596 0
0.099783 -0.060829 -0.319985 -0.349918 -0.418012 0.097921 -0.465619 -0.365919 -0.343379 0
-0.414571 -0.073540 -0.246216 -0.351875 -0.282796 -0.411958 -0.301185 -0.349582 -0.346046 0
-0.816343 -0.089355 -0.086824 -0.194859 -0.751051 -0.136424 -0.346966 -0.292028 -0.269899 0
-0.854849 -0.094193 -0.378137 -0.232920 -0.756740 -0.129668 -0.421259 -0.374818 -0.316931 0
0.248195 -0.057620 -0.005025 -0.028020 -0.314696 1.981161 -0.314921 -0.257175 -0.275326 0
-0.931640 -0.088883 0.238426 0.067981 -0.736690 1.742611 -0.392754 -0.060111 0.024457 0
0.269568 -0.044670 -0.632795 -0.611607 -0.809728 -0.299811 -0.638705 -0.513076 -0.447809 0
0.012202 -0.063186 -0.297675 -0.233616 -0.649628 -0.433409 -0.555426 -0.416689 -0.289405 0
0.362336 -0.017787 0.316748 0.122571 -0.665907 -0.341550 -0.299802 -0.026678 0.103906 0
-0.643844 -0.087797 0.256377 0.370509 -0.603074 -0.184109 -0.366865 -0.211900 -0.132276 1
-1.012569 -0.092308 2.326032 2.571131 -0.033928 -0.393049 0.079603 0.355667 0.549170 0
-0.420537 -0.070180 -0.455386 -0.533570 -0.334315 0.281787 -0.422102 -0.341069 -0.279926 0
-0.648547 -0.084048 -0.165159 -0.271196 -0.529891 0.402922 -0.350767 -0.322427 -0.328622 0
3.185533 0.130620 -0.380314 -0.122419 -0.563208 -0.444895 -0.638373 -0.361990 -0.211650 1
-0.765265 -0.085673 0.204858 0.062972 -0.539668 1.103656 -0.410907 -0.196620 -0.122289 0
0.475784 -0.044177 -0.800697 -0.674170 -0.113836 0.523195 -0.475287 -0.389724 -0.388232 0
-0.153180 -0.068933 -0.895756 -0.737843 -0.436531 -0.290393 -0.269156 -0.404021 -0.437430 0
-0.916717 -0.093482 0.391774 0.321822 -0.013148 -0.330260 -0.325927 -0.216627 -0.146470 0
0.204340 -0.063380 -1.428357 -0.940086 -1.254796 -0.100165 -0.326136 -0.554566 -0.561380 0
0.068460 -0.048630 0.015108 -0.055251 -0.319538 -0.276766 -0.267412 -0.061643 -0.006348 0
-0.088951 -0.070834 -0.959951 -0.709034 0.103896 1.249529 -0.438278 -0.471988 -0.429123 0
-0.461890 -0.079840 -0.579407 -0.509059 -0.091488 -0.447604 -0.316602 -0.300106 -0.278499 0
0.140100 -0.053777 -0.461842 -0.456973 -1.065618 1.738725 -0.486015 -0.345861 -0.372289 0
0.415992 -0.034920 -0.285080 -0.300743 -0.044732 -0.130640 -0.391044 -0.344376 -0.278926 0
-0.324892 -0.076354 -0.638764 -0.503404 -0.194932 -0.293522 -0.295612 -0.306001 -0.285868 0
-0.777382 -0.087333 0.488678 0.374777 -0.307548 -0.392283 -0.383632 -0.117075 -0.021856 1
-0.059580 -0.063095 -0.031677 -0.017556 -0.289536 -0.078171 -0.440741 -0.238926 -0.151675 0
0.554283 -0.016515 0.382094 0.244186 -0.802189 0.659266 -0.405882 -0.366900 -0.177372 0
0.386985 -0.061491 -1.017588 -0.739243 -2.238106 0.145980 -0.990258 -0.696199 -0.545100 0
0.181348 -0.034942 -0.283104 -0.373451 -0.678714 1.511561 -0.421224 -0.295035 -0.142465 0
2.916579 0.059128 -0.924181 -0.582215 -1.270331 -0.408287 -0.529519 -0.473756 -0.418487 0
-0.059353 -0.071346 -1.158745 -0.820708 -0.932991 0.405212 -0.632034 -0.624025 -0.513640 0
-0.255099 -0.053623 0.185439 -0.125993 0.291337 -0.426376 0.199854 -0.103113 -0.162624 0
-0.059595 -0.059014 -0.191047 -0.241860 -0.652443 -0.389346 -0.508964 -0.313998 -0.184825 0
-0.286061 -0.073897 -0.473706 -0.442739 -0.320399 -0.256214 -0.504575 -0.307778 -0.244560 0
-0.081384 -0.053913 0.521784 0.473624 -1.302345 0.095204 -0.398971 -0.066677 0.125829 0
-0.538070 -0.083065 -0.442082 -0.419505 -0.398658 0.449744 -0.529582 -0.375743 -0.322225 0
-0.208564 -0.069912 -0.728233 -0.602638 -0.028148 -0.322400 -0.561177 -0.417317 -0.345970 0
0.138108 -0.051986 -0.401492 -0.386206 0.351594 -0.366082 -0.359789 -0.278498 -0.196523 0
-0.205745 -0.060432 -0.556999 -0.559702 -1.162361 -0.430202 -0.159799 -0.285932 -0.304365 0
0.434050 -0.032270 -0.459584 -0.477971 -1.050519 0.131110 -0.347834 -0.289829 -0.293050 0
0.470389 -0.035245 -0.580791 -0.526791 -0.275706 -0.275869 -0.497948 -0.381583 -0.292682 0
-0.540652 -0.081472 -0.681337 -0.615942 -1.404935 -0.382845 -0.639791 -0.483914 -0.382715 0
-0.531507 -0.074119 0.235874 0.000884 -0.204137 -0.370836 -0.254881 -0.152567 -0.127043 0
-0.005086 -0.061097 -0.598809 -0.515464 -0.178034 -0.165585 -0.400437 -0.323612 -0.302580 0
-0.654865 -0.074844 -0.157614 -0.351636 0.105706 -0.110850 -0.322676 -0.222245 -0.157974 0
-0.423694 -0.072148 1.038430 1.027363 -0.705854 -0.098627 -0.158768 0.007760 0.144466 0
-0.114496 -0.046927 0.187321 0.040228 -0.032938 -0.361933 -0.566163 -0.412269 -0.250726 0
-0.661426 -0.086456 -0.772798 -0.651986 0.333140 -0.358914 -0.345551 -0.431872 -0.398894 0
0.067844 -0.062426 -0.308507 -0.288270 -0.383439 -0.423321 -0.437721 -0.330363 -0.249474 0
0.018330 -0.055535 -0.408159 -0.318319 -0.542160 -0.207345 -0.419447 -0.299000 -0.189397 0
0.203566 -0.055517 -0.901338 -0.714405 -0.175231 0.384184 -0.640449 -0.520732 -0.449599 0
-0.003332 -0.057102 0.036367 0.059448 -0.671614 -0.125386 -0.281323 -0.195897 -0.080104 0
0.206802 -0.060425 -0.656729 -0.538578 -0.750553 -0.445276 -0.494593 -0.425628 -0.392799 0
0.946177 -0.004414 0.077706 0.088733 -0.596734 -0.162476 -0.437802 -0.209359 -0.066808 1
-0.337322 -0.083984 -0.907107 -0.540209 -0.533073 -0.432184 -0.692387 -0.497534 -0.401665 0
-0.015155 -0.060336 -0.668411 -0.605414 -1.141025 -0.439260 -0.535612 -0.458990 -0.391384 0
0.041271 -0.048036 -0.520259 -0.541996 -1.558606 -0.350204 -0.155004 -0.309969 -0.325895 0
0.590816 -0.010625 -0.130953 -0.235142 -0.984316 -0.343183 -0.483513 -0.249776 -0.082332 0
0.179737 -0.042656 -0.441504 -0.461141 0.429204 0.024496 -0.237196 -0.398910 -0.310648 0
-0.480953 -0.086965 -1.103826 -0.811808 -0.326580 -0.429510 -0.739129 -0.571994 -0.515792 0
0.234047 -0.040048 0.272473 0.277944 -0.063742 -0.401771 -0.185791 -0.054153 0.074144 0
-0.625790 -0.085391 -0.126577 -0.134875 -0.516538 -0.394201 -0.224985 -0.168537 -0.140922 0
0.495436 -0.049120 -1.026802 -0.749453 -0.274992 -0.440085 -0.400587 -0.410718 -0.494835 0
-0.706321 -0.080503 0.464912 0.198621 -0.429890 -0.448503 -0.125927 -0.175955 -0.096718 0
-0.524644 -0.084538 -0.279135 -0.141424 -0.927689 0.614365 -0.678436 -0.408042 -0.270866 0
-0.029719 -0.062520 -0.634438 -0.549552 -0.473691 1.403205 -0.454953 -0.380697 -0.345013 0
1.751853 0.003148 -1.283525 -0.870369 -0.489082 0.143756 -0.598651 -0.538039 -0.506714 0
-0.403457 -0.076433 -0.118088 -0.158405 -0.519371 0.198589 -0.558714 -0.328141 -0.232714 0
-0.540748 -0.083683 -0.216089 -0.194681 -0.193506 -0.447052 -0.539798 -0.333633 -0.221461 0
-0.171550 -0.067302 0.185238 0.229164 0.055224 -0.042336 -0.226032 -0.140072 -0.077405 0
-0.372883 -0.078320 -0.787098 -0.667098 -0.232682 -0.103442 -0.482322 -0.474465 -0.437004 0
-0.324500 -0.070990 0.006661 -0.088726 -0.581231 -0.311599 -0.273034 -0.176474 -0.111430 0
-1.238045 -0.102279 0.337851 0.696721 -0.451975 -0.000170 -0.480469 -0.262903 -0.134209 0
-0.476106 -0.080750 -0.553536 -0.503166 -1.128249 -0.443516 -0.719820 -0.513916 -0.424993 0
-0.460854 -0.070633 -0.289596 -0.427816 0.247143 1.191183 -0.126255 -0.273567 -0.283208 0
0.023115 -0.065809 -0.888043 -0.670209 -0.164373 -0.449995 -0.510660 -0.442250 -0.403157 0
-0.110953 -0.056639 -0.270595 -0.378187 -0.374167 0.307452 -0.399755 -0.253122 -0.208811 0
-0.578370 -0.081785 -0.142168 -0.242180 -0.785369 -0.403989 -0.513913 -0.407892 -0.254181 0
-0.444761 -0.073481 -0.042226 -0.099910 -0.373790 -0.373512 -0.121337 -0.012394 -0.042701 0
-0.638675 -0.080062 -0.468263 -0.509815 0.290889 -0.239050 -0.187001 -0.226826 -0.245254 0
-0.398655 -0.077591 -0.836136 -0.737272 -0.155249 0.159412 -0.499365 -0.473923 -0.442899 0
0.516082 -0.041398 -0.505765 -0.366094 -0.566800 0.180610 -0.332091 -0.337999 -0.307943 0
0.144007 -0.060981 -1.215818 -0.884817 -0.350750 0.331440 -0.563363 -0.590554 -0.519654 0
0.086476 -0.054317 -0.589617 -0.599979 -0.176081 0.506627 -0.444320 -0.376106 -0.382696 0
-0.006270 -0.036934 0.441109 0.095261 -1.322092 -0.428139 -0.211805 -0.242602 -0.125364 0
0.573542 -0.009347 -0.783997 -0.705233 -0.135618 -0.445716 -0.151664 -0.190878 -0.225331 0
-0.320827 -0.079884 -0.817319 -0.658339 -0.507846 -0.001183 -0.572104 -0.438746 -0.425196 0
0.195507 -0.070628 -0.933847 -0.589550 -1.609759 -0.083689 -0.678260 -0.506092 -0.429466 0
-0.748479 -0.083033 0.960056 0.815060 -0.599549 -0.015314 -0.211846 0.025551 0.215862 0
-0.294833 -0.069005 -0.368228 -0.410828 -1.101643 0.023946 -0.582344 -0.330188 -0.228750 0
-0.871613 -0.096907 -0.784948 -0.456307 -0.870238 -0.449816 -0.631110 -0.497061 -0.422856 0
0.135215 -0.062161 -0.709516 -0.565918 -0.920894 0.777215 -0.708662 -0.572187 -0.435970 0
-0.360907 -0.077207 -0.480557 -0.466759 -0.176900 -0.376095 -0.406813 -0.411130 -0.360083 0
-0.288851 -0.072135 -0.319234 -0.310801 -0.731757 -0.212541 -0.649257 -0.408802 -0.276114 0
-0.306248 -0.068597 -0.124121 -0.177951 -1.477690 -0.255667 -0.571325 -0.370198 -0.236323 0
-0.800773 -0.091174 -0.319757 -0.235998 -0.694043 -0.090721 -0.495846 -0.298714 -0.226853 0
0.032300 -0.067876 -1.011517 -0.732923 -0.252464 -0.302240 -0.592975 -0.547118 -0.470907 0
-0.819430 -0.092803 -0.099699 -0.082048 -0.543013 -0.445811 -0.267705 -0.170459 -0.181123 0
-0.925404 -0.093353 0.009573 0.039365 -0.316617 -0.437054 -0.406939 -0.316271 -0.197768 0
-0.479687 -0.082592 -0.801261 -0.680784 -0.836570 -0.178689 -0.640473 -0.483596 -0.451909 0
0.248484 -0.040486 -0.319267 -0.341772 -0.768886 -0.448761 -0.460391 -0.277296 -0.144408 0
-0.747180 -0.094318 -0.884763 -0.603321 -0.344336 0.815814 -0.787940 -0.607326 -0.467609 0
-0.558421 -0.077037 0.264488 0.169990 -0.219986 -0.419794 -0.334733 -0.228554 -0.146516 0
-0.382537 -0.075265 -0.616929 -0.618246 -0.834775 -0.199366 -0.506460 -0.530607 -0.454187 0
-0.414781 -0.081774 -0.775998 -0.610637 0.079567 -0.447772 -0.425003 -0.414961 -0.394411 0
-0.332961 -0.059947 0.162113 -0.085919 -0.593536 -0.446277 -0.387804 -0.275954 -0.130185 0
0.016034 -0.047418 -0.574424 -0.589269 0.000142 0.457935 -0.474645 -0.376978 -0.259882 0
3.306563 0.110381 -1.358497 -0.910447 -0.190357 -0.361169 -0.309139 -0.456279 -0.515261 0
-0.742542 -0.094440 -0.792423 -0.523721 -0.279642 -0.332817 -0.584315 -0.508930 -0.464219 0
-0.804866 -0.080897 0.008721 -0.207802 -0.587294 -0.188004 -0.349219 -0.165165 -0.115761 0
-0.392215 -0.088840 -1.004610 -0.673778 -1.428411 -0.402379 -0.800947 -0.631278 -0.534683 0
-0.106105 -0.065256 -0.552024 -0.520146 0.383348 -0.314699 -0.395091 -0.302529 -0.271587 0
-0.159372 -0.068533 -0.760330 -0.673537 -0.286915 -0.376623 -0.575526 -0.458549 -0.432408 0
-0.030314 -0.067661 -0.770517 -0.583910 -1.556788 -0.448037 -0.520333 -0.367465 -0.324573 0
0.020682 -0.053867 -0.282890 -0.341153 -0.620263 3.324271 -0.186907 -0.169285 -0.104453 0
-0.798963 -0.095279 -0.463437 -0.135976 -0.534883 0.374293 -0.643650 -0.443325 -0.335198 0
-0.302304 -0.077678 -0.515793 -0.371141 0.092503 -0.228147 -0.436303 -0.397961 -0.287757 0
-0.528398 -0.081083 -0.272175 -0.309497 -0.828632 2.579888 -0.683810 -0.417938 -0.313114 0
-0.681754 -0.090629 -0.245887 -0.144965 -0.889786 -0.256032 -0.417674 -0.317561 -0.272902 0
0.372684 -0.057991 -1.101548 -0.777143 -0.588938 -0.448697 -0.739254 -0.568280 -0.478775 0
-0.294260 -0.080245 -0.790837 -0.604730 -0.489247 -0.424511 -0.705249 -0.571047 -0.471959 0
0.363115 -0.054058 0.538264 0.870750 -0.709689 0.141448 -0.370469 -0.163303 -0.042359 0
-0.600566 -0.086211 -0.252270 -0.147188 -1.169226 0.161356 -0.628975 -0.349855 -0.208240 0
-0.546716 -0.083490 -0.917814 -0.730947 0.187017 -0.173303 -0.541344 -0.430347 -0.380281 0
-0.330228 -0.078232 -0.790714 -0.638219 -0.288037 0.157049 -0.521924 -0.448232 -0.447447 0
-0.639983 -0.082702 0.083077 -0.098875 -0.257757 -0.252566 -0.280859 -0.209311 -0.206779 0
0.057549 -0.063696 -0.810990 -0.671819 -1.083565 -0.449940 -0.693249 -0.560934 -0.485943 0
0.210903 -0.060137 -0.639539 -0.514501 0.931667 -0.250285 -0.178461 -0.321782 -0.380759 0
-0.130271 -0.065502 -0.438789 -0.411431 -0.581078 -0.320887 -0.374978 -0.391267 -0.333252 0
-0.897308 -0.089076 0.879332 0.751609 -0.475046 0.433685 -0.220656 0.016681 0.129298 0
0.428194 -0.055188 -0.898165 -0.664474 -0.675701 0.397857 -0.674072 -0.550281 -0.479574 0
-0.062302 -0.051390 0.134451 -0.069324 -1.634525 0.467265 -0.259614 -0.176552 -0.079156 0
-0.056939 -0.065286 -0.432565 -0.408650 -1.152451 0.311339 -0.393341 -0.309603 -0.249780 0
-0.639976 -0.091335 -0.971013 -0.733495 -0.765536 -0.305908 -0.767023 -0.588570 -0.496672 0
-0.206476 -0.071724 -0.689617 -0.554304 -0.622281 -0.382506 -0.487524 -0.423374 -0.355727 0
-0.611425 -0.088610 -0.779801 -0.557571 -0.669034 -0.220126 -0.655345 -0.478608 -0.370626 0
0.478078 -0.041185 -0.574097 -0.500922 -1.237917 1.240222 -0.666856 -0.452854 -0.355308 0
-0.636827 -0.088393 -0.731957 -0.570727 -0.966211 -0.079386 -0.757277 -0.547335 -0.421177 0
-0.246008 -0.071223 -0.866688 -0.737330 -0.063467 1.283187 -0.724597 -0.601487 -0.510805 0
-0.374211 -0.085617 -0.586247 -0.376450 -0.600219 0.450658 -0.673573 -0.504632 -0.390752 0
0.005690 -0.062719 -0.918928 -0.688174 -1.239625 0.179894 -0.637525 -0.489131 -0.419715 0
-1.015783 -0.093785 0.016063 -0.027961 -0.091405 0.876962 -0.355727 -0.131052 -0.100625 0
2.347975 0.009503 -1.650008 -0.985351 -0.730113 -0.251257 -0.662682 -0.618064 -0.571161 0
-0.206046 -0.060699 0.110570 0.039810 -0.038650 -0.407070 -0.197432 -0.121877 0.003098 0
-0.085069 -0.066850 -0.663852 -0.576203 -0.762569 -0.240465 -0.706396 -0.489879 -0.415610 0
-0.820492 -0.096716 -1.176430 -0.749315 -0.844451 -0.449709 -0.665150 -0.534798 -0.467797 0
0.368742 -0.036164 -0.327658 -0.288945 -1.547761 -0.093665 -0.529811 -0.287525 -0.184790 0
3.703137 0.176123 -1.280473 -0.882275 -0.241374 -0.363669 -0.466074 -0.514367 -0.482547 0
