1.368308 15.566271 7.363359 9.130545 9.381932 -0.664610 14.342446 15.566289 15.359814 0
1.418870 14.956788 7.213865 8.882318 9.094954 0.959957 13.576673 14.504010 14.343841 0
-0.089042 1.529376 4.467928 4.333462 4.987636 -0.088195 4.973099 4.524677 3.753813 0
-0.576552 0.508535 5.179221 5.776824 3.562156 -0.666959 3.123034 3.119847 2.817341 0
1.830963 7.123012 3.701431 3.503360 4.867701 1.058720 5.743597 5.144170 4.519547 0
1.512113 5.089412 3.324341 2.808156 4.859583 -0.343087 4.809984 4.290431 3.632067 0
-0.012273 0.944558 3.424034 3.014782 2.655986 1.049150 2.362814 2.171196 1.883687 0
1.487971 3.794320 1.919209 0.987582 4.404227 -0.674947 3.924143 2.900827 1.818886 0
1.158717 3.875741 2.682595 1.867864 4.922672 -0.666013 4.423751 3.274226 2.473401 0
0.903706 2.270052 2.607525 1.882196 4.004374 -0.245075 2.806271 2.163178 1.716429 0
-0.080534 1.322920 3.361386 2.680812 4.160734 -0.479162 2.829423 2.669159 2.451033 0
-1.161308 -0.251641 2.054875 1.542179 3.891977 -0.609457 2.128661 1.516680 1.043771 0
-1.380575 -0.431752 2.324015 2.088160 1.301206 -0.617599 1.210874 1.136711 0.996803 0
0.089505 0.956575 2.343095 1.635906 3.116368 0.668467 1.985985 1.502662 1.172137 0
-0.860256 -0.211519 1.670673 1.154137 1.059258 2.074635 0.681066 0.693648 0.582261 0
-0.554105 0.306811 2.067333 1.249196 0.050470 -0.554681 0.964586 0.682196 0.767809 0
0.605691 1.755787 2.152630 1.237177 1.926916 -0.650140 1.717031 1.382930 1.128288 0
0.119390 0.340527 1.738724 1.391412 2.118245 -0.627761 1.091231 0.874844 0.713001 0
0.633924 1.876877 1.335372 0.517837 4.228696 -0.599117 3.136199 1.932499 1.070223 0
-1.750890 -0.559758 2.024878 1.735048 1.383577 -0.414358 1.092982 0.910463 0.703899 0
0.816731 1.559163 1.415073 0.723842 2.559020 -0.430637 1.795047 1.099746 0.680980 0
-0.487407 0.000282 1.975942 1.406646 2.831269 -0.552193 1.623128 1.136703 0.704406 0
0.949552 1.274034 2.414558 1.914959 1.506198 -0.676531 1.447496 1.072732 0.923598 0
-1.214893 -0.426018 2.628640 2.840015 0.958390 -0.665302 0.647343 0.688103 0.721548 0
-0.350135 0.045112 2.201387 1.883334 1.083607 -0.088346 0.579910 0.711021 0.743110 0
1.652207 2.080727 1.676027 1.096136 0.864315 -0.622489 0.730589 0.772251 0.724319 0
0.137744 0.212350 2.219819 2.157112 0.398399 -0.665910 0.466366 0.655879 0.772796 0
0.059385 0.164229 1.854651 1.726876 1.351772 -0.676918 0.752490 0.655368 0.577336 0
-0.064512 0.032751 2.125610 2.208574 0.716265 2.051784 0.545703 0.658992 0.686652 0
-0.421940 -0.054571 1.826287 1.543745 1.924566 0.367491 1.161526 0.966981 0.821351 0
-1.100577 -0.432713 1.426279 1.212190 -1.904780 -0.609893 0.312625 0.299111 0.320376 0
-0.726315 0.019326 1.632871 1.027349 2.652197 0.327747 1.312350 1.048016 0.784901 0
-1.356567 -0.504234 1.734361 1.684708 -0.068309 -0.565829 0.253680 0.383030 0.485306 1
-0.365282 -0.065486 1.730961 1.595971 1.047702 -0.658109 0.973662 0.773530 0.681023 0
0.006187 0.436671 1.659777 1.076275 2.490546 0.766255 1.447935 0.937664 0.601415 0
-1.599414 -0.539288 2.018440 1.828177 0.946824 -0.375185 0.863185 0.637333 0.543836 0
0.183304 0.692831 2.063839 1.339957 1.500635 -0.619735 1.252160 1.110482 0.853688 0
-0.777196 -0.176096 1.455073 1.030474 0.744471 -0.119796 0.424694 0.506350 0.501563 0
-0.006514 0.609595 1.323836 0.603495 1.245548 -0.664383 1.086824 0.878877 0.576473 0
-1.318676 -0.485020 2.158568 2.251152 0.447754 -0.473620 0.428155 0.513468 0.555902 0
0.913459 3.028909 2.606333 1.646131 0.323727 0.035591 3.369940 2.888442 2.129996 0
1.049570 2.502068 1.510767 0.594828 2.707376 -0.279195 1.577175 1.068755 0.799085 0
-0.070183 0.198862 1.413608 0.919342 1.350465 -0.251589 0.831879 0.717802 0.594249 0
0.814636 0.648495 1.446054 1.023326 0.416270 -0.281679 0.114040 0.353015 0.467119 0
-0.464125 -0.120202 1.511800 1.240182 0.957010 -0.470560 0.232602 0.362654 0.420381 0
0.435133 0.141405 0.907481 0.683385 0.854125 3.069015 0.610635 0.457597 0.288848 0
-0.431241 0.072199 1.395667 0.975040 1.591230 2.848098 1.174379 0.903887 0.751899 0
-0.240563 0.152009 1.237682 0.700908 2.126110 -0.338904 1.261805 0.826009 0.563700 0
-0.975039 -0.282379 1.210369 0.918081 0.988278 -0.383614 1.031056 0.721878 0.550743 0
-0.934578 -0.361324 0.879181 0.624258 0.106256 -0.277798 -0.079828 0.098122 0.205912 0
-0.691141 -0.309200 1.107403 0.799000 0.407249 -0.179665 0.251809 0.369607 0.355689 0
-1.176298 -0.426675 1.127647 0.868955 0.172455 -0.656157 0.202816 0.299850 0.345323 0
0.057901 -0.017322 0.669388 0.457497 1.062601 2.377837 0.476433 0.344083 0.222950 0
-0.355100 -0.117056 1.263280 1.056932 0.392382 -0.619141 0.121666 0.218913 0.282961 0
-0.723267 -0.280164 1.139461 0.885106 1.046826 -0.371823 0.484568 0.470839 0.450650 0
-1.801791 -0.644275 0.886614 0.690082 0.549431 -0.401491 0.341288 0.318579 0.241465 0
0.014841 -0.025168 0.798736 0.681045 -0.170287 1.123587 -0.165971 0.083846 0.218473 0
2.402796 3.094809 1.207499 0.547259 2.431921 -0.342790 1.273580 0.785389 0.447139 0
1.436734 1.983234 1.475169 0.679420 2.324292 1.291071 1.489374 0.854972 0.457481 0
0.104451 0.053106 1.219326 1.018153 0.239495 2.606449 0.328639 0.358009 0.343667 0
-0.514747 -0.076393 1.666470 1.217715 2.340935 0.000333 1.107523 0.592087 0.467504 0
-1.533007 -0.584375 1.272928 1.315072 0.857501 -0.421007 0.165758 0.233955 0.316675 1
-1.312271 -0.516999 0.733610 0.538557 0.908723 0.213971 0.424310 0.336600 0.241872 0
-0.511264 -0.073933 1.639607 1.201095 1.675321 0.281818 1.103530 0.588837 0.465009 0
-1.109414 -0.460180 0.633106 0.466048 -0.149636 -0.651780 -0.081873 0.090149 0.142131 0
-0.191749 -0.172410 1.019508 0.889188 0.928927 0.116136 0.211627 0.238810 0.209306 0
0.300035 0.477320 1.828823 1.367593 0.195882 0.218816 0.481103 0.560119 0.634522 0
0.459111 0.193990 0.601226 0.389620 0.956315 -0.451627 0.392006 0.315357 0.212493 0
-1.037895 -0.168341 1.304761 0.589852 4.702350 -0.673038 2.162626 0.973785 0.428973 1
-0.262481 0.003493 0.643433 0.333790 1.480620 1.739931 0.692788 0.532740 0.382984 0
-0.389627 0.168596 1.492774 0.777615 1.811591 -0.674551 1.084929 0.604593 0.360121 0
-0.790642 -0.133206 1.816796 1.253593 1.398904 0.751310 1.005456 0.688138 0.566538 0
-0.805975 -0.367462 0.405825 0.180738 -0.409476 -0.677672 -0.096512 -0.021163 0.047959 1
-1.115638 -0.467166 0.509929 0.294746 0.151511 -0.475772 0.058652 0.139009 0.111915 0
-0.774132 -0.171384 1.063561 0.517510 1.433669 -0.429962 0.843086 0.588489 0.431731 0
0.932224 0.052004 0.110533 0.227078 -0.573052 1.348670 -0.459719 -0.208291 -0.100951 0
-1.022163 -0.328308 1.231249 0.710084 0.094799 -0.566484 0.029438 0.184933 0.232455 0
0.029832 0.006206 0.360188 0.108069 1.479799 -0.187031 0.777983 0.501518 0.212911 0
0.854642 0.456092 0.968035 0.601012 1.295431 -0.660027 0.409201 0.295015 0.188582 0
0.583497 0.090972 0.517321 0.370775 0.813389 -0.507098 0.347315 0.247452 0.070838 0
-0.172221 -0.130344 0.795174 0.636365 0.018295 -0.005200 0.085452 0.173668 0.196518 1
0.083080 -0.037202 0.743349 0.632634 0.527638 -0.225334 0.206152 0.146287 0.172410 0
-0.173632 -0.195116 0.640440 0.440234 1.330477 0.406353 0.487400 0.309098 0.136461 0
0.305992 -0.046210 0.563131 0.629908 0.273081 -0.302663 0.046454 0.150412 0.146488 0
-0.314033 -0.022939 0.701276 0.291210 0.441764 -0.657289 0.102640 0.157795 0.178227 0
-0.975697 -0.343646 0.562410 0.251816 1.801740 -0.628245 0.993577 0.550280 0.272568 1
-0.188053 -0.142993 0.538919 0.263350 -0.391858 -0.677346 -0.267402 -0.022768 0.009967 0
0.348918 1.051431 2.026049 1.254892 1.515830 -0.430592 0.919676 0.780255 0.789657 0
0.335982 1.198195 2.061777 1.165913 1.040127 0.689031 0.948451 0.791892 0.799071 0
-1.628083 -0.605630 0.473293 0.246197 0.431398 -0.543880 0.092123 0.179173 0.131185 0
0.725534 0.400183 0.669057 0.295421 0.424860 -0.629510 0.318977 0.302913 0.149760 0
-0.516754 0.140575 1.392398 0.639392 1.190478 -0.676321 1.050855 0.531776 0.233720 0
-0.440087 -0.172388 0.476979 0.242064 0.527676 2.965885 0.395038 0.374699 0.288079 0
-1.710536 -0.623296 0.341634 0.257707 -0.007081 -0.525620 -0.059704 0.060298 0.093638 0
-0.565842 0.008540 1.995748 1.407371 1.170797 -0.612057 1.792697 1.246603 0.775541 0
-0.867499 -0.247237 0.732756 0.353255 0.456260 -0.450656 0.304838 0.254739 0.270917 1
-0.321762 -0.222800 0.869814 0.741899 0.626085 1.517290 0.186052 0.166606 0.207663 0
0.088524 -0.089147 0.434036 0.411898 0.593085 0.010616 0.223389 0.161658 0.116742 0
1.239132 0.802797 0.701427 0.353875 1.068788 -0.606936 0.670064 0.473018 0.259533 0
0.694422 0.262133 0.276862 -0.009199 0.295682 -0.374189 0.225963 0.205121 0.073227 0
-1.451252 -0.600593 0.551623 0.518169 0.380532 -0.666217 -0.007127 0.091864 0.100118 0
-0.549438 -0.078205 0.708308 0.240010 1.169538 0.112440 0.678929 0.438936 0.274489 1
-1.261711 -0.521418 0.901756 0.738335 -0.077906 -0.400789 0.012085 0.142575 0.197180 1
0.978833 0.326235 0.272716 0.182048 0.413786 -0.660913 0.155832 0.080663 0.078533 0
-1.115170 -0.375535 0.617560 0.123598 0.293079 -0.675105 0.526647 0.294735 0.211248 0
-0.865618 -0.229328 2.134796 2.080846 -0.712118 1.199845 -0.046264 0.122864 0.358350 0
0.141677 1.019540 2.464576 1.567832 1.194118 -0.674876 1.115695 0.965717 0.952889 0
1.367316 0.487057 0.674821 0.477420 1.876671 -0.039889 0.426302 0.193587 0.121304 0
0.326796 2.243581 2.804467 1.880609 0.854268 -0.555865 3.301302 2.569197 1.939475 0
-0.199255 0.000464 1.488968 1.024505 0.024773 -0.493260 0.238283 0.247361 0.277103 0
-0.031324 0.243306 1.644742 1.082570 0.328600 1.495794 0.970616 0.742594 0.597317 0
0.129741 0.044832 0.307012 0.213470 0.226413 -0.251679 0.145637 0.150718 0.150544 0
-1.029073 -0.501433 0.315395 0.417345 -0.511487 -0.671478 -0.361698 -0.102303 0.036320 0
-0.587578 -0.237443 0.122693 -0.081432 0.017703 -0.615239 0.210068 0.133239 0.080418 0
0.665409 0.683135 1.069698 0.434691 1.962369 0.376349 1.129602 0.544278 0.222972 0
-0.489995 0.119421 1.415872 0.665674 2.038994 3.237457 1.040063 0.525621 0.328577 0
0.132467 -0.179505 0.161818 0.169037 0.463891 -0.260404 0.169989 0.140396 0.040677 0
0.810919 0.453541 1.006596 0.621638 0.861877 -0.514896 0.450330 0.319011 0.204563 0
-1.125343 -0.377992 0.740520 0.344521 -0.077438 0.664638 0.304593 0.117024 0.087157 1
-0.308865 -0.269521 0.458675 0.396264 -0.108612 -0.470501 -0.242734 -0.070720 0.026224 0
-0.231040 -0.257582 0.758738 0.818999 0.020545 0.138652 -0.015279 0.041242 0.117780 0
0.285216 0.463184 0.664247 0.146033 2.227189 -0.583673 0.581169 0.286545 0.135440 0
0.413786 0.418395 0.590065 0.157435 0.779170 4.842854 0.905464 0.482082 0.204049 0
1.057728 0.681399 0.639874 0.265039 -0.929880 -0.229320 0.007311 -0.000729 0.046704 0
0.248236 -0.162245 0.025455 0.047802 0.222330 -0.447222 0.112142 0.117055 0.030849 0
0.904833 0.714219 1.405040 0.944524 0.077751 0.270553 0.365945 0.415434 0.405380 0
0.947264 1.616061 1.191943 0.471314 1.965054 -0.139915 1.107850 0.751198 0.498567 0
-1.106203 -0.428984 0.173958 -0.048412 1.504715 -0.650592 0.530099 0.223362 0.070492 0
-1.024850 -0.308539 1.731257 1.353032 -0.388471 -0.646678 0.622524 0.552093 0.538801 0
-1.494449 -0.537767 1.357326 1.144179 -0.270209 3.522981 0.261294 0.292135 0.349942 0
-0.734286 -0.127891 1.715903 1.186516 -0.177698 5.433831 0.889742 0.624122 0.519213 0
-0.877893 -0.397957 0.340706 0.163084 0.669664 -0.202124 -0.071343 -0.022256 0.034156 0
-0.171506 -0.217173 -0.198896 -0.232423 -1.711985 0.056414 -0.151378 -0.176201 -0.193386 0
0.110604 -0.113339 -0.009483 -0.118459 -0.514614 2.070469 -0.281344 -0.101591 -0.060443 0
-0.715747 -0.353802 0.196875 0.031344 -0.081441 -0.544222 0.047313 0.042428 0.032512 0
-0.743864 -0.354940 0.328071 0.168485 0.814054 -0.456399 0.256315 0.125138 0.071298 0
2.177294 1.495795 -0.260327 -0.259147 1.402848 -0.044865 0.473058 0.241410 0.093465 0
-0.286782 0.193573 1.308790 0.654260 0.828013 -0.670526 0.903451 0.510339 0.299596 0
-1.543860 -0.587020 0.253535 0.027704 0.891969 -0.669134 0.053308 0.035386 -0.010072 0
-1.026885 -0.475624 -0.013384 -0.081931 0.117142 0.284807 -0.009514 0.053950 0.019743 0
-1.234091 -0.504570 0.208754 0.119306 0.968354 -0.369676 0.172383 0.068496 0.053326 0
-1.447119 -0.522052 0.522674 0.146287 2.203914 -0.284444 0.905592 0.323945 0.065621 1
-0.282582 0.358426 0.878530 0.236367 -0.466966 -0.621338 0.403189 0.326607 0.304255 0
-1.183895 -0.528105 0.356365 0.268496 -0.359630 -0.228951 -0.215525 -0.063586 -0.001111 0
-1.210747 -0.509557 0.115529 0.034269 0.003614 -0.100433 -0.173993 -0.047685 -0.003211 0
-1.051984 -0.387073 0.761847 0.290850 0.640772 0.644968 0.229079 0.147389 0.057107 0
-0.224533 -0.244385 0.312087 0.249507 0.111166 0.926460 -0.069414 -0.051734 0.005642 0
1.507439 0.705703 0.187489 -0.078076 1.424529 -0.474304 0.633579 0.263985 0.042832 0
-0.475992 0.062254 2.230916 1.860027 -0.095919 0.639731 0.173829 0.523281 0.724473 0
-0.083797 -0.202718 0.586341 0.574953 -0.164676 -0.676478 -0.146666 -0.004621 0.089348 0
-0.898936 -0.439895 0.100697 -0.029179 0.504732 0.260351 0.174461 0.130949 0.010383 0
-0.795860 -0.296324 0.819812 0.443285 0.752114 1.082055 0.194424 0.127457 0.106763 0
1.285219 0.550528 -0.089031 -0.122187 0.557503 -0.608330 0.052234 0.023938 0.003693 0
0.426207 0.498782 0.807411 0.333717 1.702808 -0.478384 0.292361 0.131131 0.070088 0
-0.813780 -0.338710 0.467403 0.183430 -0.119070 -0.397590 0.012979 -0.022061 -0.012412 0
0.193288 0.230976 0.858244 0.316684 -0.623065 0.683432 -0.053611 0.021826 0.114242 0
-1.611992 -0.628952 0.065845 -0.007749 -0.084278 -0.571664 -0.186681 -0.050445 -0.028489 0
0.330685 0.019679 0.294935 0.156906 -0.432031 0.818781 -0.171680 -0.020999 0.003643 0
-0.890753 -0.263040 0.793841 0.268504 1.565827 -0.610833 0.319911 0.192087 0.080132 0
0.139170 0.552854 3.790671 4.627146 0.207323 -0.483016 0.646242 0.895928 1.168866 0
-0.044500 -0.190025 0.110356 0.082335 -0.193722 -0.606308 -0.096739 -0.011001 0.028977 0
0.837331 0.202757 -0.050119 -0.087382 0.644910 -0.624262 -0.087021 -0.038443 -0.061266 0
-0.928519 -0.363241 0.290197 0.020379 -0.485475 0.040245 -0.127131 -0.058255 -0.006533 0
-0.309959 -0.136576 0.582621 0.291376 0.918812 -0.532424 0.298845 0.127128 0.068674 0
-0.912926 -0.477944 0.287114 0.206824 0.253165 0.433221 -0.012576 0.011820 0.000646 0
-0.276936 0.433140 1.465704 0.690364 1.381039 -0.535114 0.964372 0.728901 0.483407 0
-0.182070 -0.311422 0.115164 0.200158 0.022231 -0.540872 -0.156117 -0.070445 -0.011861 0
-1.199936 -0.510443 0.400848 0.196624 0.800018 3.153248 0.078531 -0.000866 -0.016202 0
0.114126 0.430913 1.892071 1.347537 2.471647 -0.497853 1.436729 1.087560 0.892783 0
-0.827666 -0.303613 0.945214 0.518734 0.367258 1.051225 0.192611 0.143401 0.123433 0
-1.446761 -0.600544 -0.128006 -0.084996 -0.675111 -0.667442 -0.406380 -0.135718 -0.063439 1
1.854735 0.932312 0.135492 -0.030644 1.509637 -0.582339 0.589009 0.243341 0.032583 0
0.720586 0.158285 0.024290 -0.067814 0.416653 -0.466430 0.213481 0.106471 0.019730 0
-0.657309 -0.392682 -0.026595 -0.083962 0.852502 -0.669296 0.059967 -0.008207 -0.067827 0
0.894759 0.399727 0.090993 -0.104028 0.680588 0.011679 0.116680 0.034289 -0.063467 0
0.457294 1.766585 2.263264 1.477592 0.378413 -0.170388 1.318280 1.371058 1.300615 0
-0.338373 0.126066 1.282647 0.634581 0.950797 -0.386144 1.080873 0.640010 0.464273 0
1.080358 0.257872 -0.143177 -0.155590 -0.390694 -0.595865 -0.363531 -0.165864 -0.120943 0
0.228622 0.794859 1.244966 0.535182 0.864727 -0.577019 0.315834 0.336773 0.369988 0
1.792107 0.835495 0.196550 0.021546 1.644089 0.763832 0.271376 0.119089 0.021751 0
-0.184399 -0.268134 -0.072908 -0.109789 0.131527 2.395118 -0.150367 -0.103431 -0.072557 0
0.486888 -0.050363 -0.059855 -0.050120 0.579749 0.999469 0.085914 -0.013778 -0.134994 0
-1.852984 -0.680256 0.140446 0.133649 0.561879 -0.355112 0.070032 0.027812 -0.053186 0
-0.715423 -0.086588 0.723832 0.154485 0.556092 1.624704 0.731910 0.300924 0.070888 0
-0.396168 -0.340278 -0.167896 -0.012849 0.107097 -0.469031 0.083720 0.032515 0.004999 0
-1.261017 -0.488494 0.484310 0.097806 0.301103 5.974356 -0.079929 -0.032123 -0.095549 0
-0.793430 -0.471688 -0.288232 -0.130178 -0.231391 -0.664071 -0.250437 -0.116743 -0.098073 0
1.531428 0.439955 -0.120214 -0.055373 0.006096 1.284711 -0.282863 -0.134921 -0.068538 0
0.212983 -0.092103 0.068937 -0.083094 -0.484317 2.526920 -0.289238 -0.184348 -0.130469 0
-0.448117 -0.050986 0.907545 0.490694 0.416192 -0.483043 -0.075173 0.004527 0.044473 0
-0.914393 -0.466354 0.048502 0.006971 0.622459 1.475682 0.003540 -0.007996 -0.035107 0
0.311333 -0.040804 0.244522 0.181835 -0.146259 -0.492406 -0.281186 -0.080318 -0.018907 0
-1.249582 -0.468388 0.500250 0.107663 0.553912 0.129738 0.385615 0.166502 0.025900 0
-1.548442 -0.601787 0.156772 -0.037960 1.148682 -0.298932 0.250641 0.094652 -0.064756 0
0.637988 0.039197 -0.277650 -0.205030 0.207163 -0.623116 -0.195293 -0.096484 -0.113520 0
0.089433 -0.068573 0.068107 0.004315 0.390459 -0.606420 0.093553 0.015929 0.006941 0
0.493745 0.140852 -0.019010 -0.082832 0.545619 1.660022 0.089721 0.003735 0.002013 0
0.577492 -0.054040 -0.135058 -0.003967 -0.268766 -0.652889 -0.275226 -0.167788 -0.095361 0
-1.317291 -0.519489 0.100188 -0.152614 0.937102 -0.585736 0.082488 0.046574 -0.018286 0
-0.802366 -0.362326 0.281391 0.033875 0.544667 -0.135779 0.074047 0.092341 0.043289 0
-0.051614 0.087425 0.389141 0.009757 -1.779341 -0.662987 -0.051922 -0.032725 -0.015524 0
1.199947 0.414690 0.107947 -0.062063 0.281274 -0.539288 -0.109235 -0.023596 -0.052599 0
-1.169962 -0.506081 -0.093421 -0.172623 0.411331 1.094475 0.133568 0.105043 -0.001516 0
1.526955 2.667548 1.820635 1.092554 0.242732 1.472371 1.491774 1.357693 1.141112 0
0.288711 0.005717 0.145170 0.013720 0.677200 -0.616517 0.200479 0.098697 0.043638 0
-0.427650 0.142250 1.559886 0.860306 -0.284576 -0.664636 0.900063 0.620014 0.365719 0
2.031464 1.379133 0.212463 -0.115914 2.646206 -0.659475 0.904158 0.368324 0.049414 0
-0.052139 0.289811 1.423730 0.946271 -0.315077 -0.526470 0.988224 0.881484 0.713472 0
0.639149 0.115202 0.261852 0.143842 0.121677 0.428051 0.012150 0.009639 -0.008496 0
-0.524057 -0.282274 0.085629 -0.086309 1.272033 -0.581559 0.503615 0.116029 -0.030860 0
0.345158 0.643637 0.774913 0.125847 0.641880 0.282500 0.247725 0.151045 0.095195 0
0.748392 0.170048 0.091598 -0.063947 0.891862 -0.624691 0.019492 0.003037 -0.019592 0
1.129761 0.171406 -0.117462 0.000871 -0.298885 0.213358 -0.371568 -0.175201 -0.077360 0
-0.686738 -0.002543 1.382346 0.694600 -0.288350 0.012646 0.672322 0.496428 0.428584 0
-1.338373 -0.506487 0.429647 0.200122 -0.953025 -0.271398 0.364655 0.316508 0.209616 0
2.151781 1.446215 -0.093987 -0.208971 1.265077 -0.663225 0.224678 0.031865 0.008924 0
0.330327 0.061853 0.151723 0.031860 0.560800 0.179061 -0.111951 -0.054861 -0.059452 0
-0.344966 0.863889 3.951884 3.563113 -0.713550 0.156252 2.054063 2.027343 1.836565 0
-1.083393 -0.370035 0.407145 0.019081 1.202518 0.608532 0.862834 0.307267 0.084869 0
-1.198142 -0.503876 0.034046 -0.066841 -0.280284 -0.558283 -0.347862 -0.176959 -0.106698 0
-0.431223 0.014266 0.692376 0.135579 3.031512 4.101707 1.217651 0.425620 0.109415 1
-0.050501 -0.129028 0.180723 -0.039206 0.890026 -0.588498 0.166165 -0.030205 -0.063502 0
0.220879 0.137971 -0.073859 -0.237284 2.007426 -0.677746 0.537232 0.182808 0.020440 0
1.122766 0.398177 -0.043022 -0.134645 -0.378789 0.556566 -0.348892 -0.180888 -0.092225 0
1.398005 0.374331 0.025367 -0.043227 0.014263 -0.429765 -0.278373 -0.167494 -0.112725 0
-1.063234 -0.538966 -0.022187 0.075472 0.200343 -0.667359 -0.105190 -0.051845 -0.025197 0
2.770700 1.395019 -0.056964 -0.151123 0.613154 0.472046 0.111249 -0.062040 -0.083459 0
1.113969 0.460133 0.585222 0.209789 -0.542410 -0.675055 -0.278399 -0.131425 -0.085493 0
5.826550 3.912620 -0.185324 -0.175889 0.301650 -0.675794 -0.072565 -0.087243 -0.055276 0
0.784332 0.691129 0.970308 0.381754 1.481203 -0.445487 0.968682 0.465652 0.178182 0
1.166646 1.382657 1.105677 0.508781 -0.018920 0.723066 0.202367 0.235158 0.193283 0
1.652253 0.890700 0.030038 -0.171512 1.190841 -0.634803 0.465095 0.153311 -0.031444 0
0.649176 0.534871 0.356571 -0.051227 0.218899 -0.559262 0.180086 0.065327 0.039769 0
-1.522287 -0.567082 0.192276 0.003473 0.026377 -0.246240 -0.152473 -0.089377 -0.076898 0
-1.468284 -0.587268 0.022170 -0.044406 -0.187781 -0.430644 -0.079297 -0.056447 -0.031426 0
-1.464595 -0.530602 1.138268 0.717281 1.083193 -0.666676 0.321747 0.255350 0.197030 1
1.281019 0.204265 -0.056945 -0.044118 0.454867 0.345371 -0.034050 -0.055605 -0.100807 0
0.452158 -0.118721 -0.015040 0.087902 0.244250 -0.592282 -0.108003 -0.098139 -0.079631 0
-0.825677 -0.485222 -0.276283 -0.190892 -0.157362 0.565912 -0.184245 -0.107387 -0.108755 0
0.128269 -0.169391 -0.006761 0.055087 0.416477 0.427239 -0.215224 -0.146003 -0.086901 0
1.265140 0.384835 -0.183843 -0.281355 -0.316410 -0.463653 -0.075872 0.023110 -0.063139 0
-1.556870 -0.651391 -0.165962 -0.014127 -0.185975 1.284716 -0.267875 -0.187270 -0.142755 0
-0.697849 -0.343173 0.311145 0.092326 0.513332 0.446117 0.144651 0.006551 -0.068674 0
-1.262956 -0.561097 0.003905 0.072031 -0.128728 1.263794 -0.376426 -0.228825 -0.117348 0
0.494399 0.186914 -0.044208 -0.250511 -0.272730 -0.652222 0.230479 -0.023668 -0.153392 0
-0.588598 -0.164606 0.181646 -0.157863 1.055169 -0.677680 0.220706 0.040905 -0.013166 0
-0.695881 -0.437612 -0.309907 -0.164592 -0.291304 -0.265160 -0.373574 -0.186243 -0.098132 0
-0.071894 0.043672 0.570840 0.172459 0.394473 -0.673997 0.179356 0.164344 0.141403 0
0.091375 -0.273628 -0.186518 0.002775 -0.720627 -0.579423 -0.300433 -0.137596 -0.093921 0
0.216912 0.117042 -0.094034 -0.268659 1.820536 -0.307884 0.512266 0.059040 -0.100933 0
-0.486246 -0.254435 0.076594 -0.145929 1.328395 4.705841 0.062082 -0.055348 -0.139225 0
-1.882223 -0.689504 -0.309936 -0.152192 -0.758099 -0.541627 -0.483919 -0.247935 -0.148532 0
-0.391160 -0.128941 0.537456 0.230908 -0.622156 -0.555924 0.048532 0.021500 0.019876 0
-0.056603 -0.098058 0.495672 0.179498 0.001590 -0.660631 0.200104 0.083132 -0.014238 0
-1.605401 -0.642101 -0.233343 -0.141789 -0.529993 0.831511 -0.367959 -0.184358 -0.113758 0
0.283673 0.046267 0.062296 -0.126711 1.431947 -0.648008 0.279763 0.024876 -0.092994 0
-0.045108 -0.029580 0.131592 -0.116683 -0.612279 -0.512613 0.327862 0.141504 0.039043 0
0.612302 0.226738 -0.162059 -0.195315 0.892216 -0.358445 0.282848 0.081097 -0.072884 0
0.649803 -0.012312 -0.234695 -0.161427 -0.198514 0.037899 -0.468266 -0.248391 -0.144303 0
0.755663 0.392658 0.227942 0.028668 -0.036230 -0.501794 -0.145158 -0.056183 -0.018952 0
-1.355453 -0.563762 -0.096295 -0.200005 0.342951 -0.641892 0.099681 -0.054167 -0.095720 0
0.048277 0.210932 1.674477 1.373560 -0.329944 -0.312306 0.718495 0.668868 0.642098 0
-1.397769 -0.570520 0.380544 0.190410 -0.547625 -0.631089 -0.207671 -0.068143 -0.018600 0
0.842799 0.045233 -0.388600 -0.262112 -0.319981 0.822645 -0.340991 -0.226416 -0.169478 0
-1.003869 -0.185305 1.730297 1.092143 1.141685 -0.442776 0.952855 0.816976 0.607703 0
-0.186970 -0.353928 -0.501299 -0.320678 -0.841763 1.487310 -0.544897 -0.289174 -0.205458 0
-0.550594 -0.330145 -0.291475 -0.294389 0.054489 -0.622254 -0.150555 -0.190529 -0.175179 0
2.282814 0.900134 -0.141265 -0.166487 0.220674 -0.598179 0.084895 -0.055395 -0.112259 0
-0.876940 -0.437553 -0.045478 -0.103209 0.314398 -0.515847 -0.217585 -0.145259 -0.138354 0
0.744550 0.122309 -0.215629 -0.204314 0.237083 -0.451490 0.160234 -0.009428 -0.135630 0
-0.758796 -0.368280 0.110184 -0.003987 0.889903 -0.143025 0.254804 0.068465 0.005876 0
1.333266 0.300506 -0.264667 -0.162041 0.242890 -0.675368 -0.340415 -0.158716 -0.093597 0
-0.672829 -0.208901 0.487637 0.102166 0.592954 0.084070 0.155515 0.106301 0.027711 0
-0.761817 -0.379554 0.185531 0.095745 0.401763 -0.374508 0.009384 -0.013346 0.009422 0
0.557808 0.082630 -0.175584 -0.187272 1.197736 0.488830 0.210513 -0.042461 -0.137678 0
0.187633 -0.147702 -0.242073 -0.237390 0.862089 -0.107777 0.004869 -0.052443 -0.154834 0
-1.672597 -0.624708 0.047355 -0.110559 -0.510161 -0.638085 -0.253432 -0.148623 -0.131314 0
1.005536 0.597916 0.562612 0.159765 -0.646594 -0.646683 0.045286 0.144717 0.056481 0
-0.921483 -0.411469 0.057131 -0.101097 0.587306 -0.655801 0.437533 0.048199 -0.029804 1
-1.831501 -0.674489 -0.085538 -0.052127 -0.534530 -0.127725 -0.148300 -0.109404 -0.097083 0
0.834624 0.282221 0.062663 -0.016267 -0.258562 -0.465981 -0.156417 -0.165536 -0.111021 0
-1.380240 -0.550646 0.411190 0.215537 -0.088888 -0.596793 -0.143386 -0.072691 -0.027573 0
-1.473254 -0.616812 -0.040875 0.010241 -0.798040 -0.006787 -0.271800 -0.238996 -0.131576 0
-0.265529 -0.057834 0.583482 0.231050 -0.115175 -0.393467 -0.169550 -0.014731 0.078303 0
0.943940 0.203905 -0.093349 -0.169248 0.620524 -0.674533 -0.189682 -0.183316 -0.155180 0
-1.300409 -0.499239 0.262463 0.013973 -0.124654 0.162558 0.178642 -0.063803 -0.077823 0
-1.233989 -0.555220 0.018450 -0.005426 0.723796 -0.555097 -0.194696 -0.155689 -0.110117 1
1.729194 4.130543 3.334871 3.161135 0.491366 -0.395132 1.733819 1.730560 1.895478 0
1.216073 0.340672 -0.259458 -0.284657 -0.757266 0.813403 -0.315769 -0.193023 -0.172190 0
-1.058891 -0.425933 0.358024 -0.002729 2.497290 -0.599303 0.803893 0.198148 0.012695 1
0.025440 -0.164474 -0.179280 -0.225397 0.060002 1.049217 -0.280704 -0.181800 -0.143434 0
-1.269543 -0.588055 -0.319270 -0.193436 0.544217 2.071187 0.045382 -0.044615 -0.107484 0
-1.884870 -0.697053 -0.307024 -0.157795 -0.291556 -0.547802 -0.399620 -0.249253 -0.180399 0
1.186604 0.416754 0.018080 -0.111348 -0.121462 -0.092901 -0.234419 -0.140684 -0.099346 0
-0.232764 -0.253571 -0.449290 -0.360945 -0.572423 -0.644822 -0.216137 -0.137733 -0.154286 0
-1.810262 -0.664499 -0.194600 -0.180780 -0.885911 -0.677155 -0.444094 -0.245376 -0.144095 0
-0.030528 -0.280861 -0.481167 -0.289617 0.046992 -0.556706 -0.302161 -0.224901 -0.198073 0
-0.690315 -0.362431 -0.076048 -0.226875 1.039830 -0.461394 0.002393 -0.085202 -0.142576 0
-1.187051 -0.431079 0.234595 -0.109183 1.951018 -0.666944 0.444905 0.123127 -0.051798 1
0.043975 -0.222689 -0.414616 -0.330698 0.212807 -0.601249 0.061503 -0.083391 -0.206467 0
-1.367506 -0.557928 0.049034 -0.091277 -0.142922 -0.395844 -0.242114 -0.134632 -0.101533 0
-1.661214 -0.602892 0.444167 0.156172 0.123801 2.980408 -0.105333 -0.079273 0.003642 1
-0.142346 -0.099305 0.242624 -0.036247 1.603917 -0.537105 0.499771 0.092116 -0.079269 0
-1.801368 -0.660246 -0.210743 -0.186626 0.088585 -0.527857 -0.123747 -0.121010 -0.114574 0
-0.988525 -0.223010 0.591126 0.025572 2.177951 -0.665642 1.041108 0.351631 0.030461 1
-0.901647 -0.225910 0.810355 0.264711 -0.382325 -0.627054 0.325937 0.202620 0.085955 0
-0.278399 -0.252903 0.203115 0.006487 -0.691193 0.165480 -0.306421 -0.183738 -0.138103 0
0.732200 0.201958 -0.110724 -0.253248 0.993794 -0.581704 0.112497 -0.050119 -0.209898 0
0.073623 -0.243814 -0.327634 -0.238030 0.989870 -0.618677 -0.018328 -0.081154 -0.118785 0
0.100384 -0.089133 -0.427535 -0.389659 0.428233 -0.641952 -0.088475 -0.128107 -0.156384 0
-1.116880 -0.525373 -0.151577 -0.190298 0.488011 -0.576600 -0.124316 -0.143615 -0.206485 0
-0.544442 -0.399077 -0.406457 -0.308913 0.565614 -0.647188 -0.130006 -0.179050 -0.202245 0
1.433564 0.488279 -0.359619 -0.308640 -0.163367 4.544415 -0.196111 -0.135404 -0.137709 0
-0.080131 -0.219325 -0.230319 -0.285183 -0.076655 -0.653481 -0.116838 -0.125226 -0.166271 0
-0.272635 0.160317 1.167439 0.615217 0.981898 -0.676613 0.591970 0.285654 0.356158 1
-0.456707 -0.377660 -0.306744 -0.187124 -0.691439 -0.677715 -0.310880 -0.150947 -0.104698 0
0.740214 0.174803 -0.232133 -0.260634 -0.161144 -0.454307 -0.249413 -0.212384 -0.164824 0
-0.230611 -0.291020 -0.422614 -0.340993 0.003678 1.177665 -0.279396 -0.189635 -0.178983 0
-0.726415 -0.069253 1.129540 0.578867 0.132537 -0.674665 1.442803 1.049611 0.729491 0
1.003182 0.334632 -0.253955 -0.266818 1.050411 0.362790 -0.032501 -0.064176 -0.083802 0
0.224365 -0.089286 -0.136196 -0.119911 -0.421764 -0.194760 -0.340864 -0.191908 -0.095182 0
1.752347 0.685908 -0.349286 -0.347707 0.707233 -0.664091 -0.082584 -0.167066 -0.177922 0
0.955958 0.349821 0.123146 -0.005662 0.878439 0.109537 0.167718 -0.021699 -0.072438 0
-0.040619 -0.314335 -0.409339 -0.236770 0.117297 -0.103830 -0.351904 -0.228994 -0.199241 0
-0.917209 -0.366057 -0.027630 -0.143823 0.891350 5.544250 0.194845 0.000252 -0.068533 0
1.846064 0.643786 -0.408883 -0.344955 0.057552 -0.416799 -0.235611 -0.183999 -0.175743 0
-0.781149 -0.406501 0.056788 -0.098671 0.560284 -0.653205 0.089420 -0.000316 -0.092937 0
-1.584985 -0.643955 -0.281709 -0.207211 -0.467854 -0.677719 -0.564673 -0.318220 -0.218177 0
0.999040 1.847845 1.890942 1.161490 0.540311 -0.611923 2.464459 1.764078 1.213221 0
1.347533 0.231490 -0.443799 -0.371915 0.046095 -0.564017 -0.205155 -0.161610 -0.193736 0
1.614483 0.630726 0.316987 0.092330 -0.194072 -0.544187 -0.253673 -0.185586 -0.146448 0
0.458357 -0.101954 -0.407181 -0.207020 -0.895123 -0.331761 -0.540560 -0.283555 -0.156343 0
-0.772600 -0.366474 0.015175 -0.141423 -0.698417 -0.664291 -0.139394 -0.290652 -0.155230 0
0.787888 0.095218 -0.330675 -0.268879 0.435100 0.030048 -0.021968 -0.159357 -0.170840 0
0.259319 -0.150284 -0.385999 -0.285742 -0.154301 2.670920 -0.383893 -0.224638 -0.167779 0
1.114764 0.495935 -0.161408 -0.309709 0.803936 -0.195161 -0.101349 -0.136638 -0.170391 0
-0.076114 -0.302444 -0.547797 -0.387313 -0.783775 -0.677148 -0.432555 -0.243476 -0.210823 0
1.339649 0.401600 -0.121895 -0.190645 -0.758340 -0.254977 -0.359862 -0.255456 -0.192236 0
-1.133094 -0.458265 -0.013560 -0.201202 -0.658393 0.839686 -0.111243 -0.151083 -0.155810 1
-1.224599 -0.486065 -0.191155 -0.337808 0.486925 1.648562 -0.065748 -0.091479 -0.158972 0
-0.467407 -0.281955 -0.485978 -0.428713 -2.992526 -0.282465 -0.059433 -0.260830 -0.247900 0
-0.699501 -0.425714 0.017654 -0.047337 0.174124 -0.592635 -0.210413 -0.157908 -0.130262 0
0.408654 -0.081819 -0.351076 -0.251325 -2.153937 -0.677715 -0.304633 -0.242510 -0.201284 0
0.156475 -0.080476 -0.210566 -0.226640 -0.168315 0.286013 -0.289354 -0.150340 -0.149180 0
-0.335721 -0.031074 0.175083 -0.145418 1.803702 -0.074695 0.766246 0.238026 0.028129 1
2.220194 1.228230 0.040001 -0.168835 1.991055 0.681741 0.608539 0.076023 -0.103971 0
1.456414 3.049536 1.552352 0.792116 1.887112 -0.258884 2.507170 1.671896 1.175110 0
0.614572 0.103667 0.193152 0.038492 0.045732 -0.676726 -0.199424 -0.138978 -0.103653 0
-0.606777 -0.326196 0.313128 0.034753 0.636176 -0.572497 -0.116484 -0.136326 -0.097401 0
-1.601642 -0.618598 -0.202221 -0.238093 -1.402792 -0.450743 -0.472224 -0.327940 -0.219653 0
0.495563 -0.082318 -0.445209 -0.318511 0.161233 -0.159220 -0.091213 -0.105727 -0.149802 0
-1.005884 -0.488575 -0.358869 -0.268710 0.725838 0.358357 0.008126 -0.149483 -0.194221 0
0.316895 -0.032227 -0.336427 -0.362599 0.095706 -0.653219 -0.237502 -0.183462 -0.200800 0
-0.289018 -0.057039 0.482924 0.056547 -0.361736 -0.637458 -0.351039 -0.150492 -0.093176 0
-0.057452 -0.033999 0.063661 -0.116537 -0.641529 0.046019 -0.135422 -0.037828 -0.008422 0
0.259848 -0.222778 -0.432142 -0.254540 -0.797935 1.571254 -0.485697 -0.294425 -0.198490 0
-0.450024 -0.387669 -0.515102 -0.347143 -0.033649 0.600124 -0.312356 -0.213291 -0.174580 0
0.651282 0.141147 -0.076349 -0.194297 0.449062 0.022295 -0.181440 -0.141094 -0.124566 0
1.064281 0.385392 0.355397 0.180066 -0.016150 -0.448165 0.025226 -0.010218 0.002840 0
0.478429 0.162778 -0.206002 -0.273657 2.094302 0.516714 0.323817 0.046511 -0.081191 0
0.853583 0.184242 -0.157828 -0.171620 0.192987 -0.652183 -0.184557 -0.142379 -0.132043 0
0.317292 -0.037367 -0.198592 -0.237921 -0.204779 4.295784 -0.364302 -0.233036 -0.152425 0
-0.925100 -0.262103 0.822208 0.427097 0.625414 -0.677501 0.411116 0.307329 0.310464 1
0.936743 0.558220 -0.049748 -0.266529 1.825634 1.546227 0.581024 0.149087 -0.033515 0
-1.424145 -0.576838 -0.043749 -0.136176 0.237963 -0.467509 0.166972 -0.088355 -0.126770 1
-0.358903 -0.185174 -0.326748 -0.373499 -0.507630 2.184978 0.019519 -0.174310 -0.225501 0
0.666070 -0.005823 -0.073845 -0.067270 -0.504958 1.247036 -0.393733 -0.190460 -0.134562 0
-1.142640 -0.414229 0.268235 -0.098195 -0.401367 0.373740 0.622405 0.039805 -0.074074 1
-1.249470 -0.526360 -0.066856 -0.187952 -0.596561 1.088033 -0.397041 -0.219734 -0.132827 0
0.423469 -0.085118 -0.424738 -0.300684 -0.422002 -0.396838 -0.433451 -0.268783 -0.192184 0
1.173052 0.113610 -0.487222 -0.289589 -0.026567 0.547585 -0.286465 -0.196780 -0.171638 0
-1.478111 -0.546494 0.103767 -0.086867 0.926475 -0.469224 0.117761 -0.053116 -0.059290 0
1.746206 0.780134 0.092625 -0.004871 -0.846745 -0.502707 0.016916 -0.112672 -0.119626 0
0.323815 -0.087396 -0.431046 -0.307179 -0.304388 -0.409824 -0.459029 -0.274269 -0.196371 0
-1.235395 -0.549618 -0.038918 -0.076355 -1.272996 -0.194767 0.089120 -0.130532 -0.185996 0
0.390990 -0.123650 -0.360749 -0.179608 0.010387 0.095367 -0.134965 -0.136722 -0.144739 0
0.479905 0.113152 -0.117243 -0.227720 -0.242839 -0.669900 -0.399358 -0.275608 -0.192700 0
-0.226194 -0.038594 -0.070725 -0.284505 1.263833 -0.105662 0.894340 0.255604 -0.005835 0
-1.779023 -0.643828 -0.417874 -0.343706 -0.910504 3.142385 -0.370697 -0.191313 -0.138531 0
-0.027137 -0.240250 -0.468648 -0.291564 -0.656382 0.511512 -0.397642 -0.240253 -0.158904 0
-1.162809 -0.437145 0.756606 0.376355 0.658333 0.537113 0.002628 -0.101039 -0.106316 0
-0.284226 0.026304 1.219803 0.610754 0.005264 0.056695 0.290701 0.255574 0.246152 0
1.093630 0.272817 -0.270643 -0.294647 0.638934 -0.587386 0.084880 -0.057300 -0.141652 0
-0.266756 -0.348885 -0.258050 -0.164783 -0.081815 -0.643044 -0.162962 -0.131192 -0.134687 0
-0.659614 -0.353859 -0.058066 -0.179251 -0.532653 -0.656294 -0.167997 -0.231169 -0.159592 0
0.545620 0.104098 0.316170 0.089385 -0.034057 -0.573313 -0.163373 -0.114014 -0.086856 0
-0.000524 -0.235195 -0.494222 -0.368148 -0.311305 -0.255416 -0.406875 -0.255578 -0.204489 0
0.057515 -0.250280 -0.430723 -0.308209 0.098456 -0.592643 -0.397680 -0.271925 -0.221871 0
-0.095811 1.375350 3.994129 3.502577 -0.471459 -0.578654 3.382295 3.030810 2.500787 0
-1.291303 -0.556214 -0.115077 -0.201108 -0.139996 -0.606649 -0.286299 -0.175709 -0.176667 0
0.544076 0.064745 -0.165620 -0.213268 -0.654877 -0.443837 -0.359761 -0.225858 -0.180441 0
0.324056 -0.111786 -0.226322 -0.157026 -0.158688 -0.677674 -0.327124 -0.205713 -0.133535 0
0.446632 -0.084025 -0.313311 -0.198694 -1.215464 -0.676408 -0.526367 -0.280778 -0.167563 0
1.062778 1.733697 1.062987 0.352948 2.070203 -0.672180 0.943420 0.634930 0.441762 0
0.420727 -0.123350 -0.647494 -0.457941 0.092674 -0.663045 -0.228770 -0.220599 -0.236062 0
0.443008 -0.076639 -0.469636 -0.375379 0.004853 -0.584126 -0.108767 -0.101508 -0.171620 0
-0.828749 -0.305341 0.320116 0.000633 1.380011 0.054406 0.632862 0.135862 -0.026351 1
-1.553661 -0.622529 -0.135467 -0.197609 0.348299 3.924245 0.115511 -0.080371 -0.115955 1
0.908138 0.044116 -0.575674 -0.406743 0.471712 -0.673816 -0.033855 -0.119387 -0.219923 0
-1.255192 -0.526545 -0.217132 -0.299616 -0.960576 0.833145 -0.059331 -0.195869 -0.168509 0
-0.153747 -0.211195 -0.301126 -0.325687 -0.519564 -0.391845 -0.037874 -0.153814 -0.195888 0
1.048305 0.163041 -0.365613 -0.308208 -0.345697 -0.324919 -0.393890 -0.225041 -0.199070 0
1.013230 0.179820 -0.156727 -0.118217 -0.367056 -0.661268 -0.213770 -0.164501 -0.135281 0
0.380701 -0.013354 -0.340726 -0.321636 0.747511 -0.651424 0.145760 -0.054135 -0.126158 0
0.085915 -0.156293 -0.206140 -0.272412 -0.103433 -0.483293 -0.208527 -0.206260 -0.212575 0
-0.704356 -0.298837 -0.064788 -0.219827 1.091038 -0.669332 0.333491 0.022205 -0.121823 1
1.669242 0.353520 -0.564764 -0.370606 0.161880 4.590312 -0.232874 -0.151563 -0.183877 0
1.491662 0.808996 -0.492624 -0.452848 0.431358 0.701271 0.074939 -0.051534 -0.135007 0
-0.048124 -0.295742 -0.314107 -0.235759 -0.354502 -0.668555 -0.363815 -0.227420 -0.179631 0
-0.346277 -0.327603 -0.191654 -0.193215 -0.068999 -0.484699 -0.166643 -0.192806 -0.231344 0
1.049089 0.015799 -0.505267 -0.272103 0.218657 -0.663567 -0.364235 -0.259661 -0.213058 0
-1.552813 -0.522122 1.397365 0.883950 -0.653608 -0.639315 0.956119 0.735901 0.515816 0
1.133244 0.251543 -0.357360 -0.303419 0.484276 3.868417 -0.139260 -0.179011 -0.190460 0
-0.640532 -0.258992 0.020987 -0.204812 0.614377 0.420632 0.155733 -0.028482 -0.134308 0
0.912292 0.123818 -0.459611 -0.353579 -0.107029 2.964371 -0.296408 -0.228547 -0.207937 0
-0.713929 -0.301331 -0.134691 -0.316440 -0.511985 2.798045 -0.067260 -0.155280 -0.173343 0
0.158913 -0.204994 -0.111937 -0.101088 0.048517 -0.570228 -0.169118 -0.180481 -0.150884 0
-1.281959 -0.520741 0.121338 -0.122255 -0.360684 -0.653108 0.008454 0.008458 -0.039951 0
0.765888 0.033519 -0.475360 -0.353170 -0.317451 -0.319524 -0.369951 -0.221164 -0.194373 0
0.474496 0.537210 1.536536 1.124691 -0.169694 0.330650 0.354908 0.448004 0.528882 0
-1.379023 -0.586184 0.023476 0.007754 0.019500 -0.275071 0.019663 -0.039861 -0.085175 0
1.010279 -0.019953 -0.446344 -0.277053 -0.855235 -0.655656 -0.594560 -0.365820 -0.264711 0
0.472534 -0.116346 -0.461769 -0.370611 -0.013067 -0.078300 -0.215622 -0.173917 -0.182593 0
1.248338 0.557838 0.502286 0.394005 0.104050 0.410542 -0.100938 -0.132056 -0.027445 0
0.049403 -0.001461 -0.116885 -0.227178 0.948035 0.228334 0.033126 -0.119649 -0.127917 0
-0.065498 -0.276705 -0.654481 -0.429411 0.035045 -0.674860 -0.306590 -0.250963 -0.213857 0
0.712079 -0.022000 -0.415291 -0.315001 -0.375255 -0.227950 -0.380016 -0.241381 -0.187716 0
0.660142 -0.022275 -0.312023 -0.220002 -0.120901 -0.658443 -0.227103 -0.164063 -0.143352 0
-0.178376 0.025377 0.318109 -0.052394 -0.137862 -0.376779 -0.367951 -0.143342 -0.091720 0
-1.149940 -0.493308 -0.260951 -0.345516 0.990664 1.582599 0.007216 -0.128530 -0.227202 0
-0.979561 -0.493417 -0.340000 -0.318353 -0.526913 -0.671656 -0.327860 -0.234820 -0.186129 0
0.641592 -0.084750 -0.584222 -0.397470 0.146642 -0.491835 -0.308736 -0.268513 -0.233952 0
0.466859 -0.059608 -0.504589 -0.337923 -0.905049 -0.669793 -0.472040 -0.310339 -0.197323 0
-1.174271 -0.543739 -0.465854 -0.385099 0.198773 -0.620203 -0.107940 -0.104145 -0.153135 0
1.057565 0.939734 0.549947 0.140197 1.129237 0.443656 0.690757 0.164453 0.051522 0
1.389019 0.195081 -0.434743 -0.214172 -0.033281 -0.587134 -0.242388 -0.194151 -0.151714 0
1.677375 0.421139 -0.377994 -0.323768 0.663984 -0.675760 -0.078235 -0.156340 -0.203775 0
0.091296 -0.166377 -0.489404 -0.408306 -1.277565 0.690325 -0.351568 -0.245263 -0.242723 0
-1.619906 -0.613335 -0.093617 -0.106682 -0.404049 -0.634337 -0.427824 -0.269466 -0.178252 0
2.052157 0.780743 0.109232 -0.008454 -0.630670 -0.374101 -0.386415 -0.232832 -0.162025 0
-0.722611 -0.294596 0.122123 -0.123824 -0.061913 -0.393216 0.203368 0.056915 -0.047441 0
0.464216 -0.146339 -0.571000 -0.325625 -0.102200 -0.676600 -0.371726 -0.249458 -0.173560 0
-0.159204 -0.228103 -0.109071 -0.211870 -0.248002 0.828975 -0.282942 -0.147085 -0.162313 0
0.477479 -0.124392 -0.538538 -0.397466 -0.230514 -0.431476 -0.422640 -0.294949 -0.246778 0
0.203343 -0.258014 -0.285482 -0.088571 -0.238836 -0.677713 -0.348036 -0.241830 -0.150979 0
0.704452 -0.030198 -0.568291 -0.405220 -0.743164 4.093749 -0.350602 -0.214001 -0.184189 0
-1.187336 -0.522566 -0.082171 -0.199678 0.739395 -0.441564 0.113365 -0.052449 -0.138364 0
-1.381557 -0.582771 -0.188608 -0.201611 0.004057 1.670279 -0.171739 -0.139532 -0.160139 0
-1.003318 -0.391482 0.186418 -0.099204 1.220811 -0.641282 0.342607 0.004189 -0.023673 1
-0.639657 -0.332808 0.761082 0.385759 -0.975166 -0.639697 -0.042337 0.069882 0.059316 0
-0.726039 -0.463918 -0.379946 -0.255195 0.412402 -0.632476 -0.135292 -0.177531 -0.184440 0
-1.535541 -0.624873 -0.294152 -0.249362 -0.765226 -0.675743 -0.445228 -0.318016 -0.202023 0
-0.548841 -0.215814 0.059888 -0.206231 -0.801522 3.721259 -0.172324 -0.174910 -0.207629 0
2.104840 0.775947 -0.382191 -0.286278 0.229612 0.662027 -0.177223 -0.199036 -0.192349 0
0.991909 0.100874 -0.289291 -0.208591 -0.369807 -0.525508 -0.172237 -0.166558 -0.140330 0
0.444878 -0.014394 -0.480768 -0.387963 -0.071079 -0.142782 -0.152690 -0.179657 -0.174925 0
-0.041338 0.240976 1.186896 0.552585 -0.084875 -0.656453 0.208506 0.190527 0.113368 0
-0.227659 -0.290149 -0.183102 -0.167865 0.298121 1.980203 -0.183931 -0.176164 -0.134500 0
-0.996984 -0.496619 -0.338122 -0.324845 0.184805 -0.316987 -0.135147 -0.196551 -0.235933 0
-0.985243 -0.397125 0.082570 -0.194602 -0.104886 2.180484 0.229315 -0.056457 -0.133698 0
-0.623296 -0.372668 0.139322 0.033975 0.240562 0.552346 -0.145446 -0.165306 -0.079702 0
-1.384355 -0.589450 -0.309473 -0.244814 -0.576440 -0.321244 -0.412666 -0.233548 -0.164558 0
0.956789 0.266900 -0.338287 -0.315954 0.088966 -0.658246 -0.317427 -0.253728 -0.222259 0
-1.809504 -0.643614 0.334072 0.162097 -0.842093 -0.655262 -0.501187 -0.278549 -0.120295 0
-1.735863 -0.658294 -0.438193 -0.311379 -0.930546 -0.265321 -0.565551 -0.273497 -0.164688 0
-1.520678 -0.626139 -0.424530 -0.354270 -0.537368 0.384691 -0.454882 -0.265040 -0.211726 0
-1.526925 -0.604653 0.229978 0.118807 -0.437287 0.043745 -0.319488 -0.124244 -0.057946 0
0.891294 0.213623 -0.301118 -0.332393 1.065080 0.708716 0.189081 -0.034596 -0.169606 0
0.613421 -0.093615 -0.727647 -0.389015 -0.004721 -0.634466 -0.303021 -0.222766 -0.222335 0
-0.955378 -0.358694 0.273546 -0.044825 1.126680 -0.482249 0.016261 -0.014059 -0.035825 0
-1.461423 -0.640151 -0.478224 -0.341866 0.077464 0.459241 -0.279077 -0.221776 -0.218143 0
-0.653565 -0.445429 -0.361591 -0.258433 0.103237 -0.656678 -0.219826 -0.207841 -0.161674 0
-0.354368 0.083768 1.889171 1.365956 0.018191 -0.074740 1.029213 0.842242 0.571576 0
0.311063 -0.193558 -0.582608 -0.368258 -0.424028 -0.303194 -0.316092 -0.237208 -0.229389 0
0.262913 -0.068683 -0.276859 -0.227211 -0.062831 5.640501 -0.203135 -0.200715 -0.146763 0
1.139049 0.289008 -0.256230 -0.259551 0.111386 0.387006 -0.216551 -0.194290 -0.187215 0
-0.973516 -0.521950 -0.270811 -0.202692 0.369591 1.551611 -0.135718 -0.186573 -0.177443 0
0.709400 0.799140 0.702560 0.245304 -0.408520 0.210160 1.071279 0.342890 0.121943 0
-0.470164 -0.413901 -0.421565 -0.244248 -0.450921 -0.499164 -0.396579 -0.263671 -0.181703 0
0.969627 0.082494 -0.364327 -0.247650 -0.815857 -0.516415 -0.566882 -0.298443 -0.209135 0
0.940968 0.580334 -0.283416 -0.388085 0.411420 -0.677184 0.515802 0.047215 -0.116193 0
-0.899195 -0.325752 0.246818 -0.061145 0.134093 0.315523 -0.156431 -0.178685 -0.111443 0
-0.524646 -0.417986 -0.296553 -0.191229 -0.048867 -0.648963 -0.335595 -0.223172 -0.145283 0
-0.919360 -0.468664 -0.521314 -0.407831 -0.831185 -0.038386 -0.277163 -0.262174 -0.197562 0
1.899373 0.701291 -0.578756 -0.466022 0.582399 6.756846 -0.184101 -0.216472 -0.255566 0
-0.115898 -0.058957 0.139841 -0.110894 0.404038 -0.677735 0.499497 0.078142 -0.087277 0
-1.494414 -0.622145 -0.309879 -0.263684 -0.336308 -0.427852 -0.369632 -0.249835 -0.177837 0
0.921090 -0.037544 -0.715434 -0.388142 -0.591440 -0.316540 -0.535318 -0.329594 -0.227809 0
-1.797634 -0.661634 -0.027323 -0.109139 -0.483683 -0.085386 -0.296290 -0.181817 -0.114289 1
0.312317 -0.183431 -0.532668 -0.318725 -1.164368 -0.275553 -0.636966 -0.334959 -0.210702 0
-0.300364 -0.255908 -0.305449 -0.337067 0.584308 0.504717 -0.124190 -0.186374 -0.201086 0
0.241637 -0.101966 -0.292160 -0.242201 0.225853 -0.417246 -0.200409 -0.214133 -0.205419 0
-1.281089 -0.517120 -0.168308 -0.284906 -0.213911 -0.669813 0.297274 -0.128431 -0.168277 1
1.022552 0.667484 0.103959 -0.155676 -0.209773 -0.665835 0.212603 -0.097345 -0.101763 0
0.842327 0.241403 -0.142877 -0.219563 -0.108671 1.190087 -0.448621 -0.287805 -0.226147 0
1.600341 0.409847 -0.006488 0.048862 -2.181583 -0.543906 -0.309531 -0.142103 -0.080085 0
0.733070 -0.060414 -0.622718 -0.384410 0.193326 -0.173880 -0.219654 -0.239829 -0.238398 0
1.067278 0.291829 -0.525363 -0.431525 -0.870126 -0.553598 -0.177904 -0.242665 -0.262022 0
0.671432 0.039989 -0.129325 -0.152615 -0.656955 -0.513848 -0.340213 -0.264769 -0.207274 0
-1.253734 -0.410741 3.425669 3.673796 -1.180908 -0.204556 0.896610 1.007447 1.003477 0
-0.304060 -0.160969 -0.069899 -0.240845 0.637787 0.391488 0.333317 0.025772 -0.094768 1
1.464507 0.497568 -0.424805 -0.374030 0.419849 -0.362927 -0.324191 -0.225580 -0.200888 0
-1.755529 -0.671825 -0.201125 -0.174778 0.065087 -0.553521 -0.298762 -0.221240 -0.204459 0
0.277848 -0.192214 -0.448455 -0.261099 0.071902 -0.050043 -0.532370 -0.310174 -0.192241 0
-0.282288 -0.318285 -0.286952 -0.257918 0.243037 0.123235 -0.160969 -0.172796 -0.179359 0
0.334129 -0.069009 -0.584493 -0.424449 0.353288 -0.149213 -0.188273 -0.207536 -0.211208 0
-0.039173 -0.172361 -0.218382 -0.276078 -0.665027 0.793384 -0.075462 -0.212907 -0.189400 0
0.072587 -0.175815 -0.374417 -0.317400 -0.744674 -0.513696 -0.562410 -0.322711 -0.210572 0
-0.018880 -0.234285 -0.209126 -0.170316 -0.097685 -0.390615 -0.248575 -0.203719 -0.162934 0
0.100800 -0.185214 -0.524980 -0.402911 -1.028074 -0.676312 -0.529892 -0.291420 -0.213259 0
0.090646 0.271930 0.793583 0.267743 0.697924 0.040387 0.555115 0.308857 0.225350 0
1.546138 0.218834 -0.597677 -0.375920 0.154673 -0.303532 -0.307724 -0.271919 -0.235815 0
-0.134365 -0.360505 -0.638390 -0.298963 -1.294543 1.405266 -0.520298 -0.332357 -0.241741 0
0.204676 -0.218134 -0.472471 -0.288832 -0.140809 -0.371521 -0.351750 -0.242588 -0.181951 0
0.181759 -0.150708 -0.125287 -0.190757 -0.351536 -0.588308 -0.365449 -0.272082 -0.220955 0
-0.042429 -0.254834 -0.555347 -0.385157 0.372296 -0.024086 -0.053981 -0.149748 -0.214385 0
-0.474994 -0.345131 -0.431762 -0.348087 0.696554 0.067670 -0.029376 -0.155246 -0.220706 0
0.118150 -0.166681 0.306286 0.229278 -1.085387 -0.262254 -0.293457 -0.161561 -0.102294 0
0.115979 -0.054145 0.338437 0.124127 -0.008720 -0.365498 0.134367 0.010281 -0.062663 0
-0.862924 -0.292543 0.504400 0.082470 0.320429 -0.663256 0.072549 0.011242 -0.061008 0
0.919323 0.103625 -0.483628 -0.353966 -0.919592 -0.564029 -0.343930 -0.292910 -0.219162 0
-1.129728 -0.495468 -0.168926 -0.216688 0.771509 -0.363662 0.031880 -0.114734 -0.129659 0
-0.252771 -0.054947 0.405107 0.118774 0.090310 0.201681 0.180180 0.078554 0.033522 0
1.094478 0.452395 -0.296387 -0.264943 1.013335 -0.538016 0.398600 0.036362 -0.086225 0
0.200792 -0.094179 -0.257694 -0.234978 -0.321859 -0.287710 -0.178599 -0.166516 -0.164584 0
-0.848653 -0.474548 -0.430170 -0.380884 0.241896 -0.070427 -0.166112 -0.166002 -0.204718 0
1.577249 0.887567 -0.301526 -0.386494 -0.844147 -0.647921 -0.126448 -0.242583 -0.185688 0
0.082726 -0.053765 -0.355770 -0.408766 0.696296 0.267970 0.080393 -0.056948 -0.166846 0
0.386401 -0.009539 0.060703 -0.090695 0.168076 -0.659528 0.009222 -0.078320 -0.097308 0
-1.166433 -0.457259 0.562932 0.172346 -0.203729 1.640713 0.039626 -0.051359 -0.110749 1
0.249308 -0.177167 -0.231208 -0.126855 -0.812627 -0.081220 -0.326548 -0.204343 -0.118120 0
0.730195 0.046811 -0.464417 -0.340169 -0.088971 -0.652745 -0.308438 -0.206331 -0.163553 0
0.713140 0.033739 -0.566174 -0.442450 0.297848 -0.306185 0.045331 -0.088005 -0.189321 0
2.491970 0.789910 -0.493848 -0.308551 -0.119338 -0.603666 -0.368445 -0.283160 -0.214263 0
-0.520485 -0.283006 0.102832 -0.033157 0.583226 3.725765 0.021344 -0.067298 -0.106323 0
0.770887 -0.061398 -0.646642 -0.383145 0.449737 -0.419505 -0.245521 -0.234462 -0.216491 0
-0.942033 -0.494183 -0.491719 -0.378597 -0.702572 -0.607975 -0.434626 -0.241195 -0.204865 0
-0.884683 -0.345121 0.383582 0.051308 0.387919 -0.675421 -0.187972 -0.187682 -0.116790 0
-0.631886 -0.426402 -0.480962 -0.343048 -0.279278 -0.676150 -0.382054 -0.301993 -0.246965 0
-0.727818 -0.304270 -0.041406 -0.253130 -0.182040 -0.675689 -0.155134 -0.189239 -0.191985 0
-1.330780 -0.598206 -0.365344 -0.316348 -1.319974 0.885652 -0.336495 -0.296494 -0.245842 0
1.307596 0.343756 -0.490677 -0.384542 0.066967 -0.623059 -0.166755 -0.207528 -0.217263 0
-1.029962 -0.493793 -0.226113 -0.258693 -0.342533 0.128923 -0.388792 -0.267041 -0.205305 0
-0.021853 -0.230304 -0.415244 -0.336664 0.063053 -0.587024 -0.148381 -0.139204 -0.169755 0
1.264950 0.210815 -0.631047 -0.444374 -1.559266 -0.670185 -0.505944 -0.373560 -0.315149 0
-1.807712 -0.695441 -0.435347 -0.196007 -0.565818 -0.205208 -0.483274 -0.300592 -0.201048 0
-0.006739 -0.244581 -0.555237 -0.427744 0.055050 0.049646 -0.047378 -0.176056 -0.248442 0
1.303766 0.293475 -0.459286 -0.344555 -0.462804 2.224644 -0.431522 -0.290379 -0.241008 0
0.909731 0.203677 -0.295857 -0.326469 0.645606 -0.627086 0.163830 -0.041874 -0.173122 0
-1.002611 -0.482254 -0.025459 -0.174621 -1.006117 -0.604518 -0.181863 -0.200979 -0.214235 0
-1.078111 -0.470458 -0.006892 -0.187448 -0.340306 0.562840 -0.358719 -0.253592 -0.212094 0
-0.912764 -0.403537 0.839355 0.615350 -0.955016 0.476379 0.139668 0.217080 0.190046 0
-0.373779 -0.349925 -0.619867 -0.428587 -0.746615 0.088820 -0.399735 -0.231279 -0.218378 0
1.235693 0.113531 -0.677920 -0.405874 -0.303390 -0.311054 -0.353644 -0.226454 -0.222759 0
0.604653 -0.014221 -0.058678 -0.137537 0.627117 -0.677740 -0.174341 -0.160804 -0.148515 0
0.501371 -0.104176 -0.564305 -0.355460 -0.260078 -0.084729 -0.471541 -0.314085 -0.247147 0
-0.016943 -0.291030 -0.602172 -0.403253 -0.537507 0.360541 -0.533524 -0.324345 -0.231559 0
1.168261 0.600745 -0.081766 -0.250233 1.474825 -0.670824 0.247517 -0.054246 -0.119633 0
0.710203 0.078421 -0.347306 -0.314472 0.756969 -0.613446 0.051598 -0.113678 -0.184151 0
1.466240 0.418968 -0.313679 -0.302763 0.173038 -0.668948 -0.169208 -0.184252 -0.184636 0
-0.459599 -0.340237 -0.017138 -0.089676 -0.434918 1.310657 -0.181181 -0.237827 -0.133616 0
0.667823 0.064823 -0.677236 -0.480420 0.424770 -0.146017 -0.153422 -0.191318 -0.231580 0
0.901395 1.869673 1.383709 0.569071 1.221167 1.006904 1.720282 1.177601 0.841651 0
0.827034 0.110558 -0.303620 -0.266062 -0.195038 0.874387 -0.360789 -0.271331 -0.214300 0
-0.797676 -0.414587 0.208717 0.019271 -0.124636 -0.525175 -0.219664 -0.177737 -0.150328 0
-0.564206 -0.178537 1.265657 0.931316 -0.724909 -0.613143 -0.149654 -0.120739 -0.002343 0
-0.399129 -0.274353 -0.344944 -0.366781 -0.837960 -0.677654 -0.148884 -0.230776 -0.191217 1
-0.450397 -0.124839 0.343619 -0.003388 0.198109 -0.670863 0.549430 0.125455 -0.030445 1
-0.561374 -0.358722 -0.290467 -0.270772 -1.035276 -0.505647 -0.397675 -0.286787 -0.210680 0
0.684920 -0.079576 -0.579828 -0.383664 -0.651639 -0.512293 -0.461366 -0.255110 -0.202025 0
0.499247 -0.150629 -0.547589 -0.373342 -0.260563 1.720722 -0.286554 -0.226961 -0.216737 0
0.629784 0.318110 0.052511 -0.194287 0.175033 -0.672388 -0.006108 -0.057876 -0.097593 0
-0.013382 -0.098770 -0.476696 -0.436987 -1.000364 -0.349944 -0.426827 -0.269274 -0.241362 0
-0.464643 -0.301296 -0.062724 -0.187912 -1.029000 -0.457305 -0.571179 -0.349315 -0.221259 0
-0.423884 -0.344867 -0.443765 -0.396926 -0.262538 -0.239165 -0.250161 -0.221096 -0.211167 0
-0.235818 -0.366153 -0.683792 -0.437411 -0.539434 1.020931 -0.268407 -0.237774 -0.226945 0
-1.389820 -0.588517 -0.246268 -0.260009 -0.873310 -0.676810 -0.110429 -0.229311 -0.161500 1
0.354506 -0.208942 -0.617613 -0.335242 -1.651643 0.370769 -0.407800 -0.341350 -0.269343 0
-1.221582 -0.567484 -0.351984 -0.261285 -0.476897 1.443982 -0.434704 -0.279448 -0.214208 0
-1.223951 -0.587097 -0.491192 -0.299298 -0.778771 -0.126202 -0.518088 -0.325499 -0.232781 0
-0.477338 0.001443 1.538970 1.073595 -0.993920 -0.632158 0.155092 0.347044 0.445501 0
-1.525830 -0.604024 -0.323403 -0.293116 -0.646674 -0.670904 -0.236105 -0.188977 -0.195507 0
0.165618 0.250287 0.799791 0.356927 -1.216619 -0.677384 -0.014701 -0.017908 0.100332 0
0.090619 -0.076536 -0.045826 -0.162528 0.689590 -0.201048 0.025290 -0.100859 -0.116367 0
-1.471926 -0.592979 -0.244654 -0.266093 0.131036 0.131748 -0.240593 -0.182114 -0.147590 0
-0.670808 -0.492699 -0.447330 -0.262772 0.223398 -0.614413 -0.375047 -0.291813 -0.259908 0
0.002503 -0.198683 -0.521309 -0.427835 0.550445 -0.415363 -0.133191 -0.222759 -0.220361 0
-0.288350 -0.369314 -0.648926 -0.397529 -1.108079 -0.677681 -0.615334 -0.340426 -0.267004 0
1.248071 0.217353 -0.655497 -0.422859 -0.106217 -0.628038 -0.389964 -0.263355 -0.213464 0
-0.126984 -0.283406 -0.511954 -0.409736 -0.258165 -0.579292 -0.378830 -0.249312 -0.237098 0
-1.219950 -0.489949 -0.202281 -0.245529 0.334663 -0.640207 0.019676 -0.136426 -0.127790 0
0.619125 0.098682 -0.452967 -0.412516 0.065921 0.062433 -0.223588 -0.192093 -0.225153 0
-0.825906 -0.368394 0.484254 0.267758 0.865402 -0.669385 0.395251 0.188505 0.113046 0
-0.135329 -0.196155 -0.485238 -0.397002 1.094481 -0.612816 -0.054658 -0.202790 -0.243797 0
0.666124 0.059423 -0.380944 -0.290372 -0.361729 -0.551979 -0.400579 -0.263726 -0.204684 0
-0.681177 -0.387436 -0.280634 -0.346079 0.414422 2.529521 -0.132486 -0.156896 -0.212155 0
-0.048665 -0.260130 -0.304472 -0.256882 0.004527 0.437715 -0.294208 -0.244022 -0.211027 0
-1.620801 -0.624646 0.224100 0.025463 -0.174169 -0.660490 -0.208144 -0.188581 -0.157600 0
-1.493654 -0.631477 -0.594550 -0.378191 -0.276643 -0.664944 -0.345708 -0.270274 -0.226997 0
-0.061170 0.278919 0.805514 0.269546 0.319787 -0.415519 0.304802 0.182311 0.193034 0
0.255200 0.086344 0.029330 -0.174516 -0.886459 -0.674074 0.075201 -0.001776 -0.101280 0
0.147998 -0.208803 -0.567335 -0.378333 -0.738571 -0.543891 -0.523053 -0.315754 -0.232719 0
0.850249 0.279399 -0.417358 -0.406624 -0.316717 3.490027 -0.304287 -0.223187 -0.237349 0
0.909975 0.550057 -0.341940 -0.419151 1.884862 -0.640121 0.307144 -0.068812 -0.201701 0
-0.519453 -0.338740 -0.282136 -0.296527 -0.006314 -0.532376 -0.285289 -0.250955 -0.231583 0
-1.828480 -0.683277 -0.772749 -0.493183 -0.894442 -0.541634 -0.510505 -0.305604 -0.237387 0
3.073373 1.571808 -0.178798 -0.220729 1.001882 -0.590932 0.154115 -0.057705 -0.142717 0
0.411174 -0.149239 -0.331520 -0.204742 -0.582619 -0.358315 -0.438973 -0.294038 -0.211978 0
-1.655479 -0.658513 -0.336101 -0.257734 -0.301982 -0.328092 -0.434206 -0.304873 -0.219897 0
1.018251 0.080471 -0.317173 -0.218006 -0.002653 -0.433475 -0.322714 -0.232100 -0.201922 0
1.087449 0.036410 -0.704706 -0.405535 -0.768392 -0.493204 -0.563966 -0.375210 -0.290585 0
1.895588 0.765845 -0.495910 -0.456295 0.044051 -0.582079 -0.225065 -0.264795 -0.281750 0
1.246285 0.375694 -0.096838 -0.160141 -0.155379 0.688659 -0.284079 -0.193961 -0.113547 0
1.586658 0.825062 -0.059800 -0.191058 -0.041854 -0.099106 0.216056 -0.073810 -0.097026 0
-0.565177 -0.449034 -0.588617 -0.387407 -0.052254 -0.635063 -0.298018 -0.246897 -0.250176 0
-0.117007 -0.015906 0.971090 0.640985 -0.445035 -0.284664 0.446035 0.422792 0.351512 0
1.149388 0.126853 -0.661983 -0.433333 0.272008 0.708810 -0.165503 -0.210820 -0.219751 0
-0.190290 -0.197123 -0.422144 -0.363526 -0.023400 -0.369708 -0.077333 -0.092177 -0.096000 0
-1.202402 -0.582418 -0.298939 -0.239278 -0.579377 -0.495395 -0.382401 -0.261033 -0.215782 0
0.375077 -0.064326 -0.489544 -0.361026 0.571919 -0.637928 0.108719 -0.110948 -0.161541 0
-0.921118 -0.343891 0.177202 -0.146802 1.820317 0.320157 0.627458 0.065779 -0.105038 0
-0.929019 -0.370832 -0.262027 -0.379376 0.840396 -0.243688 0.129158 -0.113814 -0.195129 0
0.291856 -0.130981 -0.230099 -0.201436 -0.418996 2.165154 -0.394155 -0.265629 -0.196462 0
-0.581342 -0.263194 -0.133829 -0.319447 -0.526916 -0.606507 0.094726 -0.052468 -0.127701 0
-0.865310 -0.298571 0.751807 0.297526 -0.479208 0.007708 0.288477 0.171797 0.067083 0
1.234018 0.138295 -0.555401 -0.361005 -0.026916 -0.569201 -0.361740 -0.233065 -0.210518 0
-0.189399 -0.422692 -0.738393 -0.336266 -0.491987 -0.626856 -0.582417 -0.349850 -0.250320 0
-0.251198 -0.401974 -0.682868 -0.383838 -0.668691 1.498942 -0.384988 -0.275955 -0.244377 0
-0.968852 -0.419602 0.415861 0.200719 -0.662927 -0.648053 -0.078362 -0.022003 0.011916 0
1.769477 0.374517 -0.637898 -0.380343 0.190257 -0.064763 -0.359987 -0.270164 -0.221706 0
1.419523 0.590079 -0.166783 -0.257076 1.687449 0.536908 0.322581 -0.059103 -0.175226 0
-0.177323 -0.215126 -0.218693 -0.240659 -0.084886 -0.573591 -0.180633 -0.258729 -0.171406 0
-0.226728 -0.328647 -0.368306 -0.274729 -0.329729 -0.633571 -0.378432 -0.256463 -0.251345 0
-0.476973 -0.403221 -0.675891 -0.442255 -0.674390 -0.664862 -0.539298 -0.345812 -0.254453 0
-1.075982 -0.438238 1.416864 1.181009 -0.200961 -0.508881 0.132589 0.235662 0.269861 0
-0.383419 -0.073978 1.246673 0.811628 -0.078642 -0.336154 0.105717 0.287076 0.297978 0
-0.329924 -0.374040 -0.355361 -0.290674 -0.423265 -0.117992 -0.430422 -0.310164 -0.255375 0
0.438852 0.067903 -0.034855 -0.192532 -0.861285 -0.507199 -0.215047 -0.209501 -0.179274 0
-0.402476 -0.144068 0.656740 0.343415 -0.969937 0.014410 -0.038987 -0.007225 0.043485 0
0.994417 0.189613 -0.548259 -0.424809 -1.157447 0.419715 -0.470110 -0.329913 -0.255990 0
0.941764 0.035206 -0.740933 -0.443848 -0.138433 -0.660823 -0.252638 -0.254673 -0.254153 0
0.406205 -0.046305 -0.209641 -0.267217 -0.426712 -0.439629 -0.273125 -0.233665 -0.200876 0
0.130368 -0.230282 -0.312920 -0.250718 -0.035330 -0.428013 -0.353833 -0.248313 -0.193371 0
-1.278302 -0.533923 -0.143453 -0.249395 0.348365 0.156744 -0.355140 -0.240250 -0.176720 0
-1.566055 -0.643611 -0.271073 -0.204770 -0.825202 -0.509713 -0.320779 -0.232811 -0.185311 0
1.599366 0.663882 -0.298998 -0.355035 -0.558372 -0.331293 -0.307181 -0.308145 -0.213505 0
0.366245 -0.107103 -0.562069 -0.389947 -0.752893 -0.220707 -0.420403 -0.277469 -0.213594 0
-0.252382 -0.223373 -0.012828 -0.059103 -0.894777 -0.667759 -0.349453 -0.181034 -0.078547 0
-0.254123 -0.035775 0.853388 0.334105 0.260041 -0.510940 0.102005 0.070634 0.059118 1
0.372484 -0.195684 -0.418599 -0.298913 -0.814971 -0.098968 -0.521014 -0.347375 -0.264512 0
-1.394983 -0.619948 -0.594168 -0.343406 -0.752103 -0.664777 -0.464253 -0.375665 -0.247340 0
0.585531 0.067463 -0.327115 -0.298992 -0.531352 -0.085035 -0.420015 -0.362971 -0.292645 0
0.222433 -0.200062 -0.323686 -0.227359 -0.127149 0.132782 -0.371248 -0.260169 -0.204517 0
0.663735 0.210870 -0.400230 -0.379220 -0.365546 -0.442073 -0.255332 -0.233549 -0.192488 0
0.094449 -0.265150 -0.398317 -0.231033 0.170820 -0.021388 -0.421327 -0.315237 -0.211505 0
-0.805447 -0.372833 0.344109 0.100562 -0.732499 -0.299064 -0.492956 -0.271575 -0.122418 0
1.435699 0.570518 -0.148101 -0.243510 1.221702 0.793796 0.311518 -0.064321 -0.177943 0
0.716100 -0.081768 -0.676856 -0.439199 -0.691202 5.276713 -0.539292 -0.354920 -0.274004 0
-0.006105 0.131297 1.224606 0.732222 -0.043206 -0.322089 1.128193 0.716967 0.429022 0
-1.048478 -0.407665 0.046580 -0.235041 1.887908 1.024985 0.569509 0.051383 -0.119597 1
0.335044 0.100784 0.492700 0.357757 -0.639566 -0.588209 0.175392 0.192958 0.169220 0
-0.224361 -0.410250 -0.600033 -0.288633 -1.042450 -0.499917 -0.547720 -0.367233 -0.255273 0
0.716887 0.034595 -0.695875 -0.476026 -0.300850 1.090231 -0.301975 -0.324703 -0.276734 0
1.307287 0.418918 -0.536609 -0.416584 -0.199839 1.547501 -0.081597 -0.172712 -0.211410 0
0.232691 -0.123217 -0.568500 -0.427725 -0.513594 -0.163924 -0.379499 -0.287410 -0.239045 0
0.246845 -0.176093 -0.428416 -0.334578 -0.165246 -0.401950 -0.366358 -0.263238 -0.225867 0
1.152782 0.141852 -0.596734 -0.347770 -0.305803 -0.677334 -0.353037 -0.230738 -0.208897 0
-0.463711 -0.419582 -0.679251 -0.451202 -0.164271 -0.631419 -0.292976 -0.228421 -0.242304 0
0.269580 -0.218809 -0.641137 -0.457747 -0.321459 -0.350444 -0.337318 -0.262714 -0.254992 0
-0.439611 -0.375607 -0.528754 -0.368491 -0.811464 -0.492554 -0.399294 -0.281911 -0.218915 0
0.297638 -0.131902 -0.511579 -0.364925 0.565796 0.675704 -0.057328 -0.169033 -0.200980 0
-0.325679 -0.391091 -0.714120 -0.429241 -0.664878 1.840718 -0.543004 -0.337378 -0.251314 0
0.125541 -0.059480 -0.074841 -0.201790 -0.152459 -0.585903 -0.256827 -0.270524 -0.125116 0
0.497654 -0.135350 -0.582299 -0.372911 -0.681643 -0.529041 -0.534235 -0.338761 -0.247747 0
0.283135 -0.041134 -0.320339 -0.333055 1.103926 3.321085 0.117357 -0.086124 -0.164391 0
-0.831497 -0.385578 0.879613 0.901586 0.504843 -0.481468 -0.108136 0.074527 0.181148 1
-0.916604 -0.458989 -0.142962 -0.230304 -0.384120 0.738176 -0.337395 -0.257941 -0.245493 0
-0.749562 -0.428759 -0.062432 -0.140434 -0.745196 -0.657837 -0.161551 -0.197608 -0.201981 0
-1.356878 -0.504558 1.509437 1.238309 -1.145693 -0.379377 0.469191 0.540396 0.517852 0
0.754943 0.012480 -0.461148 -0.302076 -0.584095 -0.676565 -0.323588 -0.274390 -0.194015 0
0.257001 -0.058243 -0.048203 -0.166451 0.564283 -0.627531 -0.233383 -0.207619 -0.177759 0
-0.470109 -0.374531 -0.514089 -0.405940 0.082904 -0.622411 -0.193725 -0.209902 -0.195639 0
0.863275 -0.045722 -0.547431 -0.325116 -1.054590 -0.599844 -0.369007 -0.292932 -0.243974 0
-0.939763 -0.445619 -0.052712 -0.213241 0.058902 0.722421 -0.123477 -0.158683 -0.177549 0
-0.094042 -0.286234 -0.627750 -0.420806 -0.017924 0.645619 -0.336684 -0.246283 -0.245543 0
2.331552 1.005097 -0.592129 -0.457165 0.929214 -0.676315 -0.150139 -0.185381 -0.217275 0
-0.273768 -0.345852 -0.587499 -0.438649 0.303346 0.378700 -0.276009 -0.242977 -0.258795 0
0.431858 0.030316 -0.341271 -0.361861 -0.483856 1.262517 -0.213172 -0.241322 -0.211951 0
-1.190612 -0.585631 -0.688655 -0.437557 -0.574918 1.486334 -0.400883 -0.288192 -0.227164 0
0.039194 -0.122081 -0.159869 -0.193522 0.222097 -0.530840 -0.240026 -0.221968 -0.216071 0
