5.454306 26.020219 6.504319 7.829759 9.404623 38.043799 17.651016 20.197844 22.139918 0
1.862890 5.507931 6.210859 7.433403 8.263616 0.743845 13.474095 14.003416 13.280435 0
2.714684 7.116791 6.634780 8.151766 7.682617 -0.088425 11.806702 12.483010 12.531849 0
-0.350452 0.197265 5.372552 6.483325 2.727218 -0.031578 2.787442 2.878949 2.958871 0
0.267820 0.452850 3.399562 3.294263 3.412456 -0.297152 3.162220 2.816085 2.414108 0
0.804348 0.654792 2.985245 2.841903 3.458367 -0.308095 3.189745 2.512148 1.996291 0
-0.296747 0.074206 2.292721 2.093373 2.530597 -0.093405 1.912240 1.589419 1.380404 0
-0.421059 0.033947 3.519686 3.778875 2.311176 -0.320279 1.903016 1.682832 1.554946 0
-0.904397 -0.090263 2.908616 2.742132 2.434437 -0.303621 1.797508 1.555600 1.235560 0
-0.438401 0.028823 3.016887 2.824767 1.945065 -0.232216 1.850733 1.673310 1.324170 0
-0.551765 0.018041 2.967174 2.775124 2.207682 -0.320470 1.940752 1.765912 1.500099 0
-0.791871 -0.056593 1.478321 1.129192 1.529307 0.777807 0.969716 0.979660 0.845512 0
-1.036079 -0.112153 2.894798 2.873021 1.254745 0.646883 1.221004 1.130615 1.073484 0
-0.616394 -0.057699 2.591658 2.268179 1.669007 -0.310338 1.435071 1.260490 1.008955 0
1.435685 0.446023 2.520560 2.643214 1.377596 -0.317657 1.283213 1.200086 1.108621 0
-0.602645 -0.036106 2.432773 2.422220 1.802981 -0.081324 1.500020 1.316840 1.129468 1
-1.499824 -0.187482 3.245061 3.651131 1.084287 -0.226676 0.933777 0.845067 0.768350 1
0.218933 0.195848 1.466424 0.975575 1.709291 -0.319147 1.500284 1.161115 0.833031 0
-0.467490 0.058913 2.648838 2.273992 1.988665 -0.233778 1.941913 1.568017 1.434725 0
-0.293586 0.068215 2.499087 2.372592 1.292665 0.453295 1.246775 1.316860 1.364487 0
0.000787 -0.009700 2.695875 3.029372 0.277753 -0.208810 0.575445 0.672991 0.714271 0
0.355496 0.090114 2.686221 2.895855 1.499689 0.215589 0.983772 0.798545 0.665175 0
0.217800 0.185675 1.578459 1.342582 2.359038 0.315052 1.660277 1.248784 1.002530 0
-0.080142 -0.014953 1.699592 1.635731 1.296561 -0.007940 0.880944 0.712529 0.574942 0
0.997865 0.187720 1.535586 1.429302 0.597483 -0.260107 0.491521 0.560454 0.541023 0
-0.680633 -0.101926 1.316294 1.038595 1.590210 0.537363 0.932256 0.698279 0.477380 0
0.579645 0.695593 2.324686 1.613365 3.141326 -0.290387 2.269979 1.773083 1.570724 0
0.861827 0.170905 1.279510 0.935126 1.393880 -0.308637 0.761005 0.654423 0.437985 0
-1.364256 -0.175672 2.079388 1.861128 1.585541 -0.125212 1.143246 0.915912 0.674094 1
-1.151150 -0.128676 2.341863 2.341279 -2.407941 -0.287185 1.249065 1.013111 0.967261 0
2.568694 0.573221 2.417807 2.609236 0.762395 -0.033352 0.566906 0.645091 0.697875 0
-0.428846 0.068556 1.653130 1.112836 1.992492 -0.276737 1.648858 1.246691 1.006769 0
0.043884 0.034615 1.597968 1.353582 1.661039 -0.284865 0.901735 0.676953 0.557839 0
0.437701 0.098340 0.899390 0.487441 2.236588 -0.282210 0.913201 0.598673 0.355497 0
-1.003486 -0.143891 1.167359 0.820959 2.102638 0.836307 1.164203 0.848880 0.479145 0
-0.258547 0.064967 1.264632 0.669325 0.838458 -0.274742 0.931688 0.815240 0.667645 0
1.767702 0.355603 2.231209 2.514024 1.354391 -0.232409 0.742406 0.678547 0.707184 0
-0.546060 -0.083141 1.870846 1.956972 1.310836 -0.282564 0.804760 0.689323 0.639061 0
-0.307664 -0.055133 2.125623 2.067975 0.339650 -0.142674 0.543290 0.579822 0.535091 0
-1.221919 -0.164059 1.532226 1.403876 0.435763 -0.309440 0.459344 0.473372 0.458896 1
-0.057106 -0.004699 1.270338 0.825848 0.044505 0.173488 0.106380 0.271608 0.267134 0
0.310632 0.023772 0.826917 0.463822 0.536458 -0.098203 0.467721 0.478253 0.237485 0
-0.214965 -0.043517 1.379744 1.380911 1.171501 0.381330 0.659322 0.590445 0.474839 0
-0.907809 -0.104253 1.721371 1.246968 0.771280 -0.116954 0.738683 0.619060 0.443136 1
-1.410893 -0.185610 2.100660 2.114896 0.059615 -0.315291 0.240724 0.409808 0.527553 0
-0.257219 -0.062936 1.052745 0.993388 2.046122 1.220460 0.657707 0.491685 0.384359 0
-0.381128 -0.067256 0.937848 0.634759 1.765102 -0.155724 0.726177 0.465225 0.295262 0
-0.223254 0.069381 1.125577 0.556781 1.085330 -0.125360 1.227632 0.728873 0.385325 0
0.048356 -0.028990 1.795969 2.013434 0.950354 -0.275832 0.461930 0.465156 0.475306 0
-0.710320 -0.080660 1.580364 1.447920 0.725845 -0.290529 0.751221 0.667926 0.661560 0
-1.696309 -0.213013 2.371228 2.633147 0.078524 -0.160466 0.196870 0.292773 0.314105 1
-1.429889 -0.177931 2.140575 1.985692 1.371945 0.015604 0.680276 0.561826 0.543771 0
-0.146632 -0.064750 1.442494 1.421105 0.531797 0.105391 0.522752 0.458697 0.397617 0
-1.099754 -0.167600 1.004277 0.718566 0.395971 -0.021362 0.313004 0.358319 0.267213 0
0.052754 0.000437 1.437391 1.376220 0.760451 -0.061873 0.444316 0.454837 0.409887 0
-0.507864 -0.070407 2.037431 1.985369 0.073334 -0.081978 0.411613 0.476019 0.566961 0
0.010394 -0.006562 1.469389 1.385373 0.988312 -0.107940 0.577383 0.506028 0.476390 0
-0.726799 -0.125922 0.648255 0.352331 0.437094 -0.202418 0.191058 0.244677 0.202298 0
0.430406 0.109818 1.078451 0.514699 0.722277 -0.141432 0.470901 0.410313 0.328693 0
-0.485228 -0.117308 1.598626 1.787072 -0.066997 0.060069 0.096962 0.184749 0.243275 0
-0.756161 -0.121282 1.522475 1.584097 0.743335 0.153202 0.712460 0.531896 0.434799 0
2.146541 0.504670 1.146308 0.996374 0.950348 -0.177277 0.762817 0.653837 0.566783 0
-1.698022 -0.217830 2.225738 2.718970 -0.023148 -0.162556 0.155760 0.225370 0.282435 1
-0.680030 -0.125620 1.712992 1.692043 -0.302149 1.845797 0.057218 0.316785 0.403320 0
-0.110384 0.132116 1.180214 0.596837 1.841368 -0.166916 1.203034 0.784214 0.595966 0
-1.289558 -0.175311 1.501698 1.316947 0.547349 -0.273135 0.505086 0.422447 0.331030 0
-0.249742 -0.030290 0.668148 0.287311 1.243682 -0.237005 0.348695 0.294252 0.246933 0
-1.321604 -0.173904 0.607037 0.215572 1.307924 -0.143641 0.765764 0.488396 0.153816 0
0.208564 0.021650 2.133969 2.032895 0.034872 -0.175836 0.276184 0.453218 0.545053 0
0.091472 0.135012 1.252916 0.770196 1.770758 -0.304540 1.040566 0.610934 0.446186 0
1.237950 0.192216 1.156640 1.050195 -0.078869 -0.312395 -0.140925 0.131804 0.267377 0
-0.851643 -0.118579 0.919885 0.598402 1.146057 -0.318648 0.716993 0.407016 0.310829 0
1.056182 0.653989 1.026348 0.355847 2.643785 0.151251 1.459213 0.975016 0.723597 0
-0.609612 -0.110610 0.866306 0.716760 0.746150 -0.317257 0.431845 0.402351 0.278085 0
-0.248105 -0.082883 1.120634 1.063518 1.397911 -0.238840 0.293131 0.209002 0.238081 0
-0.669882 -0.116027 1.447147 1.214369 1.212593 0.420994 0.630663 0.491110 0.347435 0
-1.292632 -0.177497 0.258631 -0.003318 0.593100 -0.274520 0.408615 0.350656 0.188046 0
0.538034 -0.002602 1.303625 1.390667 0.125269 -0.213437 -0.047082 0.093721 0.205347 0
0.460954 0.041640 0.202408 -0.030013 1.327864 -0.188335 0.505138 0.230497 0.014166 0
1.070339 0.161929 0.599788 0.259719 -0.155176 -0.308465 -0.078352 0.094590 0.084519 0
-1.091825 -0.171434 0.725115 0.759665 0.939582 -0.220202 0.280344 0.218096 0.190652 0
-1.607069 -0.203892 0.685333 0.411086 1.376130 0.037360 0.727812 0.394667 0.249488 1
0.551175 0.063015 1.137474 1.187003 0.627081 -0.266340 0.477561 0.340498 0.263760 0
0.250185 0.058930 0.231214 -0.068559 1.310767 0.128597 0.631633 0.291328 0.059853 0
0.103908 0.032687 -0.094802 -0.275999 3.004572 -0.153522 1.134008 0.474403 0.111400 0
-0.075603 0.145652 1.300927 0.588576 0.344012 -0.265259 1.553399 0.915261 0.598070 0
1.017165 0.116753 0.319135 0.200271 0.683788 -0.318249 0.139901 0.132832 0.089353 0
-1.534269 -0.205898 1.062145 0.932912 -0.249818 -0.245125 -0.290798 -0.055986 0.073922 0
1.080710 0.289396 1.139310 0.675280 1.084308 -0.265956 1.198071 0.586223 0.363055 0
-1.485201 -0.206084 0.945699 0.942240 0.203483 -0.180986 0.087956 0.107914 0.139642 1
-1.542123 -0.184598 2.222599 1.858998 -0.033212 0.005962 0.248378 0.286922 0.329152 0
-0.731400 -0.081400 0.809438 0.424755 1.137129 -0.320430 0.826465 0.525955 0.360548 0
-0.129620 -0.074764 0.479018 0.407763 0.457785 -0.300200 0.196852 0.134818 0.047792 0
-0.236336 0.192897 1.381265 0.769203 2.139514 0.509681 1.450785 1.019705 0.799941 0
-0.408294 -0.082834 1.012536 0.822955 0.271898 -0.144575 0.188407 0.261477 0.287639 0
0.243842 -0.019217 0.572818 0.513537 0.971033 0.523191 0.249121 0.215049 0.191052 0
-0.692647 -0.101604 0.992426 0.540422 -0.353570 -0.045774 -0.238095 -0.013482 0.083159 0
-1.459874 -0.208214 1.197705 1.299359 -0.065220 -0.201313 -0.057021 0.072865 0.175055 1
-0.844850 -0.142887 0.825426 0.712778 0.826176 -0.320382 0.262859 0.178358 0.172633 0
-0.562700 -0.133456 0.292725 0.146159 0.317935 -0.314884 0.000034 0.093252 0.059710 0
-0.989510 -0.152291 1.357803 1.388834 -0.133342 -0.316760 0.059867 0.228082 0.305440 1
-1.445133 -0.207195 0.713015 0.888373 0.168718 -0.143927 0.067036 0.115713 0.112552 1
-0.376974 -0.118809 0.564307 0.540786 -0.120285 -0.276545 0.133698 0.048784 -0.004065 0
-1.162568 -0.173365 0.394984 0.150606 0.210188 -0.159027 0.089762 0.083014 0.003121 0
-1.838889 -0.227716 1.438403 1.739516 -0.192668 -0.309323 -0.111622 0.044603 0.103354 1
0.101978 -0.000016 0.599731 0.277162 0.501894 0.117424 0.398081 0.234476 0.090137 0
-1.221443 -0.183846 0.611442 0.426210 0.903678 -0.239426 0.447547 0.255183 0.104710 0
-0.452884 -0.125597 0.471317 0.441857 0.187800 -0.104565 -0.018196 0.067730 0.107592 0
1.205211 0.975867 1.282201 0.485014 2.787288 -0.259511 2.169401 1.269447 0.704788 0
0.826375 0.560846 1.301424 0.644186 2.236045 -0.083266 1.782960 1.194888 0.884515 0
0.629150 0.088206 0.067565 -0.127807 1.577891 -0.263863 0.634426 0.265161 0.059118 0
0.121700 -0.003355 0.509032 0.195020 1.404238 -0.210378 0.502915 0.264500 0.071733 0
0.748413 0.084149 0.501551 0.294649 1.313965 -0.284450 0.652744 0.285652 0.155539 0
0.716034 0.112013 0.173741 -0.135828 -0.072826 -0.309465 -0.183000 -0.022526 -0.008289 0
-1.349851 -0.205295 1.216384 1.390446 0.150162 -0.286285 -0.029035 0.084714 0.152612 0
-0.092353 -0.032327 0.746286 0.348132 1.994820 -0.305711 0.768716 0.402974 0.147086 0
-1.791302 -0.229177 1.386052 1.713221 -0.075485 -0.236285 -0.121618 0.036355 0.141054 1
0.412533 0.106021 1.433850 0.956621 0.760472 1.479090 0.481392 0.473049 0.410703 0
-0.725344 -0.140243 0.183445 -0.029068 1.258575 -0.303278 0.538651 0.253648 0.054905 0
-0.092206 0.145292 1.314243 0.596591 2.807441 -0.315815 1.597274 0.935363 0.611471 0
-1.160124 -0.190463 0.723685 0.618640 0.658451 -0.303160 0.317372 0.195801 0.101353 0
0.785225 0.143096 0.815113 0.439776 -0.438265 -0.311679 -0.057718 0.175780 0.181522 0
1.228477 0.247666 0.428033 0.145207 0.212808 0.657245 -0.036967 0.047527 0.130096 0
0.411207 0.007229 0.866694 0.785276 0.443639 0.139621 0.178723 0.137953 0.164401 0
-1.049273 -0.148517 0.306886 -0.026200 0.714415 -0.149384 0.023503 0.075631 0.066169 0
1.288116 0.258279 1.362560 1.081730 -0.221330 -0.247476 -0.130064 0.041342 0.133156 0
-1.177951 -0.188215 0.721811 0.782480 0.295460 0.670101 0.157872 0.083737 0.072165 0
-0.644672 -0.110176 1.028801 0.817456 0.284404 -0.272962 0.255355 0.242901 0.251749 0
0.365343 0.028063 0.405802 0.155323 0.655541 -0.287100 0.202291 0.141434 0.061167 0
0.039308 -0.026518 0.621257 0.367179 0.146747 0.095690 0.103115 0.151976 0.151284 0
-0.987060 -0.142395 0.731017 0.345986 1.456545 -0.248848 0.578654 0.348804 0.222418 0
-1.495812 -0.181492 1.095897 0.595367 0.069566 0.098040 0.647338 0.475936 0.243451 0
-0.627511 -0.101704 1.074260 0.650702 0.108548 2.530379 0.200133 0.141510 0.099137 0
0.987430 0.084036 0.304884 0.247735 0.648961 0.293858 0.467457 0.194454 0.094456 0
-0.985977 -0.168596 0.678693 0.711205 -0.386370 -0.215925 -0.199765 -0.020161 0.094990 0
0.673145 0.040931 0.215064 0.050244 0.328486 1.253456 -0.065576 -0.027867 -0.001062 0
-0.357445 -0.094661 0.453552 0.242604 -0.029502 -0.240782 -0.059108 0.026647 0.041932 0
-1.068353 -0.177145 0.493022 0.335165 1.150791 0.079882 0.349996 0.153951 0.013645 0
-0.772997 -0.140603 0.523405 0.413176 -0.386565 0.028809 -0.118482 -0.070277 -0.008758 0
-0.278671 -0.083640 0.844984 0.790517 -0.438310 2.471969 -0.252061 0.015309 0.157063 0
-1.629987 -0.219174 1.417110 1.739185 -0.377474 -0.241180 -0.102888 0.008312 0.099288 1
-0.368133 -0.001831 1.448246 0.859908 -0.827319 -0.294223 0.297585 0.240353 0.270627 0
-0.527695 -0.104220 0.405227 0.198478 -0.213119 0.090065 -0.027901 -0.006651 0.088216 0
-0.518014 -0.095129 0.666633 0.507887 -1.984376 0.436700 -0.181227 0.023445 0.111103 0
1.510990 1.180396 1.091373 0.310057 2.715637 -0.002440 1.995260 1.260163 0.809110 0
-0.171464 -0.063464 -0.313894 -0.459443 -2.184941 -0.156111 -0.066073 -0.112860 -0.153897 0
-0.751486 -0.153631 0.729061 0.784356 -0.145900 -0.306857 -0.141239 0.000026 0.092584 0
-0.349985 -0.004837 0.286822 -0.151021 1.468516 -0.200113 0.685014 0.347713 0.131452 0
-1.756746 -0.228710 0.519955 0.649847 -0.151774 0.190255 -0.047499 0.018168 0.034683 0
0.850737 0.103136 0.348658 0.094128 -1.100773 -0.013845 -0.285370 -0.025140 0.088818 0
0.338707 0.132837 1.216456 0.730083 0.417951 -0.299983 0.685463 0.585594 0.452248 0
0.760803 0.100363 -0.034197 -0.185134 0.943073 -0.297753 -0.005684 -0.011072 0.014711 0
-1.080205 -0.174632 0.345226 0.242387 -0.007230 -0.309297 -0.176018 -0.018962 0.050811 0
0.089873 -0.005411 0.169774 -0.119027 2.321839 -0.274154 0.788013 0.274347 0.031891 0
1.145988 0.504759 1.871711 1.625330 0.571922 0.066074 0.559771 0.314547 0.538467 0
-1.085171 -0.176208 0.294702 0.218317 -0.087316 0.234710 -0.194841 -0.042577 -0.001424 0
-1.476569 -0.187075 0.803601 0.336314 0.878483 -0.319286 0.627781 0.377967 0.085024 0
-1.193166 -0.162539 0.313802 0.020873 0.964772 -0.214937 0.501474 0.273134 0.137118 0
1.085420 0.114457 0.333861 0.205933 0.085736 -0.314338 0.224481 0.184672 0.136205 0
-0.466050 -0.124783 -0.129096 -0.226263 0.478095 -0.319837 0.233710 0.086786 -0.086702 0
-0.715828 -0.120582 0.641238 0.340199 0.586250 4.022536 0.114118 0.125234 0.061656 0
-0.101790 -0.078723 -0.137174 -0.192310 0.318058 -0.240630 0.249170 -0.011497 -0.054763 0
1.049410 0.085984 0.258793 0.342133 0.282313 -0.318697 0.109176 0.062969 0.052158 0
1.323027 0.113629 -0.141672 -0.227464 0.356548 0.210702 0.057373 0.062802 -0.006916 0
0.065772 0.065249 1.278167 0.618390 -0.032973 -0.307691 -0.049054 0.152336 0.190095 0
-0.661904 -0.146504 0.038151 -0.077591 0.284994 1.281419 0.185673 0.012699 -0.128726 0
-1.420460 -0.208986 0.034553 0.217474 0.608680 0.481272 -0.109593 -0.075703 -0.051057 0
1.252064 0.097010 0.468138 0.479683 0.703611 -0.167455 0.102096 0.050135 0.001774 0
0.475167 0.320371 1.956126 1.351083 -0.530659 -0.248567 0.990306 1.014698 0.981471 0
-0.209051 -0.101093 0.056184 -0.022099 0.110471 0.520060 -0.195077 -0.101617 -0.054327 0
1.275271 0.119872 0.266216 0.119890 -1.136553 -0.256932 -0.528688 -0.220240 -0.051696 0
-0.173551 -0.076450 0.021909 -0.175686 0.684888 -0.296019 0.091038 -0.070167 -0.138049 0
-1.095807 -0.189616 0.616623 0.716225 0.149621 -0.292579 -0.086459 0.007275 0.043364 0
1.401761 0.173742 0.216754 0.267327 -0.141482 0.920249 -0.108072 -0.042381 0.055300 0
-1.111382 -0.156622 0.889929 0.616478 -0.024993 -0.308082 0.217160 0.139672 0.161787 1
-0.508490 -0.150109 -0.342344 -0.242300 0.530985 -0.201009 0.154720 -0.013553 -0.092998 0
-0.947086 -0.147089 0.091550 -0.041773 0.191738 -0.275060 0.323487 0.196405 0.134757 0
-1.786483 -0.226856 0.268292 0.278823 0.628710 -0.299081 0.113059 0.034738 -0.004830 0
-0.153605 -0.086276 -0.259501 -0.337077 1.113843 2.609381 0.287145 0.108994 -0.099279 0
1.825190 0.295824 0.038609 -0.172815 -0.033226 -0.320241 0.110957 0.020164 -0.068323 0
-0.581879 0.025727 1.923013 1.274572 -0.092708 -0.320089 1.149666 1.103831 0.981133 0
-1.225963 -0.177154 1.311321 1.062904 -0.282388 -0.120812 -0.226068 -0.056101 0.038483 0
-1.121884 -0.191249 0.376673 0.452664 0.235921 -0.314704 0.058268 0.057996 0.017418 0
0.614236 0.036905 0.333516 0.137084 -0.743169 -0.319904 -0.450277 -0.159912 -0.047536 0
0.283820 -0.026090 -0.357951 -0.420296 -0.481121 0.204456 -0.178084 -0.193517 -0.152027 0
-0.120214 -0.094466 -0.140514 -0.229025 -0.028690 0.307426 -0.197978 -0.047475 -0.035719 0
0.447934 0.086950 0.146536 -0.061428 1.176365 -0.258837 0.030011 -0.010798 0.001759 0
0.538617 0.014934 0.025258 -0.118269 1.179251 -0.285661 0.292223 0.040581 -0.080360 0
0.914993 0.040910 -0.081587 -0.094284 -0.406784 -0.164021 -0.151483 -0.051451 -0.046166 0
0.434558 -0.006355 0.114824 -0.072829 0.308631 1.419384 -0.069591 -0.081721 -0.119637 0
0.987527 0.137629 0.043352 -0.162965 0.013898 -0.284190 -0.245381 -0.121201 -0.082666 0
0.838012 0.051608 0.145659 -0.029030 1.309632 1.020586 0.454154 0.087673 -0.095095 0
-0.554003 -0.141736 0.107200 0.141356 -0.037153 -0.287940 -0.093632 -0.079737 -0.072135 0
-0.058505 0.016118 0.396122 -0.018228 -0.495317 -0.139170 1.307777 0.593037 0.170380 0
-0.712474 -0.128284 0.530424 0.297379 1.082830 -0.162553 0.261256 0.163831 0.084038 0
1.814559 0.275822 0.488885 0.242857 -0.038364 -0.315643 -0.370944 -0.170546 -0.090704 0
-0.201783 -0.038895 0.142860 -0.136152 0.867224 -0.265712 0.075993 0.008199 -0.013738 1
1.284189 0.098148 -0.339555 -0.330002 1.282882 -0.230364 0.227286 0.027751 -0.104344 0
-0.682213 -0.065458 2.702552 2.916546 -0.870307 -0.092911 0.167037 0.356035 0.608874 0
1.952965 0.235426 0.178311 0.128710 0.427518 -0.227875 0.088630 0.082937 0.042236 0
-0.543498 -0.145729 -0.039988 -0.085465 0.551091 -0.079685 0.068365 -0.003239 -0.071790 0
-1.411007 -0.186371 0.218736 -0.090401 1.720489 -0.011191 0.787987 0.278067 0.004125 1
1.559742 0.231504 0.240211 -0.027843 0.547872 0.152287 0.348981 0.072434 0.025288 0
-0.281454 -0.117299 -0.031033 -0.111051 -1.213663 -0.059156 -0.376834 -0.321678 -0.239413 0
-0.760218 -0.169764 -0.348377 -0.211639 0.851335 0.199883 0.158818 0.028424 -0.085222 0
0.459076 0.110716 0.370047 0.057854 -0.064920 -0.231867 0.147079 0.107809 0.085995 0
-1.591619 -0.216058 0.895291 0.970768 -0.421299 -0.290879 -0.286867 -0.076325 0.034572 1
2.698292 0.357828 -0.014223 -0.030015 0.099033 0.273926 -0.139544 -0.071272 -0.025611 0
0.002219 -0.123436 -0.219010 -0.031039 -0.173699 -0.189955 -0.258369 -0.171012 -0.162326 0
1.102996 0.092231 -0.321083 -0.392478 -1.709500 0.905579 -0.456817 -0.283570 -0.201212 0
-1.214240 -0.189996 0.229487 0.167784 1.120588 -0.172646 0.235658 0.074113 -0.049771 0
0.599666 0.124700 1.239589 0.880266 -0.305730 -0.057202 0.086166 0.138516 0.156385 0
-1.314742 -0.194331 -0.040811 -0.121409 -0.267304 0.219360 -0.069236 -0.085902 -0.109405 1
-0.221795 -0.118120 -0.025794 -0.024208 -0.460404 -0.317322 -0.352003 -0.146802 -0.089603 0
0.299392 0.250689 0.785964 0.163146 0.785920 -0.251023 1.233858 0.593359 0.227257 0
-0.542938 -0.141374 0.102020 0.116024 -0.868407 -0.121170 -0.343357 -0.135178 -0.067639 0
1.051913 0.046568 0.051657 0.088723 -0.557239 0.743162 -0.267700 -0.142124 -0.079708 0
-0.605137 -0.105786 0.172286 -0.039195 2.011903 1.889415 0.493208 0.108369 -0.049240 0
0.336687 -0.052950 -0.190419 -0.188292 0.386331 -0.107609 0.162333 0.001505 -0.112741 0
2.807726 0.388630 -0.160664 -0.060210 0.217629 -0.269760 0.160018 -0.008980 -0.068955 0
-1.046036 -0.175137 -0.038704 -0.098190 0.374296 0.023990 0.112436 -0.007103 -0.038423 0
-1.344972 -0.198747 -0.097858 -0.142510 1.458969 -0.203276 0.340972 0.046098 -0.097292 0
-1.726475 -0.227333 0.032436 0.265896 -0.550668 -0.098412 -0.355128 -0.196650 -0.107623 0
1.383492 0.077596 0.068556 0.097120 0.507914 -0.320558 0.083298 0.014799 -0.009179 0
0.960052 0.048390 -0.218512 -0.168961 0.153957 0.383650 -0.065554 -0.085705 -0.076591 0
1.142400 0.078979 0.167871 0.130527 0.278248 -0.277767 0.054631 0.012300 -0.017815 0
-0.043604 0.012080 -0.195926 -0.455815 3.264259 0.237227 0.928653 0.223899 -0.113207 0
-0.527126 -0.111569 0.109312 0.006006 0.135492 -0.318115 -0.064354 -0.002542 0.007153 0
1.003598 0.094427 -0.012093 -0.092512 0.164338 -0.284898 -0.041905 -0.077104 -0.120069 0
0.065392 -0.075992 -0.065086 -0.053336 -0.311333 0.996701 -0.176025 -0.130113 -0.112768 0
0.025958 -0.085303 0.281136 0.318536 -0.574293 -0.203689 -0.384706 -0.176152 -0.069246 0
-0.183796 -0.058016 0.005276 -0.187393 0.419408 -0.289597 -0.122044 -0.139912 -0.103811 0
0.027055 -0.017056 0.081939 -0.180574 0.327890 -0.318344 0.068867 -0.031151 -0.046337 0
1.862986 0.308057 0.139582 -0.110512 1.095159 -0.306374 0.314491 0.141071 -0.004731 0
-0.587643 -0.127948 0.138274 0.000497 0.617133 -0.294933 0.301456 0.100390 -0.012404 0
0.887872 0.025575 -0.151289 -0.195086 0.519143 -0.220178 0.251132 0.041653 -0.070842 0
0.271958 -0.099745 -0.069772 0.213154 -0.870249 0.181144 -0.580939 -0.296787 -0.166472 0
1.744134 0.250865 0.157657 0.023801 -0.314459 -0.310555 -0.182313 -0.101582 -0.022936 0
0.013192 -0.058909 -0.076789 -0.176624 -1.155258 0.061206 -0.536854 -0.247070 -0.125750 0
0.693310 0.019630 -0.369904 -0.451797 0.485432 -0.279003 -0.081422 -0.155003 -0.207719 0
-0.493698 -0.094303 0.335389 0.043083 -0.497165 -0.237466 -0.231457 -0.201778 -0.168318 0
-0.917243 -0.180794 0.079203 0.255126 -0.698697 -0.320586 -0.291421 -0.143482 -0.081499 1
-0.061700 -0.029143 0.662035 0.293547 0.949943 -0.244386 0.728949 0.377797 0.131860 0
0.219870 0.391815 2.042380 1.462573 0.920343 1.161874 1.376609 1.440365 1.264730 0
0.766716 0.162608 1.030429 0.714211 0.231580 -0.151645 0.127319 0.240007 0.308958 0
-1.502976 -0.208452 0.166263 0.012381 0.004682 -0.265193 -0.289252 -0.143661 -0.103573 0
0.552559 -0.015973 0.007280 -0.057488 -0.325624 -0.002098 -0.174766 -0.081115 -0.069747 0
-0.079869 -0.006350 0.206129 -0.067293 0.760737 1.649672 0.417419 0.135947 0.084457 0
1.148534 0.019230 0.112032 0.351240 -0.631135 -0.056456 -0.380658 -0.195910 -0.076033 0
1.364922 0.074154 0.293640 0.224359 -0.689805 0.054706 -0.436370 -0.229128 -0.146932 0
0.629324 0.719923 2.179756 1.469512 1.006996 -0.214289 2.156249 1.679352 1.505029 0
-0.901783 0.103548 5.742500 6.714465 -1.316941 -0.319874 2.808172 3.324553 3.614802 0
-1.272669 -0.204970 -0.480079 -0.327045 0.040726 -0.236271 -0.273770 -0.188067 -0.171406 0
-0.274156 0.005151 0.087904 -0.244243 1.094379 -0.077110 0.316571 0.155683 0.023302 0
-0.081487 -0.090490 0.093265 0.044471 -0.147603 -0.122945 -0.190258 -0.120642 -0.115210 0
-0.622318 -0.142035 -0.343659 -0.289446 0.035934 -0.135006 -0.212769 -0.102965 -0.072461 0
-0.268229 -0.135403 -0.116154 0.084517 -0.550864 -0.177450 -0.253133 -0.152812 -0.081217 0
1.912120 0.270429 -0.084752 -0.172073 0.405648 -0.098156 -0.185480 -0.130605 -0.082924 0
-1.611051 -0.216767 0.469091 0.377386 0.512319 -0.308835 -0.021356 -0.063755 -0.065624 0
0.377067 0.017154 0.330636 0.228648 -0.522221 -0.229298 -0.126765 -0.021494 0.044634 0
-0.226618 -0.076968 0.250668 0.038764 1.235747 -0.204482 0.229442 0.063734 0.016041 0
0.267105 -0.053392 -0.069476 -0.085701 -0.623917 -0.094601 -0.311499 -0.186867 -0.128599 0
-0.416932 -0.126490 -0.013548 -0.034518 -0.695960 -0.044065 -0.429138 -0.204534 -0.125728 0
0.140973 -0.051190 0.133226 -0.000186 -0.465599 -0.175350 -0.195721 -0.092431 -0.039395 0
1.478335 0.053601 -0.128506 0.018462 -0.109208 0.052154 -0.225512 -0.147168 -0.112296 0
-0.666900 -0.148723 -0.010701 -0.014372 -0.489665 -0.155624 -0.358409 -0.139582 -0.045429 0
0.770812 0.047877 0.189426 0.122095 -0.345515 -0.195974 -0.050468 -0.036622 0.000978 0
1.603280 0.146023 -0.295479 -0.188324 0.201256 -0.315967 -0.140179 -0.139520 -0.086762 0
0.455011 -0.056407 0.023010 -0.028516 -0.702249 0.061188 -0.452601 -0.256020 -0.204589 0
0.467912 -0.050262 -0.267341 -0.193957 -0.573549 -0.307080 -0.244556 -0.142220 -0.110696 0
-0.586649 -0.150997 -0.036987 -0.041179 0.566058 -0.319331 0.125404 0.005273 -0.049905 0
-0.577742 -0.165668 -0.217735 -0.101282 0.479269 -0.141016 0.066398 -0.038276 -0.147231 0
0.392312 -0.001802 0.173692 0.034639 0.057297 -0.169624 -0.084654 -0.076902 -0.085757 0
-0.129223 -0.094983 -0.286996 -0.309149 -0.483534 -0.161506 -0.401159 -0.217133 -0.159173 0
1.350940 0.149417 -0.124240 -0.255724 -0.351201 -0.129249 -0.213012 -0.159052 -0.125240 0
-0.332590 -0.135648 -0.322975 -0.255805 -0.134026 -0.305810 -0.196728 -0.141406 -0.140913 0
0.179601 -0.055113 -0.223436 -0.260480 -0.117263 0.344915 -0.302576 -0.225137 -0.149884 0
0.221222 0.007600 0.035183 -0.219408 -2.678946 -0.156168 0.064387 -0.006648 -0.096693 0
1.571549 0.177849 -0.350785 -0.411506 0.325249 -0.148907 -0.070591 -0.102256 -0.147125 0
0.648488 0.018214 -0.328863 -0.340113 0.363785 -0.103765 0.107612 -0.032272 -0.090302 0
-0.658459 -0.127460 -0.036985 -0.185273 -0.462937 0.370200 -0.208804 -0.086183 -0.043386 0
0.842094 0.007336 -0.394774 -0.349311 -0.068649 -0.279542 -0.504772 -0.325263 -0.226556 0
1.842060 0.207620 -0.145581 -0.214711 -1.107377 -0.319986 -0.017772 -0.192384 -0.186126 0
0.318233 -0.024858 0.680755 0.460565 0.182848 0.453381 -0.238360 -0.140855 -0.100574 0
-0.168178 -0.104478 -0.155852 -0.175479 -0.453270 -0.117438 -0.209135 -0.147395 -0.117983 0
-0.268656 -0.026897 0.110414 -0.183908 2.066380 -0.226973 0.467606 0.134429 -0.000386 0
0.297369 -0.068099 -0.215905 -0.090942 -0.324322 0.474390 -0.234766 -0.128384 -0.079440 0
-0.330237 -0.067628 1.501471 1.467980 -0.515087 1.169537 0.084745 0.279404 0.413169 0
-1.413009 -0.208571 -0.079485 0.005223 0.315852 0.776248 -0.074053 -0.078139 -0.068528 0
1.266433 0.079478 -0.351192 -0.370337 0.086952 -0.180291 -0.072790 -0.100436 -0.138614 0
-0.739999 -0.172259 -0.570227 -0.374401 0.284046 -0.287848 -0.151617 -0.147571 -0.185716 0
-0.837964 -0.187351 -0.122445 0.166233 -0.288288 -0.006367 -0.373450 -0.206105 -0.138127 0
-0.139928 0.093850 1.691479 1.224497 0.520860 -0.290615 1.421672 0.848197 0.618118 0
-0.387406 -0.128284 -0.176657 -0.168412 0.197194 0.201206 -0.101252 -0.102212 -0.114937 0
0.477772 -0.007753 0.179104 -0.016859 -0.117943 0.093626 -0.235342 -0.199633 -0.197085 0
-1.035103 -0.192251 -0.177042 -0.045179 -0.332890 1.175869 -0.300921 -0.156988 -0.098744 0
-0.941102 -0.170459 -0.052863 -0.134997 -0.188302 -0.010921 0.013647 -0.026975 -0.059551 0
-1.007373 -0.181744 -0.205371 -0.184019 -0.555473 -0.286615 -0.337897 -0.165476 -0.110664 1
1.103671 0.290974 1.119927 0.659105 2.306319 -0.247431 1.158610 0.569706 0.352438 0
-0.312995 -0.133854 -0.082481 0.002162 -0.134850 0.240793 -0.248490 -0.139592 -0.083562 0
-0.162601 -0.029609 -0.252681 -0.431552 2.083401 -0.319775 0.923597 0.160066 -0.097916 0
-0.100732 0.026819 0.976370 0.440481 -0.171237 -0.318785 -0.008328 0.056687 0.120585 0
0.253551 -0.055307 -0.365273 -0.431650 0.684113 -0.320318 0.021661 -0.084063 -0.179282 0
0.682831 0.023465 -0.032792 -0.017654 -0.101152 -0.137544 -0.100640 -0.057206 -0.014947 0
0.206971 -0.076893 -0.186684 -0.099302 -0.676832 -0.293853 -0.417807 -0.241625 -0.138563 0
-1.483569 -0.209047 0.308955 0.369793 -0.944299 -0.309132 -0.391764 -0.170681 -0.049563 0
-1.238748 -0.192745 0.516474 0.353030 -0.245728 0.711819 -0.412679 -0.253658 -0.152165 0
0.115613 0.012530 -0.072892 -0.301591 -0.033741 0.150070 -0.223520 -0.113438 -0.062339 0
0.658804 0.149926 1.207398 0.878484 0.374783 -0.050748 0.303456 0.310030 0.335203 0
0.711779 0.001894 -0.109313 -0.165436 0.025565 0.514395 -0.126659 -0.093722 -0.102213 0
0.633726 0.313605 0.385295 -0.125702 1.666300 -0.178909 0.782554 0.344377 0.083808 0
-1.265593 -0.209825 -0.511659 -0.252955 0.052747 -0.209510 -0.349293 -0.240822 -0.204689 1
-0.817528 -0.182914 -0.411480 -0.255254 -0.012785 -0.298216 -0.189268 -0.147328 -0.149740 0
-0.317416 -0.095116 0.107045 0.040871 -0.056222 -0.148375 -0.017616 -0.028535 -0.039347 0
-1.636669 -0.226121 -0.246861 -0.021248 -0.003524 -0.145438 -0.217418 -0.173673 -0.179906 0
0.153948 -0.068155 -0.485147 -0.477828 -0.408943 -0.314289 -0.273685 -0.209835 -0.203935 0
-0.712331 -0.120827 0.847064 0.547943 -0.167723 -0.191386 -0.124735 -0.031599 0.091878 0
0.963850 0.014724 -0.322983 -0.220623 -0.144065 -0.114616 -0.406877 -0.260995 -0.155523 0
-0.376365 -0.139172 -0.499103 -0.396050 -0.182416 -0.310538 -0.262732 -0.163109 -0.191574 0
-1.660135 -0.227655 -0.543157 -0.326146 -0.645488 1.060813 -0.503997 -0.329188 -0.259512 0
0.189783 0.001984 -0.178602 -0.362831 0.121337 -0.182590 -0.055581 -0.053804 -0.140943 0
-0.522631 -0.130455 -0.201241 -0.245833 0.935262 0.046855 0.102794 -0.035922 -0.089696 0
1.770915 0.105874 -0.538713 -0.278284 0.327409 -0.077763 -0.117303 -0.134937 -0.129522 0
-0.375792 -0.105082 0.180343 -0.091472 0.370023 -0.283928 0.023473 -0.051865 -0.117163 0
0.288963 -0.017046 -0.358982 -0.418814 1.530563 0.001581 0.379685 -0.006333 -0.209684 0
0.519557 -0.053926 -0.523005 -0.366792 -0.668152 -0.136904 -0.423474 -0.262618 -0.186437 0
-0.012650 -0.101548 -0.326638 -0.227442 0.072019 -0.302816 -0.263752 -0.197645 -0.176930 0
-1.213160 -0.163197 1.199317 0.920607 -0.234822 -0.011895 0.202477 0.221190 0.245886 1
-1.643025 -0.213371 1.071643 1.229784 -0.749571 -0.319965 -0.351385 -0.143076 0.031582 0
-0.255420 -0.109840 0.123354 0.001603 -0.135995 0.298412 -0.196473 -0.162055 -0.152040 0
-0.145627 -0.119691 -0.529892 -0.336708 -0.407050 0.341924 -0.316062 -0.202556 -0.180185 0
0.056437 -0.073787 -0.313896 -0.393499 0.993251 -0.102468 0.341594 0.014036 -0.173250 0
0.250142 0.146171 1.897284 1.426294 -0.210176 -0.137047 1.235678 1.165861 0.850993 0
-1.202332 -0.203382 -0.467620 -0.336554 -0.186882 -0.286076 -0.325726 -0.268532 -0.231396 0
0.895659 0.050902 0.314236 0.209941 -0.288423 -0.285034 -0.174093 -0.107560 -0.062306 0
-0.095968 0.177792 1.867204 1.446383 -1.320740 -0.312882 1.573427 1.241213 0.908723 0
0.310987 0.420579 1.900336 1.285536 1.623524 -0.052816 2.154976 1.876957 1.465342 0
0.132046 -0.035735 -0.260626 -0.455148 0.895314 -0.317643 0.068328 -0.128710 -0.213385 0
1.383398 0.105330 -0.156178 -0.129071 -0.070266 -0.054549 -0.267099 -0.168373 -0.107348 0
0.131884 -0.056094 -0.125197 -0.154259 -0.706231 -0.018055 -0.471758 -0.262916 -0.164296 0
-0.079813 -0.066554 -0.389637 -0.484281 -0.368330 0.157238 0.095684 -0.075726 -0.188775 0
1.119071 0.026737 -0.622229 -0.519165 -0.597421 -0.254389 -0.365255 -0.251106 -0.221344 0
0.261762 0.156493 4.530512 6.197850 -0.071729 -0.276509 0.528742 0.815501 1.184507 0
0.237982 -0.036890 -0.341159 -0.361013 -0.256839 0.637618 -0.336105 -0.178756 -0.117864 0
0.083416 -0.111869 -0.388296 -0.166486 0.181642 -0.304877 -0.296636 -0.246125 -0.189877 0
0.012913 -0.093975 -0.459030 -0.374712 0.144690 -0.212100 -0.020377 -0.110095 -0.148809 0
0.948871 0.114332 0.065616 -0.215783 0.431884 0.703532 -0.117944 -0.127594 -0.106024 0
-1.302423 -0.209498 -0.073797 0.109343 -0.870212 -0.190338 -0.479299 -0.259641 -0.155941 1
0.350928 0.013121 0.956646 0.686627 0.845445 -0.319873 0.413824 0.294249 0.176432 0
0.716634 0.354418 0.918242 0.398128 2.495326 -0.214559 1.439570 1.022713 0.730125 0
-1.135892 -0.190915 0.037472 -0.115153 -0.145788 -0.200533 -0.324757 -0.230330 -0.206631 0
-0.692301 -0.137423 -0.007538 -0.055657 0.768955 -0.039525 0.111736 -0.019047 -0.035166 1
-1.095449 -0.185083 -0.161541 -0.198171 -0.844261 -0.264839 -0.528681 -0.282009 -0.177678 0
0.207029 -0.076772 -0.020050 0.033029 -0.877687 -0.263755 -0.241753 -0.163747 -0.122308 0
0.689261 0.006773 -0.232393 -0.240076 0.207521 -0.066450 -0.016756 -0.071622 -0.085124 0
-0.146240 -0.050040 0.197045 -0.047033 0.150252 0.356372 -0.154751 -0.118164 -0.074958 0
1.498215 0.109522 -0.082520 -0.140963 -0.561222 -0.182499 -0.187168 -0.149816 -0.101677 0
-0.143296 -0.115216 -0.493043 -0.382476 -0.273648 -0.010416 -0.318970 -0.192014 -0.147556 0
0.586959 0.028110 -0.403650 -0.529311 1.123577 -0.317583 -0.006904 -0.144770 -0.205086 0
0.485661 0.089607 0.179674 -0.169349 -0.223450 -0.317897 0.056110 -0.058174 -0.089039 0
-1.507136 -0.211457 0.805947 0.698088 -0.417984 -0.283222 -0.256129 -0.176537 -0.102012 0
0.357415 0.016942 0.052040 -0.160664 0.374944 -0.316945 -0.042577 -0.065436 -0.053649 0
0.931056 -0.006331 -0.366214 -0.177807 -0.851019 -0.191874 -0.451931 -0.267103 -0.166581 0
-0.780446 -0.141899 -0.113056 -0.303428 -0.365659 -0.315209 -0.387591 -0.200414 -0.154572 0
-0.425479 -0.131267 -0.353305 -0.302796 -1.054458 -0.202030 -0.463067 -0.204161 -0.110376 0
-0.477000 -0.139297 -0.375153 -0.325489 -0.032022 -0.128950 -0.309530 -0.234869 -0.215942 0
0.620698 -0.021468 0.232578 0.122406 -0.600441 0.059806 -0.429587 -0.262073 -0.155186 0
0.540886 -0.024350 -0.169363 -0.238918 0.505480 0.221362 0.033919 -0.035988 -0.114103 0
0.629483 0.023295 -0.604593 -0.593003 0.789827 -0.080369 0.226639 -0.013591 -0.140232 0
-1.708799 -0.225809 -0.165130 -0.058302 -0.740019 0.461006 -0.412629 -0.242998 -0.156153 0
1.169710 0.047396 0.119853 0.099292 -0.020829 0.361014 -0.243218 -0.182246 -0.140270 0
-0.526663 -0.089821 0.471264 0.187576 -0.525903 -0.209645 0.194253 0.063755 0.040367 0
-1.474480 -0.215197 -0.238182 -0.084255 0.366625 -0.109923 -0.063846 -0.138923 -0.144962 0
-1.107432 -0.154827 0.313397 0.021852 -0.266156 0.136384 -0.005936 -0.146123 -0.071783 0
1.273922 0.058328 -0.360235 -0.231196 0.178923 -0.312406 -0.075171 -0.123358 -0.158352 0
0.431473 -0.041020 -0.262670 -0.302106 0.558747 0.045643 -0.005507 -0.132425 -0.188905 0
-0.798546 -0.168114 -0.122801 -0.127217 -0.909245 0.047228 -0.399224 -0.213845 -0.124212 0
1.410588 0.520352 1.391029 0.784647 -0.555591 -0.298778 0.438290 0.346003 0.342668 0
1.061340 0.109456 -0.587756 -0.544731 0.863998 -0.210094 -0.049290 -0.107186 -0.121642 0
-0.275276 -0.093792 -0.012470 -0.145346 -0.720813 -0.131236 -0.166455 -0.119364 -0.097632 0
-0.242345 -0.067648 -0.105849 -0.341992 0.514240 -0.291143 0.286074 0.029359 -0.112595 0
0.151666 -0.060847 -0.386764 -0.386006 0.111056 -0.307461 -0.365799 -0.283256 -0.219240 0
-0.311338 -0.110952 0.155524 0.097487 -1.035717 -0.022180 -0.183226 -0.189516 -0.173013 0
-0.890894 -0.181514 -0.496374 -0.377326 0.137187 -0.306699 -0.340064 -0.271620 -0.254913 0
0.751687 0.001584 -0.238292 -0.218649 -0.147697 -0.154562 -0.234562 -0.192240 -0.150500 0
-1.373574 -0.197608 -0.150399 -0.346701 -0.517018 -0.319371 -0.288012 -0.260989 -0.224939 0
0.893983 -0.026160 -0.758579 -0.575354 -0.503516 -0.165388 -0.321192 -0.245904 -0.246967 0
1.841062 0.170051 0.001094 -0.143136 0.261341 -0.172576 -0.055770 -0.094468 -0.160565 0
-0.164783 -0.113460 -0.741597 -0.660304 0.080866 0.090946 -0.011910 -0.092952 -0.207352 0
-1.673350 -0.220864 -0.293122 -0.291981 -0.535258 -0.219618 -0.269210 -0.198264 -0.157034 0
-0.129466 -0.088288 -0.138735 -0.201631 -0.576811 -0.314575 -0.227972 -0.190164 -0.162759 0
-0.492721 -0.126240 -0.129366 -0.271130 -0.015890 -0.219610 -0.129607 -0.104152 -0.120452 0
-0.686126 -0.163236 -0.437300 -0.363249 -0.226798 0.540790 -0.134865 -0.177303 -0.194171 1
-0.345102 -0.123150 -0.274076 -0.373530 -0.510668 1.008733 -0.409850 -0.317303 -0.288262 0
-0.260946 -0.124102 -0.071551 -0.097023 -0.926639 -0.267145 -0.525970 -0.289653 -0.187267 0
-1.397036 -0.205334 -0.214892 -0.323244 0.046303 -0.099247 -0.231616 -0.200647 -0.213401 0
0.028772 -0.114221 -0.450462 -0.239959 -0.191104 -0.066504 -0.358994 -0.248750 -0.216339 0
-0.076273 -0.098246 -0.365404 -0.393810 0.421502 -0.252839 -0.109007 -0.187704 -0.230062 0
0.767586 -0.037733 -0.600427 -0.445377 -0.181595 -0.218484 -0.296681 -0.220854 -0.228490 0
0.332446 -0.051074 -0.560350 -0.561334 0.729497 -0.208537 -0.110667 -0.195651 -0.272292 0
-0.516149 -0.096240 0.366740 0.060580 -1.543728 -0.136353 0.146603 0.030074 -0.037969 0
0.220033 -0.103511 -0.606196 -0.478479 -0.186277 -0.319658 -0.203488 -0.235979 -0.251834 0
-0.328859 -0.110146 -0.179709 -0.336849 -0.756948 -0.250634 -0.267926 -0.283290 -0.245358 0
1.243221 0.139057 -0.356987 -0.437788 0.589398 -0.233506 0.023742 -0.124259 -0.158205 0
0.494365 -0.031506 -0.207830 -0.178766 -0.182444 -0.293113 -0.312876 -0.196698 -0.162582 0
1.219376 0.092759 -0.568374 -0.531341 -0.834009 -0.310969 -0.493379 -0.358999 -0.227036 0
-0.378865 -0.096247 -0.328822 -0.464417 0.269421 0.008327 -0.244247 -0.229135 -0.242667 0
1.860824 0.132686 -0.271643 -0.149730 0.251604 -0.318619 -0.189609 -0.202452 -0.192082 0
-0.162040 0.152889 0.934256 0.253358 -0.681834 0.506168 0.741525 0.507072 0.286704 0
-0.222105 -0.099581 -0.405553 -0.306897 -0.782474 -0.054836 -0.319876 -0.182701 -0.123419 0
-0.545705 -0.155732 -0.344400 -0.259892 -0.534330 0.396203 -0.409806 -0.209045 -0.141776 0
-0.799585 -0.153589 0.007452 -0.195583 -0.202598 -0.312819 -0.213624 -0.187841 -0.168256 0
0.128524 -0.058200 -0.010639 -0.182302 -1.475303 -0.177169 -0.225590 -0.185264 -0.219786 0
0.597005 -0.055744 -0.387143 -0.290846 -0.466318 0.558473 -0.282173 -0.230720 -0.198671 0
-0.931637 -0.182467 -0.409422 -0.249841 -0.534637 -0.293375 -0.453929 -0.244311 -0.148016 0
1.102732 0.244219 0.057016 -0.182563 1.255030 -0.310317 0.312326 0.111049 0.052512 0
1.457902 0.229752 -0.498471 -0.559524 1.957762 -0.318859 0.564161 0.085966 -0.130417 0
1.765929 0.165868 -0.161681 -0.212484 -0.168151 -0.165180 -0.080703 -0.141750 -0.143958 0
0.013022 -0.008107 0.082021 -0.229591 1.266928 0.146849 0.589283 0.123338 -0.076398 0
-0.024395 -0.079030 -0.154872 -0.166173 0.747119 -0.126286 0.104978 -0.035560 -0.051655 0
1.428667 0.128331 -0.005806 0.055602 -0.111999 0.048079 -0.329505 -0.258426 -0.190340 0
1.901077 0.105073 -0.410842 -0.237756 -0.143590 -0.294254 -0.295481 -0.226222 -0.185985 0
-1.489785 -0.216307 -0.700914 -0.611909 0.060949 0.414263 -0.297940 -0.274561 -0.283271 0
0.005687 0.018970 0.372387 -0.029714 1.425057 -0.293932 0.363790 0.032585 0.047121 0
1.531321 0.116653 -0.729050 -0.661658 -0.142451 -0.313210 -0.376372 -0.323117 -0.322759 0
-1.585935 -0.212297 0.272421 0.090360 0.302441 -0.230579 -0.064677 -0.139502 -0.150475 1
-0.649647 -0.063765 0.103269 -0.209499 0.638615 -0.049949 0.618876 0.211051 0.064892 0
0.617824 -0.065481 -0.198660 0.029456 -0.524523 -0.262094 -0.508976 -0.298659 -0.177234 0
-0.419791 -0.152861 -0.338143 -0.161532 -0.862710 0.040144 -0.437794 -0.290232 -0.205613 0
1.128229 0.068649 -0.431147 -0.434382 -1.063928 -0.280513 -0.141273 -0.269797 -0.245925 0
-1.486950 -0.218643 -0.187373 -0.044407 0.125976 -0.046305 -0.262810 -0.243786 -0.215667 0
0.759824 0.053139 -0.298050 -0.321212 1.092847 0.106029 0.109244 -0.055456 -0.108326 0
-0.391208 -0.155304 -0.310582 -0.017593 -0.746841 0.002804 -0.373371 -0.265497 -0.181324 0
-1.715128 -0.225070 -0.406595 -0.288754 0.380957 -0.172611 -0.053355 -0.133899 -0.136394 0
0.329848 -0.064475 -0.541062 -0.483613 0.159465 1.432441 -0.379672 -0.244897 -0.211028 0
-1.611149 -0.226350 -0.437806 -0.041965 -0.632840 -0.029631 -0.344644 -0.242838 -0.191296 0
-1.505302 -0.209905 0.715376 0.583779 0.126889 -0.062791 -0.254584 -0.178166 -0.103183 0
-1.269050 -0.177146 0.931579 0.610381 -1.343785 -0.295900 0.382725 0.298186 0.237458 0
0.656041 0.118978 0.534683 0.161200 -0.600377 -0.272624 -0.253258 -0.156490 -0.076200 0
0.629763 -0.027639 -0.642211 -0.456909 -0.091095 -0.198500 -0.303868 -0.268655 -0.240030 0
-1.285038 -0.206890 -0.695944 -0.486469 -0.261913 0.489061 -0.384690 -0.270093 -0.220379 0
-0.067376 -0.131757 -0.599689 -0.377014 -0.325576 0.084555 -0.313293 -0.213841 -0.212420 0
0.430409 -0.105058 -0.515137 -0.215059 -0.650437 -0.036056 -0.573032 -0.353690 -0.243290 0
1.520127 0.062102 -0.710923 -0.458685 -0.075942 -0.298494 -0.409157 -0.316339 -0.220833 0
-0.004591 -0.021129 -0.102506 -0.294967 0.419467 0.172612 0.152818 -0.025800 -0.100105 0
-0.215410 -0.113765 -0.578905 -0.515087 -0.008611 -0.282728 -0.328357 -0.256461 -0.249147 0
-1.258867 -0.208118 -0.352279 -0.114274 -1.227897 -0.296475 -0.552576 -0.318233 -0.210269 0
-0.508366 -0.145847 -0.500217 -0.409389 -0.044442 -0.292196 -0.317746 -0.211578 -0.179918 0
-0.903409 -0.134228 0.551695 0.250055 -0.828003 -0.197913 0.518135 0.215372 0.105564 0
0.206186 -0.103047 -0.567615 -0.350439 -0.283319 0.107487 -0.344812 -0.253471 -0.188679 0
1.530821 0.233788 0.237159 -0.032451 1.709740 -0.011722 0.367384 0.083681 0.033255 0
0.026963 -0.094036 -0.356613 -0.269500 0.254038 -0.309183 -0.148212 -0.130104 -0.135113 0
-1.605410 -0.216906 -0.432359 -0.396913 0.047218 -0.278072 -0.093630 -0.121778 -0.133630 0
-0.678315 -0.152014 -0.367077 -0.421322 -0.770648 -0.316061 -0.285777 -0.269138 -0.298975 0
-1.583496 -0.220397 -0.462908 -0.254328 0.460254 -0.308486 -0.176196 -0.180833 -0.155214 0
-0.575123 -0.157633 -0.344774 -0.366489 -0.609414 -0.219177 -0.357840 -0.235994 -0.192369 0
-0.311378 -0.109070 -0.481155 -0.460620 0.064658 -0.277136 -0.242683 -0.202124 -0.205666 0
1.173314 0.044022 -0.289039 -0.218630 -0.379806 -0.320226 -0.312426 -0.214341 -0.169564 0
2.038789 0.201790 -0.464153 -0.409854 -0.822883 -0.298959 -0.437759 -0.269014 -0.174240 0
1.003993 0.091264 -0.432724 -0.482306 -0.060700 -0.285366 -0.297830 -0.226137 -0.207255 0
0.902991 0.007090 -0.723151 -0.622378 0.459739 0.321868 -0.068597 -0.180231 -0.243500 0
0.965497 0.098399 -0.809555 -0.749676 1.172604 -0.191869 0.316760 -0.072113 -0.269445 0
-0.063531 -0.106565 -0.221033 -0.180181 -0.143223 -0.217892 -0.443196 -0.272227 -0.167201 0
-0.729849 -0.176182 -0.410155 -0.231738 -0.702459 -0.191955 -0.441497 -0.317634 -0.224608 0
0.669197 0.035418 -0.576118 -0.551512 -0.013187 -0.282551 -0.145297 -0.192662 -0.204936 0
-1.024521 -0.181724 -0.220215 -0.352183 0.575618 -0.300643 0.058683 -0.120065 -0.225219 0
-0.710693 -0.170549 -0.461734 -0.333889 0.228343 -0.320575 -0.181799 -0.226223 -0.229857 0
-1.258717 -0.202804 -0.612870 -0.464717 0.535090 -0.074015 0.021006 -0.156104 -0.201631 0
0.199487 -0.043484 -0.867611 -0.743070 1.314323 -0.274704 0.077797 -0.191345 -0.288767 0
1.015706 -0.003694 -0.622598 -0.433099 -1.263103 -0.307677 -0.507061 -0.336039 -0.235131 0
0.553469 -0.033356 -0.841184 -0.697232 0.119916 -0.313225 -0.233500 -0.223479 -0.276822 0
1.452881 0.077184 -0.281666 -0.261908 0.159449 -0.275564 -0.187607 -0.214885 -0.188332 0
1.474577 0.123894 -0.663897 -0.554868 -1.409029 -0.240415 -0.483743 -0.366043 -0.241264 0
-1.264743 -0.213805 -0.290465 -0.020856 -0.291693 -0.233627 -0.494485 -0.303560 -0.202527 0
0.375912 0.056364 1.749545 1.413238 -0.519591 -0.318435 0.195886 0.369653 0.397422 0
-1.436912 -0.214370 -0.166682 -0.066005 -0.621065 0.165798 -0.462450 -0.328551 -0.256053 0
0.038093 -0.085426 -0.180260 -0.207324 -0.429653 -0.283359 -0.331851 -0.245098 -0.181671 0
0.640783 -0.024506 -0.000027 -0.109491 -0.361234 -0.318944 -0.206597 -0.249261 -0.218549 0
1.749727 0.191429 -0.415028 -0.404948 -0.153894 -0.065832 -0.263330 -0.227635 -0.200059 0
0.123745 -0.067523 -0.374537 -0.374177 -1.189009 -0.112566 -0.228151 -0.253301 -0.211907 0
0.656981 0.040912 0.641014 0.389944 -0.993915 -0.315059 -0.411127 -0.235923 -0.123785 0
-0.497364 -0.156997 -0.280409 -0.173066 -0.958861 -0.312855 -0.333542 -0.247132 -0.192228 0
-0.437313 -0.083297 -0.100578 -0.340393 -0.283170 -0.166173 0.032918 -0.129413 -0.164733 0
1.841806 0.164142 -0.077598 -0.176088 -0.158094 0.564486 -0.306480 -0.280573 -0.229924 0
0.854516 0.012549 -0.969798 -0.750053 -1.264437 0.592189 -0.547846 -0.510515 -0.381699 0
0.344274 0.052792 0.364067 0.045495 -0.305805 -0.067003 0.251727 0.182933 0.055334 0
1.324396 0.101118 -0.355185 -0.384787 1.788719 -0.279736 0.186240 -0.105922 -0.184115 0
-0.486006 -0.090368 -0.405352 -0.563761 0.841795 -0.282225 0.059116 -0.057549 -0.126629 0
-0.527865 -0.160289 -0.679311 -0.515343 0.006387 -0.281593 -0.285764 -0.268247 -0.307657 0
3.053216 0.433751 -0.264328 -0.256589 -0.188397 0.559103 -0.269477 -0.261407 -0.211653 0
-0.226565 -0.107466 -0.292458 -0.304820 -1.132635 0.267046 -0.467526 -0.311745 -0.224069 0
-0.098650 -0.093627 -0.607500 -0.554654 -0.401473 -0.143403 -0.073957 -0.210792 -0.197558 0
0.448580 -0.062756 -0.838037 -0.592447 0.283079 -0.108738 -0.200780 -0.196190 -0.206147 0
-1.243785 -0.187381 -0.535206 -0.563702 -0.533283 -0.307333 -0.236207 -0.188890 -0.185024 0
-1.153774 -0.200954 -0.697102 -0.424089 -0.590626 -0.299439 -0.462565 -0.323867 -0.264867 0
-0.226931 -0.120674 -0.540274 -0.453529 -0.810837 0.632177 -0.466936 -0.304141 -0.234276 0
-0.195793 -0.085263 -0.296821 -0.366734 0.062152 -0.045011 -0.320775 -0.221608 -0.214927 0
1.260853 0.158518 -0.201514 -0.346848 -0.222421 -0.317947 -0.037952 -0.124873 -0.157591 0
-1.257478 -0.212266 -0.479368 -0.248151 -0.610448 -0.186785 -0.445850 -0.322176 -0.272492 0
0.148702 -0.039568 -0.603066 -0.611849 1.820555 0.246447 0.500268 0.021923 -0.193592 0
-1.064481 -0.144989 0.690471 0.170144 0.275677 1.687664 0.275652 0.018521 -0.071041 0
0.392161 -0.022347 0.173734 0.038025 0.990233 -0.242337 0.068218 -0.074643 -0.092136 0
0.189417 -0.067522 -0.278977 -0.274905 0.170929 -0.067999 -0.395299 -0.317235 -0.231980 0
1.022737 0.167836 0.403014 0.061737 0.223207 -0.306309 -0.209178 -0.099558 0.034997 0
1.034223 0.095619 -0.288592 -0.439457 0.175058 0.690776 -0.154697 -0.159105 -0.212807 0
-0.978946 -0.187788 -0.520987 -0.397771 -1.072483 -0.009181 -0.579784 -0.363246 -0.275407 0
-1.125058 -0.188351 -0.340903 -0.309404 -0.321335 -0.261562 -0.345811 -0.224232 -0.142474 0
-0.765600 -0.177553 -0.568137 -0.384098 0.493161 -0.269390 -0.077120 -0.199356 -0.231099 0
-0.116371 -0.115444 -0.508979 -0.409975 0.100679 -0.176615 -0.215642 -0.249777 -0.293546 0
-1.530332 -0.211154 -0.437976 -0.476395 0.751177 -0.260155 0.240998 -0.088912 -0.224711 1
