1.856537 14.765179 6.897578 9.040977 8.410430 -0.578541 13.103193 15.303310 16.360292 0
2.888652 16.075339 6.799558 8.884104 6.806461 -0.000089 9.746371 11.224842 12.100618 0
-0.185378 1.776464 5.286461 6.245171 5.694774 -0.369730 5.773421 6.166807 6.202493 0
0.926784 2.200842 3.318384 3.027565 3.924525 -0.642564 4.036972 3.757718 3.150607 0
-0.531257 0.641521 3.876274 3.935475 3.786046 0.783360 3.195976 3.123242 3.112947 0
2.296749 5.283758 3.130076 2.861186 5.028297 -0.390116 4.451671 3.957063 3.440340 0
1.506510 3.003968 2.236016 1.858281 3.508320 -0.340458 3.385241 2.889503 2.448253 0
2.966794 9.483376 3.782194 3.654015 1.040009 -0.216239 3.262756 4.284870 4.688412 0
-1.267811 -0.291140 3.465849 3.792160 2.202733 2.928534 1.899063 1.750767 1.489954 0
0.740553 1.303061 2.346179 1.812160 2.803522 -0.657189 2.203236 2.072105 1.704397 0
-0.352405 0.509323 2.734310 2.320935 2.360594 -0.478571 2.242362 2.135047 1.875354 0
0.753973 1.613800 2.612316 2.234540 2.661438 -0.438828 2.487051 2.118413 1.885248 0
0.975010 2.332949 2.092934 1.632009 2.486599 -0.584117 2.486228 2.248970 2.154106 0
4.211744 13.506558 2.138571 1.241701 4.059100 -0.677323 4.718734 3.673052 2.853726 0
1.276498 2.400258 1.997623 1.193679 3.155155 -0.694224 3.355551 2.495511 1.769850 0
0.067047 0.298587 1.990500 1.655270 1.768077 -0.401179 1.433081 1.372700 1.143228 1
-0.897050 -0.213086 2.187545 1.856505 2.645752 0.458365 1.873926 1.444790 0.992604 0
0.004863 1.117106 2.202105 1.433090 2.215699 6.700949 1.578400 1.392511 1.068303 0
0.067860 0.652921 1.930106 1.384352 2.266524 -0.272317 2.082626 1.682719 1.269062 0
2.393294 3.704623 1.797485 1.149704 3.411020 -0.462785 2.550570 2.074012 1.621835 0
2.058811 3.991158 1.834356 1.114299 2.717511 -0.219072 2.674478 2.194518 1.800122 0
2.884889 5.025960 1.919178 1.152826 3.604766 -0.107035 2.791015 2.053424 1.374404 0
-0.636984 0.081318 1.911736 1.273257 2.442431 1.262339 1.683155 1.323020 0.929278 0
0.266922 0.298786 2.203834 2.049648 0.436137 -0.085793 0.731588 0.875738 0.967526 0
-1.046838 -0.244605 1.566188 1.067231 2.590711 -0.590982 1.569960 1.155769 0.768651 0
1.309393 1.982473 1.504848 0.897002 3.909770 -0.079750 2.581024 1.589882 0.998616 0
0.273211 0.124315 1.925627 2.002811 1.517887 -0.665762 0.888658 0.796467 0.702388 0
1.988169 4.743590 3.105961 2.804732 1.008923 0.914149 3.246968 3.396429 3.309422 0
-0.262318 0.094345 1.604893 1.296324 2.351294 -0.401468 1.580758 1.169488 0.878107 0
2.496298 5.147275 2.088414 1.262727 2.236364 -0.690923 2.225471 1.732463 1.497449 0
-0.683073 -0.211222 2.167408 2.226604 1.606961 1.924871 0.999389 0.843334 0.754708 0
2.486649 3.847440 1.170902 0.469225 2.999784 -0.694085 2.285156 1.569836 1.046100 0
-0.533622 -0.218471 2.106972 2.285728 1.099981 -0.688605 0.752103 0.597738 0.530760 0
1.128153 1.416372 1.576952 1.118269 1.967207 1.942235 1.600467 1.264871 1.053107 0
-0.329729 0.321400 1.565748 0.864556 3.209288 -0.667186 2.198227 1.506441 0.928156 0
-1.271182 -0.264362 2.948889 2.798577 0.084456 0.358884 0.510564 0.523444 0.605262 1
0.995642 1.067394 1.394247 0.921326 1.124089 -0.018012 1.079967 1.122270 1.007080 0
-0.249414 0.297889 1.442446 0.899943 2.076720 0.441648 1.568050 1.102904 0.740714 0
-1.632236 -0.492938 1.476447 1.136639 1.006309 -0.527860 0.848642 0.762113 0.564763 0
0.676434 1.404926 1.960131 1.211958 2.980461 -0.643158 2.200848 1.528752 1.192656 0
0.034618 0.229561 1.672310 1.385130 0.719964 -0.651876 0.528827 0.692739 0.742257 0
-1.424219 -0.482006 2.002991 2.179855 1.066322 -0.653278 0.590039 0.532139 0.487930 0
1.818912 2.173118 1.248742 0.634802 1.441413 3.157475 1.022153 0.828200 0.715075 0
-0.391398 -0.046356 2.159223 1.973010 0.279718 -0.500814 0.730220 0.777408 0.790399 0
2.423920 3.131698 1.371939 0.941675 1.410729 -0.117580 1.089260 0.943270 0.922281 0
-0.705354 -0.181979 1.281916 1.020867 0.712554 2.396564 0.613767 0.629501 0.614394 0
0.005637 0.238554 1.905686 1.431338 0.846126 -0.532212 0.561488 0.739304 0.800406 0
0.058377 0.049655 0.743493 0.392501 1.556619 -0.694238 0.325827 0.283827 0.240055 0
-0.668304 -0.276326 1.353339 1.242601 0.904078 -0.616051 0.591049 0.452732 0.348308 0
0.373042 0.523580 1.401398 1.037374 1.507943 1.290335 0.913457 0.697774 0.612358 0
-0.503418 -0.278031 1.660378 1.842003 0.028550 -0.123508 0.176257 0.384610 0.478590 0
2.128884 4.255588 1.867285 1.097562 1.839700 1.361887 2.620979 2.040551 1.645551 0
-0.173783 -0.029135 1.035260 0.709073 0.064691 -0.661333 0.117792 0.321254 0.384042 0
-0.676372 -0.171663 1.201199 0.822746 0.792227 0.316947 0.713424 0.587462 0.499260 0
0.148779 0.782869 2.515049 1.950533 1.057935 -0.692006 1.761550 1.421667 1.179995 0
-0.386552 0.094622 1.617504 1.029083 1.860657 -0.296471 1.086944 0.768442 0.627539 0
-0.717210 -0.198808 0.807585 0.283682 0.021047 -0.683144 0.057996 0.313465 0.294969 0
-0.570249 -0.069907 0.642930 0.225244 0.435083 -0.422669 0.550089 0.411837 0.303758 0
-1.696783 -0.565712 1.195231 1.368526 0.573846 -0.293097 0.177289 0.245095 0.247664 1
0.972814 1.179868 1.018740 0.520341 2.652319 0.571741 1.223621 0.864059 0.722370 0
2.050564 0.869970 0.501232 0.219914 0.594195 -0.205646 0.401718 0.369243 0.188588 0
0.625606 0.545038 1.626154 1.093214 0.962768 -0.623891 0.987502 0.689995 0.490273 0
-1.174046 -0.412290 1.263065 1.058375 1.643349 -0.637646 0.902471 0.583145 0.274466 0
-0.686929 -0.224099 1.259208 0.905772 1.479987 0.527396 0.737115 0.499419 0.333738 0
-1.010566 -0.337116 1.178274 0.919360 1.072934 2.087257 0.789854 0.533790 0.418130 1
-0.729994 -0.323850 1.062461 0.918478 0.581034 0.220149 0.383526 0.407623 0.338107 0
-0.887389 -0.348522 1.052873 0.916411 1.101729 -0.542028 0.679526 0.451420 0.330305 0
-0.418963 -0.236706 1.324249 1.149124 0.114362 -0.380154 0.285336 0.346837 0.368159 0
-1.663005 -0.538379 0.788899 0.653839 0.550302 -0.022619 0.365047 0.306845 0.243877 0
0.112242 0.511768 1.094152 0.581185 2.560456 -0.621726 1.209608 0.745992 0.511732 0
-1.566672 -0.541163 0.687872 0.591081 0.720216 -0.387573 0.288900 0.310798 0.232037 0
-0.521702 -0.186915 0.997245 0.649648 1.102557 -0.612349 0.519768 0.427787 0.308752 0
0.896416 2.379395 2.567671 1.828746 1.978978 0.365580 2.319749 2.108204 2.012483 0
2.369322 6.267688 2.883172 2.538053 1.149071 -0.672170 4.092582 3.603570 3.344818 0
-0.839476 -0.157899 1.677542 1.128979 2.042984 -0.605569 1.008281 0.683271 0.464799 1
0.824379 0.401706 0.214641 0.010100 1.802549 -0.596287 0.592299 0.382049 0.204900 0
0.687634 0.357375 0.817858 0.560179 2.420422 0.597608 0.813671 0.477898 0.337410 0
0.380751 0.547811 0.950842 0.399279 1.288165 1.307331 0.460154 0.352851 0.391487 0
-0.427485 -0.195252 0.695798 0.457046 0.045734 -0.354612 -0.090441 0.107762 0.166947 0
-0.201517 0.245104 1.502525 0.986386 0.368650 -0.668601 0.630391 0.678855 0.751248 0
0.076241 0.032507 1.008719 0.545442 0.855873 3.362873 0.489595 0.322376 0.187090 0
-1.331797 -0.532631 1.083357 1.244292 0.174505 -0.077902 -0.069086 0.102332 0.194442 0
0.207435 0.469916 1.511965 0.872519 0.369819 -0.676138 0.530120 0.454120 0.557922 0
-1.056595 -0.431359 0.458268 0.175977 1.501028 3.859490 0.473543 0.207932 -0.026181 0
-0.180708 -0.161602 0.869765 0.635607 1.271075 0.539983 0.661443 0.324138 0.171917 0
-0.629498 -0.323124 0.770750 0.547499 0.252068 -0.168887 0.103506 0.160480 0.094171 0
-0.019871 -0.252988 1.014908 1.235015 0.093443 -0.208213 -0.013662 0.097121 0.182060 0
-1.021054 -0.406984 0.172979 -0.001725 1.198480 -0.549100 0.119285 0.138543 0.072684 0
-0.257631 -0.241105 0.889041 0.941504 -0.238234 -0.679528 -0.129052 0.077386 0.215642 0
-0.680769 -0.276559 0.576259 0.259689 -0.295473 0.864193 -0.146982 0.006261 0.081656 0
-0.873323 -0.310695 0.822332 0.430104 -0.080762 1.410811 0.276629 0.116577 0.096482 0
-0.020315 -0.245918 0.381409 0.478576 -0.856336 -0.666944 -0.006548 0.058782 0.045373 0
-0.050556 0.042901 0.695405 0.432964 2.143868 -0.036559 0.911471 0.505153 0.327106 0
0.224482 -0.051807 0.377104 0.163335 1.237026 -0.613532 0.603407 0.313986 0.091395 0
1.311139 0.570859 0.192202 0.047604 1.131623 -0.258734 0.409148 0.251957 0.154189 0
0.806291 1.213095 1.715419 1.133565 1.459314 -0.603953 1.299592 1.028945 0.995184 0
-1.490523 -0.547937 1.093922 1.410417 -0.308174 0.527242 -0.035617 0.099101 0.210908 1
-1.518372 -0.555864 0.662188 0.734302 0.613174 -0.673792 0.151411 0.119286 0.129382 0
-0.688512 -0.162669 1.293882 0.778190 1.019420 0.778783 0.601851 0.285172 0.260034 0
2.238233 5.245592 3.196883 2.925495 2.194242 -0.675525 4.542531 4.054377 3.523530 0
0.610849 0.910873 0.904302 0.258261 2.366655 3.780903 1.446784 0.781919 0.345443 0
-1.247259 -0.416324 0.469113 0.121174 2.186862 -0.235520 1.168422 0.563725 0.244478 1
1.681413 2.676184 1.071899 0.406588 2.315045 -0.655371 2.215076 1.168779 0.699599 0
0.754282 0.084637 0.420756 0.274869 0.940253 -0.688871 0.428660 0.250354 0.115775 0
0.348598 0.862606 1.600068 0.767918 1.819368 -0.631087 1.486167 0.898209 0.463017 0
-1.247414 -0.502388 0.900356 0.887669 -0.035253 -0.334095 0.148500 0.177080 0.161643 0
0.291190 0.409899 1.097954 0.479199 -0.489402 -0.382908 -0.098059 0.150678 0.243574 0
3.814888 3.125255 0.888500 0.435792 1.102608 -0.505143 0.762935 0.451839 0.290850 0
-0.145484 0.082992 0.961176 0.440155 0.790596 -0.205973 0.437255 0.428595 0.307343 0
0.187326 0.391765 1.662222 1.155880 0.403886 -0.389949 0.776836 0.574532 0.443081 1
-1.513047 -0.554431 0.447899 0.463210 -0.187918 2.601354 -0.053080 0.010983 0.056555 0
1.195834 0.433326 0.705125 0.552783 0.375514 -0.212391 0.204447 0.153384 0.131798 0
0.571633 -0.118482 0.354068 0.456764 0.276096 -0.391894 -0.286618 -0.083983 -0.019695 0
-0.487515 0.078253 1.790662 1.159514 2.146242 -0.524687 1.272423 0.881303 0.712874 0
-0.151233 -0.316437 0.485983 0.593901 0.236613 -0.691784 0.047043 0.067660 0.054489 0
-0.377679 -0.040780 1.342490 0.766149 0.240708 1.476652 0.679951 0.298702 0.244313 0
-1.376890 -0.522836 0.420254 0.503853 -0.381334 -0.065415 -0.229545 -0.084262 0.020990 1
-0.072623 -0.158525 0.419884 0.343273 -0.143786 0.180511 0.129024 0.160821 0.132570 0
0.010783 -0.242736 0.394552 0.457525 0.431573 0.307214 -0.038354 0.002616 -0.003735 0
-0.605278 -0.290100 0.373190 0.208724 0.479496 -0.694005 0.125512 0.109635 0.084509 0
0.910818 2.380642 2.508162 1.782252 1.810094 -0.256496 2.461457 2.140300 2.000567 0
0.780331 0.149954 0.826450 0.719057 0.747719 -0.487670 0.374586 0.179824 0.121499 0
-1.626375 -0.539661 0.927826 0.864605 -0.180225 1.716050 -0.177871 0.028443 0.155176 1
-0.321727 -0.187966 1.096343 0.972272 0.560137 4.422323 0.370880 0.268894 0.198642 0
-0.836089 -0.416364 0.151674 0.043302 0.664158 0.245017 0.152000 0.149915 0.035978 0
-0.105112 0.199531 1.321515 0.766870 1.098074 -0.612064 0.506175 0.400140 0.356476 0
1.091087 0.634494 0.762232 0.389745 0.900254 -0.677848 0.654357 0.342716 0.162045 0
0.577689 0.767010 1.506627 0.941015 2.641564 -0.653838 1.544460 0.845575 0.634250 0
0.065610 0.406471 1.612494 1.062947 2.932406 -0.510028 1.760907 1.211454 0.824459 0
-0.955459 -0.350899 0.551983 0.225881 0.198383 -0.673686 0.003466 0.050074 0.079054 0
0.837875 1.110116 0.927134 0.326112 2.237708 0.249503 0.940104 0.454377 0.226107 0
-0.154167 -0.253736 0.360599 0.362933 -0.400510 -0.664303 -0.287176 -0.118666 -0.038557 0
0.182504 -0.094098 -0.076988 -0.126211 0.130302 -0.496433 -0.087278 -0.021595 -0.054160 0
-1.047082 -0.432373 0.556190 0.526503 0.581873 -0.658542 0.214078 0.197515 0.184429 0
-1.410467 -0.440768 0.579692 0.167492 2.438411 -0.625603 0.960478 0.402757 0.109367 1
-0.193237 0.394156 1.714398 1.005578 1.515034 -0.290620 0.826542 0.650932 0.711616 0
0.260827 0.411138 1.641887 1.425703 0.820279 -0.055070 0.640613 0.418286 0.242871 0
1.603631 2.741235 1.062650 0.363244 3.234846 0.275239 2.353867 1.234628 0.740077 0
-1.816991 -0.599622 0.552449 0.717641 -0.643968 -0.446353 -0.295417 -0.088499 0.055307 0
-1.242540 -0.488645 0.954476 0.952244 -0.214510 -0.687967 -0.367453 -0.183204 -0.069491 0
0.558710 -0.102241 0.082159 0.139236 0.082660 -0.396125 -0.080160 -0.035082 -0.021192 0
0.422018 0.052755 0.057920 -0.124370 1.309938 -0.564105 0.428729 0.171528 -0.033342 0
-0.434246 -0.255398 0.062879 -0.122989 0.775911 -0.498670 0.332925 0.136269 0.007756 0
1.046588 2.719483 2.670516 2.044184 4.927104 -0.555252 3.317211 2.996129 2.602926 0
0.972514 0.078499 0.360971 0.383194 -0.041480 0.932938 -0.148457 -0.070815 -0.011318 0
-0.236427 -0.246301 0.151822 -0.034032 1.244928 -0.357969 0.307331 0.092880 -0.102455 0
0.086147 0.319893 1.888025 1.545941 0.229173 -0.602516 1.248335 1.287883 1.116484 1
-0.633655 -0.225466 0.893460 0.474675 0.451650 -0.584299 0.358838 0.255217 0.147085 0
0.894406 0.154966 -0.132981 -0.225148 1.418314 -0.361373 0.410641 0.173832 -0.035457 0
0.413706 0.294645 2.150258 2.005341 0.267598 1.585144 0.622865 0.746407 0.848497 0
-0.769991 -0.352025 0.260522 -0.002615 0.817191 0.080336 0.135386 0.043192 -0.063623 0
-0.990794 -0.404822 0.097280 -0.093929 0.939566 -0.457028 0.296544 0.168485 0.034132 0
-1.483173 -0.567035 -0.057853 0.115293 -0.101036 -0.528134 -0.263152 -0.126761 -0.075920 0
0.614476 1.316225 1.014176 0.282459 1.772003 0.944949 1.860865 1.192846 0.817728 0
0.537517 -0.036170 0.231586 0.214227 0.119654 0.118620 0.060967 0.044972 0.019650 0
-1.189808 -0.475537 0.587667 0.527042 0.597756 -0.668760 0.065062 -0.012383 0.027064 0
-0.605251 -0.115119 0.808951 0.326747 2.069099 0.384469 0.904237 0.343445 0.169645 0
-1.318628 -0.504253 0.400012 0.408606 -0.195867 3.702741 -0.109469 -0.059942 0.016596 0
-1.063636 -0.421285 0.227421 0.021925 -0.164764 -0.614911 -0.286665 -0.122831 -0.048279 0
1.226264 1.207730 0.720046 0.140487 0.818152 -0.527504 0.376891 0.318243 0.251795 1
0.182832 -0.181165 -0.036981 0.040989 -0.607407 -0.254296 -0.206956 -0.144200 -0.066538 0
-0.702184 -0.172449 1.392769 0.901309 0.151588 0.830745 0.679549 0.517624 0.348500 0
1.767720 0.857009 0.104219 -0.171549 0.747882 -0.418054 0.022622 -0.022080 -0.071080 0
1.278918 0.752982 0.712150 0.292425 1.718449 0.219791 0.496483 0.247947 0.100983 0
0.639956 -0.118761 -0.133681 0.074296 -0.687955 -0.693676 -0.436337 -0.148059 -0.043661 0
-0.523409 -0.368085 -0.113927 -0.120571 -0.122978 -0.060300 -0.211077 -0.094403 -0.079036 0
-1.855663 -0.606248 0.060451 0.207101 0.555327 -0.615394 -0.096535 -0.064982 -0.023563 1
-0.547706 -0.198600 0.584313 0.227314 0.965597 1.110407 0.087693 0.071722 0.058299 0
-0.639159 -0.104880 0.779904 0.300567 2.291866 -0.022685 0.968261 0.372883 0.188659 0
-1.790115 -0.597031 0.305423 0.350839 0.099171 0.540658 -0.177357 -0.096333 -0.029111 0
0.393479 -0.140066 -0.200902 -0.157129 -0.446579 0.410756 -0.257501 -0.118035 -0.085085 0
0.109104 -0.109540 -0.057140 -0.189078 1.261877 -0.134472 0.356454 0.078872 -0.098779 0
0.693596 0.889782 1.255677 0.537529 0.539463 0.513803 0.152108 0.174072 0.228085 0
-0.863900 -0.323503 0.411721 0.074656 1.523338 0.487255 0.442863 0.085303 -0.018637 1
1.813604 0.647405 0.073582 -0.062026 0.068553 -0.693943 0.030734 -0.003208 -0.026620 0
-0.105841 0.603230 1.842347 1.289944 0.099842 -0.656756 1.682987 1.338352 1.187195 0
0.092955 -0.142247 -0.160146 -0.136928 0.604624 -0.677069 -0.055680 -0.093852 -0.091054 0
0.142299 -0.188680 0.046971 0.105320 0.171366 -0.694157 -0.206649 -0.138337 -0.088369 0
-1.334610 -0.426871 0.435453 0.132666 0.005147 -0.234158 -0.126883 -0.056942 -0.014139 0
-1.426215 -0.520655 -0.037276 -0.095403 0.411495 -0.550581 0.161001 0.045846 -0.068137 0
-0.785014 -0.306349 0.332955 0.103031 0.301799 -0.510042 0.105060 0.033575 0.035955 0
2.464990 5.982948 2.205739 1.346561 0.863058 0.474548 3.414899 2.376766 2.004504 0
0.328763 0.193654 0.833095 0.342901 -0.339246 -0.669469 0.012757 0.028168 0.047717 0
-1.492173 -0.559657 0.031056 0.097603 -0.645160 0.197723 -0.294763 -0.172436 -0.109619 0
1.478039 0.480642 -0.050054 -0.051239 1.032566 0.613502 0.245595 0.112518 0.070165 0
0.052122 -0.031990 0.038802 -0.209811 2.273830 0.696023 0.649561 0.190166 -0.077282 0
-0.116436 -0.175102 0.206733 0.155560 0.762933 -0.693666 0.188456 0.062475 0.050507 0
0.589866 -0.008843 0.164856 0.203521 -0.123994 0.971099 -0.249758 -0.082987 -0.014806 0
-0.299076 -0.105836 0.257405 -0.018356 1.010267 -0.380109 0.409755 0.197283 0.062098 0
-0.819435 -0.426811 -0.068063 -0.074855 0.258744 -0.662606 -0.100266 -0.054338 -0.068916 0
0.191981 -0.159260 0.200634 0.211681 -0.418601 0.075344 0.019504 -0.030051 -0.071362 0
-0.705973 -0.371321 0.138676 0.062175 0.689212 0.767982 -0.039234 -0.058076 -0.075608 0
-0.118989 -0.180057 -0.111729 -0.239253 0.480664 2.090493 0.056654 -0.036853 -0.134000 0
1.192046 0.153802 -0.115995 -0.099650 0.704635 -0.685976 -0.053101 -0.042961 -0.069652 0
-0.795866 -0.361645 0.283019 0.126550 -0.016343 -0.171656 -0.163520 -0.114667 -0.007716 0
-1.125867 -0.266032 0.667935 0.102065 1.521150 -0.313763 0.905641 0.291507 0.165806 1
1.781950 0.418919 0.084129 0.097537 -0.523993 -0.653364 -0.351182 -0.180114 -0.075006 0
-1.404282 -0.526020 0.118323 0.060934 -0.757900 -0.685914 -0.473584 -0.230859 -0.107690 0
-0.202937 -0.304698 -0.057325 -0.043686 -0.189015 -0.669223 -0.332839 -0.196471 -0.118890 0
-0.655378 -0.391209 0.017614 -0.049291 0.332541 -0.400022 0.026266 -0.026761 -0.079560 0
-1.411495 -0.515255 0.197297 0.118540 -0.081310 -0.388404 -0.057460 -0.030174 -0.024308 0
1.088643 1.267677 0.387744 -0.130004 2.032775 -0.614078 1.042051 0.493141 0.236739 0
0.874782 0.230997 0.642208 0.545712 -0.319940 -0.077519 -0.214735 -0.110094 -0.060024 0
-0.495238 -0.116354 1.452872 1.030566 -0.504075 -0.326054 0.522918 0.523221 0.405032 0
-1.764987 -0.598481 -0.062062 0.067497 -0.196428 -0.688556 -0.345530 -0.166956 -0.094822 0
0.681746 0.075223 0.265569 0.204986 -0.288452 0.100138 -0.118370 -0.073358 -0.029360 0
-0.832733 -0.312679 0.427944 0.130702 1.200152 -0.052280 0.377905 0.069625 0.002051 0
-1.286604 -0.434487 1.194405 0.772824 0.875595 -0.635502 0.262422 0.127615 0.095795 1
0.824910 -0.027708 -0.037454 0.042093 -0.358189 -0.691852 -0.194383 -0.107479 -0.077099 0
0.879033 0.007727 -0.298327 -0.201585 -0.539856 -0.690369 -0.422975 -0.187539 -0.107464 0
-0.681791 -0.268280 0.747636 0.318871 -0.861730 -0.198780 0.258740 0.156949 0.031179 0
1.282730 1.398812 0.327317 -0.176928 1.495367 -0.490429 0.918505 0.424690 0.169456 1
-0.010633 0.150959 0.865814 0.388373 0.496757 0.248390 0.109650 0.278496 0.336408 0
-1.551202 -0.558732 0.076165 0.006064 -0.053671 -0.672973 -0.041852 -0.045499 -0.096187 0
-0.954696 -0.428323 0.230493 0.175872 0.231323 1.466237 -0.082676 -0.069124 -0.036600 0
-1.609696 -0.544812 0.044087 -0.087330 -0.282597 -0.270869 -0.424286 -0.269775 -0.173771 0
-0.444917 -0.211060 0.342274 0.155856 0.208548 -0.652199 0.017760 0.024507 0.008209 0
-0.118268 -0.213288 -0.090524 -0.167272 0.800797 1.394665 0.166937 -0.034651 -0.138586 0
1.590090 1.045576 0.228023 -0.171258 2.926578 0.580051 1.058463 0.338125 0.097103 0
-1.721094 -0.585092 0.053759 0.001016 -0.335430 -0.693147 -0.355928 -0.148466 -0.075163 0
1.487530 1.825856 1.747320 1.191418 -0.044434 0.202827 1.061956 1.098015 1.078837 0
-0.462359 -0.402685 -0.124617 0.048236 -0.561202 -0.622310 -0.500008 -0.270363 -0.150605 0
1.315230 0.469059 -0.124462 -0.273051 1.652701 -0.693779 0.571152 0.162826 -0.048704 0
-0.311939 0.316167 1.591798 0.886242 1.113125 -0.650999 2.131756 1.478300 0.910876 0
0.891760 0.076068 0.129727 0.068163 0.642589 -0.619998 -0.021246 -0.031117 -0.030919 0
-0.663741 -0.409993 -0.436750 -0.320708 -1.201115 0.562427 -0.385824 -0.216235 -0.160217 0
-1.336150 -0.490919 -0.030719 -0.168205 0.267958 1.120162 -0.105736 -0.078753 -0.106017 0
-1.596416 -0.529283 0.386195 0.124941 0.139101 -0.680510 -0.291578 -0.211985 -0.157858 0
-1.346748 -0.528859 0.129082 0.144272 -0.632473 0.929689 -0.363677 -0.138322 -0.033654 0
-1.159572 -0.327584 0.345189 -0.103211 1.347131 -0.269376 1.022550 0.330852 0.062889 1
0.040574 -0.240635 -0.124085 -0.111488 0.339053 1.631391 -0.134905 -0.099217 -0.104800 0
-1.256164 -0.504204 -0.190227 -0.160886 0.049317 -0.522397 -0.245988 -0.189780 -0.145064 0
-0.658162 -0.317587 0.355444 0.126107 -0.514419 -0.464886 -0.202173 -0.136209 -0.105318 0
0.455676 -0.051970 0.054524 -0.036199 0.631970 0.808225 0.094424 -0.003636 -0.093975 0
1.384601 0.505543 0.375365 0.104384 -0.722931 -0.691893 0.077973 0.041891 -0.009419 0
0.037898 0.509663 1.425166 0.721580 -1.028063 -0.573105 0.394264 0.399515 0.463891 0
0.788924 0.068665 -0.153554 -0.209917 0.026088 -0.446225 -0.365912 -0.244955 -0.175910 0
-0.983160 -0.201936 1.735815 1.170633 0.865230 -0.433990 0.941931 0.575297 0.479560 0
-0.044093 0.084184 1.234039 0.768244 -0.317123 1.453761 0.230867 0.250538 0.261343 0
-0.453391 -0.189344 0.097016 -0.080870 2.327971 1.142105 1.097752 0.386513 0.067404 1
-0.747960 -0.413568 0.216308 0.179153 -0.136141 -0.515808 -0.248331 -0.134159 -0.056635 0
-0.585865 -0.356288 -0.126341 -0.192121 0.110022 -0.242928 -0.172723 -0.200603 -0.164192 0
-0.703092 -0.327212 0.069069 -0.113286 1.217524 -0.271761 0.251998 0.034286 -0.064910 0
0.606158 0.065178 0.217443 0.038923 0.270428 -0.071156 0.010140 -0.035971 -0.045259 0
-1.759004 -0.525084 1.417262 1.206910 -0.502827 -0.686312 0.642285 0.538372 0.511637 0
1.111447 0.249126 -0.223524 -0.281024 1.142131 -0.664989 0.164324 0.034056 -0.068803 0
-1.816959 -0.607677 0.221511 0.334969 -0.844401 0.292771 -0.333039 -0.165828 -0.067736 1
1.571470 0.724275 0.310448 -0.081476 0.806820 -0.572110 0.925811 0.281889 -0.070005 0
-1.361896 -0.392244 0.892228 0.398807 0.734001 -0.007434 0.280356 0.117637 0.090194 0
0.565291 0.123222 0.179295 -0.003049 -0.112111 -0.427658 -0.112396 -0.113854 -0.079957 0
-1.613146 -0.561876 0.276872 0.197281 0.749365 -0.654402 0.067201 -0.068635 -0.110305 0
-1.275840 -0.516848 -0.135698 -0.137749 -0.184923 -0.694195 -0.303067 -0.192258 -0.121225 0
2.096627 0.845125 -0.225967 -0.366907 0.874623 -0.680001 -0.056013 -0.122148 -0.206920 0
-0.282219 -0.232970 0.065834 -0.101889 0.829710 -0.188709 -0.144968 -0.091287 -0.101465 0
0.041212 -0.200574 -0.113046 -0.229675 0.007368 -0.078076 -0.103545 -0.077883 -0.146846 0
-0.366519 -0.331463 -0.020363 -0.035852 0.143226 -0.652674 -0.283804 -0.180409 -0.122515 0
-0.210165 0.209730 1.497117 1.089298 0.061148 -0.694239 0.933362 0.845280 0.671872 0
-1.037476 -0.428161 -0.132921 -0.249896 0.145848 0.138536 -0.119557 -0.093444 -0.100273 0
-0.062671 0.157860 1.987960 1.675480 -0.400181 -0.312273 0.670376 0.751831 0.817592 0
0.031589 0.385994 0.727244 0.160529 0.457750 -0.489167 0.383663 0.201848 0.142044 0
-0.098088 -0.272463 -0.174480 -0.091442 0.614176 0.754163 -0.159410 -0.128533 -0.122051 0
0.229491 -0.211005 -0.298864 -0.206255 0.313155 0.911743 -0.172627 -0.129955 -0.127314 0
0.516737 -0.093712 -0.116222 -0.059536 -0.008774 1.096756 -0.262162 -0.151138 -0.132208 0
-0.711370 -0.398886 -0.008874 -0.075685 -0.061756 -0.610085 -0.335541 -0.238441 -0.201606 0
2.309170 0.669828 -0.368963 -0.352837 0.667718 3.006331 0.073397 -0.103748 -0.212591 0
-1.149293 -0.512168 -0.249601 -0.211035 -0.221353 -0.394910 -0.189291 -0.167179 -0.148351 0
0.550227 0.399199 0.705088 0.195545 1.239186 -0.694147 0.287120 0.042260 -0.000078 0
0.787459 1.339752 2.760669 2.580328 0.110621 -0.544080 1.461798 1.729838 1.828350 0
0.753451 0.018086 -0.192817 -0.247562 0.373500 -0.272120 -0.169044 -0.157655 -0.185188 0
0.410572 -0.001586 0.647621 0.540074 -0.250145 -0.642900 -0.303816 -0.149706 0.006328 0
0.782586 0.007560 -0.031050 -0.063132 0.319793 1.653702 -0.105087 -0.116585 -0.105184 0
-0.602632 0.014959 2.179683 1.791986 -0.612912 -0.684448 1.241135 0.847621 0.698084 0
1.118173 1.804883 1.320960 0.595421 2.620663 -0.004919 1.882496 1.254740 0.899816 0
-0.839152 -0.351898 -0.045393 -0.202767 0.366728 0.681896 0.048889 -0.099526 -0.153204 0
0.500100 -0.121354 -0.317348 -0.245050 0.401003 -0.565179 -0.165270 -0.180248 -0.195773 0
-0.555647 -0.385816 -0.040576 -0.037018 -0.140789 -0.693225 -0.172860 -0.135787 -0.126208 0
-0.000908 0.578391 5.120886 6.512794 -0.425063 -0.141369 1.242101 1.779242 2.119409 0
0.036797 -0.248329 -0.354436 -0.241549 -0.239950 -0.624461 -0.425073 -0.278103 -0.181627 0
-0.854633 -0.249463 0.135006 -0.202828 3.348509 -0.664560 1.169903 0.276560 0.001338 1
-1.123779 -0.447627 0.340536 0.097162 -0.192758 -0.680600 -0.055436 -0.070318 -0.118385 0
0.354467 -0.179219 -0.269464 -0.183067 0.291403 -0.527202 -0.103481 -0.134533 -0.155538 0
0.367250 0.547221 1.190013 0.620495 0.347691 -0.682289 1.536976 0.961796 0.630286 0
-0.551211 -0.187880 1.134152 0.846989 -0.429927 -0.685074 -0.043790 0.010237 0.081089 0
1.497667 0.263992 -0.445805 -0.350243 0.488716 -0.604459 0.042449 -0.074472 -0.133360 0
0.089618 -0.206858 0.144073 0.098509 0.130890 -0.672808 -0.025848 -0.082228 -0.090024 0
0.626999 -0.033574 -0.276580 -0.267986 0.156210 -0.201901 -0.095829 -0.118628 -0.133383 0
0.823509 0.138675 -0.256907 -0.317838 0.471905 -0.364925 -0.154695 -0.161190 -0.193051 0
-2.055741 -0.628476 -0.089248 0.003675 -0.366755 -0.399067 -0.355532 -0.197777 -0.098921 0
0.336367 -0.190294 -0.183495 -0.078004 -0.330872 -0.598451 -0.430815 -0.252495 -0.140240 0
-0.185273 -0.090228 0.773002 0.327776 -0.559745 -0.483072 0.398832 0.165315 0.013010 0
0.440648 1.154712 1.800126 0.969252 0.762571 -0.679837 1.213024 0.938193 0.939672 0
-0.550137 -0.368155 -0.295027 -0.292847 0.643090 -0.542268 -0.084556 -0.139534 -0.185674 0
-0.608009 -0.419340 -0.309038 -0.158157 -0.481887 -0.570013 -0.325993 -0.208112 -0.152520 0
1.542529 0.409121 -0.263867 -0.303991 0.182928 -0.219296 -0.097412 -0.102076 -0.116876 0
0.441871 -0.086465 -0.151187 -0.186911 0.429454 -0.158631 -0.172058 -0.172349 -0.158438 0
0.683880 0.069563 -0.021265 -0.110203 -0.032404 -0.100083 0.001041 -0.036908 -0.062950 0
-0.881726 -0.468389 -0.746515 -0.549795 -1.691644 0.712620 -0.460823 -0.428373 -0.374398 0
-1.461473 -0.504152 0.258661 -0.022371 1.685503 -0.296199 0.376978 0.071963 -0.050203 1
-1.103936 -0.466464 -0.101975 -0.149031 0.430100 -0.541928 -0.100898 -0.176069 -0.120892 0
-1.494892 -0.577616 -0.263935 -0.070651 -0.275718 1.444093 -0.418359 -0.250088 -0.157538 0
-1.190568 -0.494867 -0.232874 -0.231479 0.619826 -0.609588 -0.064518 -0.126686 -0.198292 0
-0.481890 -0.385836 -0.174957 -0.113019 -0.368433 -0.694138 -0.345805 -0.236760 -0.194426 0
0.012525 0.658986 1.934959 1.249118 1.236779 -0.190624 2.056424 1.599302 1.308621 0
-0.016375 -0.283355 -0.393843 -0.275991 -0.024871 0.368594 -0.178687 -0.175252 -0.181966 0
1.589098 0.649903 -0.228191 -0.360488 1.013863 -0.690509 0.399267 0.064925 -0.098882 0
-0.135815 0.085811 0.285095 -0.106741 1.409932 -0.692590 0.625058 0.237494 0.020976 0
-1.460141 -0.562103 -0.349790 -0.203793 0.039789 -0.621529 -0.289796 -0.226789 -0.186694 0
0.437109 -0.073571 -0.133959 -0.071403 -0.962933 -0.676496 -0.418915 -0.226530 -0.131023 0
1.496810 0.260098 -0.130562 -0.137876 -0.822077 -0.240457 -0.395665 -0.229594 -0.160645 0
0.463535 -0.146984 -0.179032 -0.146192 0.600493 1.279895 -0.117940 -0.133910 -0.121880 0
1.435740 0.311712 -0.300982 -0.315277 1.072017 -0.497843 -0.002549 -0.109076 -0.141546 0
-1.524992 -0.530037 0.377618 0.268536 -0.519958 -0.666862 -0.315458 -0.226148 -0.192659 0
1.070434 1.555929 2.272252 1.940456 -1.135631 -0.588548 2.119076 2.023629 1.735915 0
-0.104765 -0.309786 -0.104106 -0.088292 -0.450558 2.932044 -0.509646 -0.273214 -0.175375 0
0.086690 -0.199796 -0.161403 -0.216442 -0.700495 -0.372072 -0.378120 -0.267972 -0.202242 0
-0.756683 -0.425694 -0.577786 -0.429456 -0.500701 -0.349876 -0.430901 -0.224266 -0.199287 0
0.783537 0.006051 -0.487134 -0.423325 -0.574214 0.307144 -0.210192 -0.313318 -0.320401 0
-0.150126 -0.235922 -0.142241 -0.216225 0.897206 1.136169 -0.065906 -0.193614 -0.209678 0
-1.355706 -0.472526 0.156818 -0.076238 -0.419950 -0.367994 0.021005 -0.117111 -0.070673 0
0.889037 0.029184 -0.283507 -0.228695 -0.405742 0.054013 -0.390252 -0.243619 -0.150050 0
-1.607315 -0.521207 1.149416 0.908043 -0.583268 -0.535126 0.304405 0.308923 0.270701 0
0.176326 -0.247579 -0.103423 -0.109338 0.129704 0.593351 -0.064454 -0.131805 -0.177823 0
-0.453782 0.154336 1.453017 0.945252 0.179545 -0.694115 1.080906 0.657542 0.529720 0
-0.121349 -0.087665 0.171703 -0.009772 -0.298602 -0.468047 -0.066366 -0.088065 -0.005642 1
1.191259 0.333843 0.083823 -0.079847 1.500438 -0.693919 0.192412 -0.024869 -0.074314 0
1.000154 -0.018125 -0.265117 -0.146284 0.285914 -0.661456 -0.296701 -0.207679 -0.164580 0
0.006615 0.092344 1.223510 0.790613 0.494909 -0.365179 0.442480 0.500566 0.463268 0
-0.679760 -0.371580 0.298155 0.078191 -0.437975 -0.663485 -0.421526 -0.259464 -0.214283 0
-0.179950 -0.321654 -0.353006 -0.260803 -0.193114 -0.359944 -0.220974 -0.201860 -0.176876 0
-1.681190 -0.585095 0.058007 0.050858 -0.314183 -0.244126 -0.371199 -0.242513 -0.165127 0
0.930914 0.236247 0.505762 0.247726 -0.082583 -0.510248 -0.027723 -0.073766 -0.083546 0
0.736453 -0.131234 -0.498259 -0.235251 -0.330389 -0.109546 -0.498563 -0.318156 -0.234511 0
0.085741 -0.183540 -0.383099 -0.368423 0.574996 1.676270 -0.005262 -0.154552 -0.218009 0
-0.490422 -0.299440 -0.089556 -0.225710 1.151229 -0.680463 0.315891 0.003041 -0.113760 0
-1.273537 -0.506173 -0.316129 -0.264794 -0.311885 -0.562662 -0.444702 -0.263967 -0.190468 0
-1.203656 -0.365298 0.289564 -0.120317 1.095272 -0.690622 0.664593 0.144484 -0.025821 1
-0.037940 -0.267182 -0.130758 -0.079470 0.392255 1.622488 -0.075662 -0.112798 -0.143606 0
-0.933673 -0.482797 -0.258530 -0.122582 -0.103294 -0.381921 -0.401036 -0.236338 -0.154349 0
-1.105935 -0.415316 -0.034448 -0.244416 1.150818 -0.689308 0.508646 0.059599 -0.105474 1
-1.504883 -0.553647 -0.162339 -0.147756 -0.521975 2.211435 -0.274114 -0.185697 -0.197922 0
1.746216 0.303965 -0.389239 -0.308496 0.253945 -0.674017 -0.161644 -0.131133 -0.136145 0
-1.465732 -0.554498 -0.283430 -0.220036 -0.155981 -0.674196 -0.115709 -0.110400 -0.156047 0
-0.001906 -0.061167 0.615249 0.281853 -0.590200 -0.689222 0.196489 0.146747 0.053992 0
0.140336 -0.174317 -0.226038 -0.246464 -0.727954 -0.493997 -0.265402 -0.198320 -0.177421 0
1.571470 0.724275 0.310448 -0.081476 0.806820 -0.572110 0.925811 0.281889 -0.070005 0
-1.496781 -0.530674 0.708525 0.655183 -0.884979 -0.637432 -0.200643 -0.052825 0.036847 0
-0.975321 -0.435965 -0.271471 -0.253256 -1.281678 -0.656630 -0.449004 -0.348148 -0.233008 0
-1.309845 -0.527703 -0.255750 -0.216481 -0.026834 -0.160190 -0.217076 -0.207320 -0.179364 0
1.126180 0.194686 -0.096502 -0.189959 0.682068 -0.618420 0.215733 -0.010044 -0.103473 0
1.575773 0.312031 -0.418033 -0.370168 0.644748 -0.671956 -0.108785 -0.171655 -0.210000 0
0.226768 0.482782 1.569906 0.934527 0.174598 -0.663045 0.620861 0.457280 0.384306 0
-1.388623 -0.479037 1.287767 1.271654 -0.712635 0.395573 0.238523 0.333768 0.386807 0
1.094338 0.166337 -0.146480 -0.272711 1.439186 1.171788 0.240286 -0.015153 -0.186950 0
1.960196 0.547031 -0.134132 -0.138265 0.088235 -0.613074 -0.228518 -0.200733 -0.180053 0
-0.184305 -0.302628 -0.294237 -0.236723 0.122431 0.285559 -0.237589 -0.218883 -0.165035 0
-0.046175 -0.173713 -0.030475 -0.127680 0.274960 -0.282151 -0.232661 -0.151661 -0.151111 0
-1.225623 -0.349681 0.332247 -0.102041 4.162471 -0.590034 1.248891 0.306323 0.065659 1
0.268099 0.017654 0.110703 -0.050833 0.695956 -0.690240 0.034239 -0.057747 -0.069074 0
0.152798 -0.118781 -0.349752 -0.371784 0.103628 -0.394499 -0.303861 -0.208455 -0.192172 0
0.115396 -0.282903 -0.376406 -0.184788 -0.138042 0.427756 -0.206795 -0.196539 -0.175315 0
-1.049570 -0.389681 0.433752 0.102109 0.451200 -0.659657 -0.062417 -0.118568 -0.119628 0
-1.458232 -0.465575 0.629290 0.348408 0.374494 0.240403 0.196655 0.068216 0.062006 0
-1.495852 -0.560749 -0.380768 -0.244877 -0.545562 -0.477722 -0.407581 -0.274813 -0.178869 0
-1.076660 -0.477795 -0.490233 -0.424790 -0.875996 -0.653292 -0.172087 -0.325511 -0.243809 1
-1.030397 -0.471195 -0.253128 -0.303837 0.015580 -0.450135 -0.153929 -0.220180 -0.207739 0
0.832487 -0.013179 -0.362245 -0.297862 0.692306 -0.260305 -0.264326 -0.276490 -0.272982 0
-0.121606 -0.279196 -0.459755 -0.327649 0.400116 0.630831 -0.173132 -0.188126 -0.202619 0
0.879417 0.098932 -0.128465 -0.228391 0.451642 0.221401 -0.133327 -0.204804 -0.219610 0
0.911293 1.629667 1.517123 0.682517 1.573472 -0.687532 2.025878 1.528465 1.056203 0
-0.158046 -0.315005 -0.224417 -0.214941 -0.122410 0.919614 -0.379282 -0.266331 -0.207274 0
-1.396857 -0.533700 -0.240993 -0.249209 -0.251879 -0.285113 -0.323013 -0.224392 -0.220633 0
1.247870 0.142842 -0.167396 -0.173974 -0.016144 -0.306436 -0.132617 -0.174799 -0.175548 0
0.210036 -0.311638 -0.625841 -0.382130 0.106355 0.183752 -0.384946 -0.286787 -0.256030 0
1.769156 0.750605 -0.236160 -0.321028 1.342285 -0.629150 0.374693 0.050077 -0.139803 0
-0.502707 -0.392979 -0.283011 -0.181055 -0.104496 -0.362684 -0.369278 -0.270124 -0.210204 0
1.884272 0.786308 -0.270774 -0.374848 0.661079 0.077488 0.210952 -0.082374 -0.141292 0
0.561000 0.156502 0.039738 -0.206898 0.864149 0.128351 0.181476 -0.149700 -0.160029 0
0.088395 -0.161271 -0.497572 -0.416871 0.677416 1.881997 -0.014039 -0.144214 -0.217348 0
-0.293582 -0.360458 -0.230535 -0.146106 -0.669893 -0.429378 -0.457240 -0.297115 -0.221067 0
0.603474 0.058759 -0.284989 -0.355990 1.654855 -0.622076 0.537136 0.083353 -0.142895 0
-0.542345 -0.420237 -0.494935 -0.340066 0.510509 -0.484871 -0.238163 -0.211346 -0.219553 0
-1.475359 -0.532499 -0.127501 -0.238164 0.046984 -0.159463 -0.178602 -0.174459 -0.231714 0
1.557822 0.178584 -0.563254 -0.399456 -0.138523 0.235442 -0.324696 -0.245982 -0.230611 0
1.237704 2.240276 1.534801 0.792771 1.288399 -0.389086 1.876910 1.234236 0.917368 0
-1.223465 -0.492073 -0.324367 -0.339075 0.125025 0.441733 -0.320039 -0.253909 -0.244127 0
-0.090674 -0.282409 -0.615849 -0.458495 0.251463 -0.628756 -0.296034 -0.222494 -0.237150 0
-0.680579 -0.363332 -0.340672 -0.346406 -1.555400 -0.427638 -0.440505 -0.345946 -0.224642 0
0.841517 0.063744 -0.154867 -0.246668 0.787393 -0.221138 -0.081306 -0.120505 -0.134854 0
0.458919 -0.133715 -0.373553 -0.313912 0.061811 -0.272956 -0.285318 -0.239687 -0.226891 0
-1.359642 -0.560726 -0.410745 -0.269508 -0.117806 0.612837 -0.420376 -0.285750 -0.232561 0
1.115784 0.084328 -0.290227 -0.288365 0.078865 3.193796 -0.117173 -0.138746 -0.164942 0
0.302261 -0.163967 -0.365886 -0.282468 -0.961196 -0.145454 -0.527816 -0.292454 -0.183966 0
0.299381 0.048287 0.662532 0.383136 0.186131 -0.680123 0.197121 0.152273 0.099659 0
0.930245 -0.012968 -0.501746 -0.362086 -0.121343 -0.655043 -0.226943 -0.168432 -0.225017 0
-1.107676 -0.479646 -0.218773 -0.239752 0.097598 0.545891 -0.284876 -0.216296 -0.228187 0
0.719001 0.011174 -0.487111 -0.415452 0.857743 0.124102 -0.148121 -0.190708 -0.274020 0
1.055517 -0.040755 -0.411958 -0.288350 -0.037139 -0.615115 -0.354451 -0.261974 -0.228425 0
-1.698957 -0.601042 -0.398585 -0.124662 -0.125595 2.130044 -0.382447 -0.265295 -0.181789 0
-0.468294 -0.174847 -0.129409 -0.307709 0.877572 -0.067963 0.371542 0.059275 -0.051232 0
-1.289760 -0.506566 0.164338 -0.026660 0.086898 0.148402 -0.112814 -0.171862 -0.193995 0
-0.073396 0.729306 2.698550 2.311599 0.001195 -0.282990 2.858290 2.419335 1.994245 0
1.253365 0.218593 -0.413958 -0.385838 -0.455508 -0.110857 -0.294043 -0.235357 -0.206761 0
-0.708986 -0.388084 -0.160002 -0.230972 0.937040 1.693057 0.178835 -0.038553 -0.173115 0
0.208982 -0.203707 -0.278772 -0.234165 0.054744 -0.282640 -0.385227 -0.281568 -0.221008 0
0.115073 -0.167426 -0.140860 -0.138302 -0.318728 -0.346992 -0.218823 -0.209501 -0.196546 0
0.449206 -0.170171 -0.411145 -0.273929 0.048273 -0.498255 -0.395055 -0.307732 -0.242130 0
2.756674 4.585988 1.658245 0.950786 -0.816958 -0.634870 2.130659 1.633552 1.202398 0
-0.309231 -0.351223 -0.398212 -0.317520 -0.618389 0.343304 -0.535394 -0.308145 -0.215784 0
-1.278283 -0.491610 -0.163503 -0.274140 0.017744 -0.693847 -0.433964 -0.337718 -0.261752 1
1.461206 0.102414 -0.527354 -0.426802 -0.416089 -0.688255 -0.430681 -0.337083 -0.296385 0
-1.668174 -0.595109 -0.483405 -0.313624 -0.536193 -0.450657 -0.428651 -0.274740 -0.227383 0
-0.945040 -0.473603 -0.327712 -0.304775 -0.265913 -0.155750 -0.272789 -0.197965 -0.217037 0
0.059262 -0.260495 -0.409379 -0.285894 -0.756901 0.649285 -0.453347 -0.279730 -0.201910 0
0.116851 -0.247926 -0.323550 -0.271130 0.246798 -0.185125 -0.144349 -0.158144 -0.179048 0
-1.261796 -0.526225 -0.436711 -0.327616 0.380092 -0.601873 -0.190347 -0.181965 -0.229379 0
-1.538691 -0.531654 0.297507 0.110951 -0.132400 -0.501096 -0.323675 -0.191404 -0.121836 0
-0.754142 -0.369531 0.381531 0.172911 -0.122706 -0.099765 -0.155881 0.038344 0.068064 0
0.226910 -0.223125 -0.529065 -0.376366 0.510976 -0.516928 -0.110109 -0.162363 -0.206791 0
-0.620710 -0.171766 0.933098 0.545660 -0.196079 -0.374973 0.741221 0.564501 0.386684 0
-1.503369 -0.555848 0.124857 0.030485 -0.104798 1.295074 -0.189521 -0.202130 -0.184638 0
0.142289 -0.228190 -0.483002 -0.316034 -0.262564 2.231739 -0.227533 -0.231579 -0.201507 0
0.232705 -0.232618 -0.323067 -0.241421 -0.115554 -0.533781 -0.319257 -0.218720 -0.226904 0
0.765973 -0.056310 -0.388256 -0.265302 -0.408627 -0.658573 -0.463180 -0.298721 -0.228641 0
-0.074345 -0.297594 -0.284302 -0.135689 -0.419096 -0.395630 -0.472413 -0.332040 -0.202753 0
1.228169 0.418319 -0.137264 -0.275503 0.354646 -0.644016 -0.108505 -0.135024 -0.150540 0
0.365497 0.159958 0.992753 0.569840 0.363142 -0.692258 0.351528 0.354476 0.306159 0
-0.251418 -0.361732 -0.471482 -0.258719 -0.517728 -0.190252 -0.452165 -0.331546 -0.243374 0
-0.991614 -0.477769 -0.483046 -0.399212 -0.325293 -0.644816 -0.292191 -0.219583 -0.242535 0
-0.617720 -0.357144 -0.094997 -0.169580 -0.067534 -0.591823 -0.176071 -0.271955 -0.209092 0
0.409519 -0.238006 -0.582544 -0.369370 -0.660437 -0.570305 -0.494381 -0.279055 -0.213537 0
-0.423489 -0.058999 1.064141 0.695209 -0.143952 -0.620189 0.010894 0.213679 0.341850 0
-0.495925 -0.381963 -0.279101 -0.202003 -0.292457 0.533585 -0.335376 -0.223912 -0.178903 0
0.198372 -0.254256 -0.355892 -0.269675 -0.408106 -0.553265 -0.489860 -0.307535 -0.233283 0
-1.261461 -0.347570 0.358510 -0.095460 1.556068 -0.693578 1.331836 0.343469 0.088016 0
-0.437920 -0.176705 -0.107319 -0.295898 0.406438 -0.540770 0.441977 -0.128058 -0.128251 0
0.106559 -0.180424 -0.350263 -0.274159 -1.185663 -0.496045 -0.562421 -0.372808 -0.254540 0
0.573876 -0.092493 0.036193 0.025506 0.169581 -0.664922 -0.052777 -0.156667 -0.171895 0
-0.394767 -0.141329 0.457120 0.195379 0.000627 -0.420411 0.173491 0.053046 0.108899 0
-0.736239 -0.384976 -0.231412 -0.308912 1.206252 -0.674511 0.141413 -0.102455 -0.215059 0
0.203792 0.181795 0.672865 0.156325 0.358684 -0.435873 0.185524 0.000230 -0.100189 0
-0.974038 -0.466130 -0.437695 -0.365787 0.077394 -0.423182 -0.176435 -0.175052 -0.190091 0
-0.075871 -0.328481 -0.399889 -0.236636 -0.246926 -0.618421 -0.390524 -0.232976 -0.193642 0
-0.485112 -0.353270 -0.065124 -0.136684 -0.379373 2.968230 -0.384528 -0.257742 -0.180175 0
0.084376 0.018358 0.873282 0.477215 1.030211 1.553873 0.488585 0.317155 0.183391 0
-0.910585 -0.466662 -0.470451 -0.350164 0.186981 0.494895 -0.161352 -0.195075 -0.217842 0
0.048523 -0.129560 -0.112236 -0.229283 -0.912435 1.020337 0.026518 -0.184885 -0.185474 0
-1.556022 -0.578558 -0.466599 -0.351574 -0.036378 -0.669921 -0.350071 -0.269861 -0.272458 0
-0.039233 -0.242618 -0.186347 -0.110751 -0.509438 -0.026635 -0.411154 -0.271080 -0.185710 0
-0.263802 -0.332442 -0.233966 -0.204532 -0.448431 4.012969 -0.575515 -0.341980 -0.206235 0
-0.009273 0.049756 0.170984 -0.156848 0.924198 -0.022917 0.607238 0.097743 -0.070913 0
0.875977 -0.000826 -0.518098 -0.367837 -1.017519 -0.635544 -0.475092 -0.382436 -0.249536 0
-0.439945 -0.405124 -0.405741 -0.258185 -0.510108 -0.183169 -0.449681 -0.318677 -0.231802 0
0.970534 1.754054 2.636545 2.568144 0.228067 0.913995 1.966172 2.087546 2.137174 0
0.218343 -0.289014 -0.523878 -0.316325 -0.275500 0.616413 -0.431632 -0.314638 -0.258247 0
0.360025 -0.246068 -0.550275 -0.365018 -0.153135 -0.516768 -0.324014 -0.258954 -0.241210 0
1.189238 0.437911 0.297489 -0.006816 0.776300 1.487100 -0.180481 -0.161365 -0.142251 0
-1.424664 -0.561317 -0.673495 -0.445437 -0.025844 -0.488027 -0.242402 -0.198848 -0.240380 0
1.815121 3.229571 1.792947 0.990153 0.351914 0.022658 1.955242 1.517955 1.310726 0
1.080150 0.019023 -0.511232 -0.394867 -0.127115 -0.663291 -0.380115 -0.328625 -0.285955 0
-0.583624 -0.422531 -0.522782 -0.402308 -0.165143 -0.618801 -0.368994 -0.298148 -0.268064 0
-1.668320 -0.567944 -0.419629 -0.368746 0.343557 -0.692173 -0.212230 -0.267587 -0.226915 0
0.992895 0.044103 -0.295890 -0.250036 -0.263352 -0.505907 -0.343248 -0.267679 -0.239221 0
0.304198 -0.204953 -0.450271 -0.342220 -0.417551 0.709544 -0.386781 -0.289959 -0.233445 0
-1.469452 -0.520771 0.043997 -0.158461 -0.464358 -0.628326 -0.099737 -0.177490 -0.194612 0
0.093257 0.242916 0.212075 -0.156041 1.554848 -0.681703 0.459505 0.107905 -0.003582 0
0.154311 -0.204953 -0.562510 -0.450642 -0.530344 0.347149 -0.433771 -0.342985 -0.303874 0
-0.876225 -0.452871 -0.231899 -0.177507 -0.055025 1.125593 -0.393769 -0.290415 -0.222589 1
0.373276 -0.003971 -0.168889 -0.274986 -0.622521 -0.676123 -0.391272 -0.241171 -0.211413 0
0.642265 0.063569 -0.222279 -0.331948 -0.571730 0.025767 -0.144596 -0.194330 -0.253114 0
-0.424171 -0.376434 -0.569757 -0.440561 0.101776 -0.640423 -0.224326 -0.228868 -0.260603 0
-0.064409 -0.195463 0.113199 0.014793 -2.316499 -0.476657 0.003912 -0.003367 -0.005461 0
-0.686175 -0.316310 0.408824 0.144029 0.050191 -0.367399 -0.130310 -0.116640 -0.094694 0
-0.866687 -0.435051 -0.159744 -0.225940 -0.034214 -0.513596 -0.139028 -0.141304 -0.185731 0
0.041379 -0.205722 -0.153299 -0.152542 0.121778 -0.360240 -0.195397 -0.194531 -0.137642 0
0.221003 -0.187978 -0.301759 -0.274626 -0.282648 1.995905 -0.275576 -0.252623 -0.224446 0
-0.175143 -0.304019 -0.390248 -0.338047 0.492898 -0.686760 -0.202512 -0.216846 -0.210967 0
1.271629 0.143755 -0.228295 -0.268102 -0.319790 -0.546693 -0.290860 -0.257433 -0.233595 0
0.786645 -0.072265 -0.635436 -0.450479 0.322958 0.430038 -0.308596 -0.255925 -0.239969 0
-0.674540 -0.334108 -0.180793 -0.256834 0.207745 0.926680 -0.130507 -0.171880 -0.182732 0
-1.009227 -0.453242 -0.358599 -0.345190 -0.241085 1.976680 -0.335969 -0.330626 -0.239598 0
-0.729072 -0.417746 -0.274245 -0.306809 0.046427 -0.668499 -0.221120 -0.250015 -0.222411 0
-1.501535 -0.556499 -0.235173 -0.269133 0.432700 0.109142 0.092265 -0.141684 -0.225592 0
0.711009 -0.066018 -0.360153 -0.319781 0.498536 -0.394692 -0.152121 -0.213047 -0.250829 0
0.574048 -0.090406 0.030880 0.021207 0.937538 -0.382619 -0.053156 -0.156723 -0.171934 0
1.031032 0.556522 0.815251 0.405755 1.037137 -0.165372 0.261958 0.122876 0.088563 0
-0.058495 -0.234227 -0.367493 -0.341302 -0.685508 -0.333960 -0.458567 -0.284875 -0.204439 0
0.671223 -0.081967 -0.345354 -0.250039 -0.687217 -0.647692 -0.534385 -0.324159 -0.232533 0
0.954015 -0.012251 -0.542153 -0.389294 -1.051543 -0.684050 -0.583505 -0.344730 -0.241739 0
-1.485714 -0.566143 -0.451344 -0.293357 0.400429 -0.076435 -0.303615 -0.258282 -0.217891 0
-1.425113 -0.543651 -0.263019 -0.231154 -0.285106 5.212062 -0.371260 -0.239044 -0.230465 0
-0.288371 -0.322244 -0.581798 -0.457785 0.103825 1.500149 -0.374566 -0.268715 -0.248358 0
0.678403 -0.089349 -0.492227 -0.369374 -0.055553 -0.063295 -0.377817 -0.315331 -0.248115 0
-0.200766 -0.355299 -0.518483 -0.381177 0.253301 -0.643504 -0.333666 -0.283698 -0.275910 0
0.419531 -0.162961 -0.131179 -0.154669 -0.682072 -0.666687 -0.508708 -0.311503 -0.197932 0
-1.641437 -0.532751 0.487243 0.242966 0.384390 -0.692027 0.612510 0.289117 0.121051 0
0.318024 -0.252224 -0.486965 -0.348246 -0.399991 -0.226565 -0.454767 -0.318345 -0.271441 0
-1.320323 -0.516453 0.280664 0.063361 0.298748 -0.676679 -0.082898 -0.151202 -0.181693 0
-0.794446 -0.447168 -0.443215 -0.359863 -0.461253 0.151743 -0.330720 -0.242830 -0.261233 0
0.141321 -0.206526 -0.457088 -0.384570 1.128535 -0.681581 -0.030843 -0.155165 -0.205433 0
-1.783933 -0.573395 0.065032 -0.104327 -0.563977 0.658799 -0.274243 -0.196645 -0.130423 0
-1.657742 -0.587164 -0.290161 -0.270955 0.566418 -0.610250 -0.001350 -0.151043 -0.205289 1
0.541634 -0.172809 -0.564357 -0.351756 -0.645661 0.913521 -0.597837 -0.401158 -0.286418 0
-1.741363 -0.605249 -0.518533 -0.278265 -0.671935 1.238791 -0.628695 -0.401844 -0.258919 0
0.224558 -0.253220 -0.418738 -0.289613 -0.027989 -0.693266 -0.253411 -0.219418 -0.218417 0
0.718962 1.702359 2.532702 2.071425 0.755732 -0.118236 2.540068 2.160378 1.926317 0
-1.841397 -0.591407 -0.053518 -0.151053 0.507213 0.107187 -0.134275 -0.220433 -0.171387 0
-1.315787 -0.422351 1.340332 1.204821 -0.363061 0.676904 0.612104 0.596683 0.577619 0
0.283549 -0.204553 -0.600206 -0.420495 0.092098 -0.404458 -0.137731 -0.182921 -0.248297 0
1.851663 0.467036 -0.387407 -0.350525 -1.015639 -0.693985 -0.560802 -0.342541 -0.236761 0
-0.052217 -0.302686 -0.497728 -0.305771 0.197518 0.020544 -0.211335 -0.193445 -0.197721 0
0.688761 0.109172 -0.415392 -0.431217 1.071575 0.115075 0.188005 -0.107350 -0.216850 0
0.486547 -0.066553 -0.360077 -0.333304 0.605886 -0.662958 -0.038663 -0.154894 -0.182805 0
-0.924919 -0.456108 -0.217857 -0.239237 0.483048 -0.587665 -0.286812 -0.256716 -0.236156 0
0.104018 -0.306543 -0.621242 -0.377077 -1.660045 0.050590 -0.486402 -0.362771 -0.287773 0
0.914220 0.794747 0.662039 0.132924 0.941782 0.528240 0.053455 0.064420 0.159316 0
0.187910 0.009446 -0.106179 -0.306448 -0.881896 -0.165911 0.446805 -0.066180 -0.177360 0
0.451255 -0.244533 -0.682930 -0.431785 -0.805069 -0.631553 -0.463394 -0.339608 -0.300462 0
0.656620 -0.077848 -0.430443 -0.390629 -1.083601 -0.652639 -0.514549 -0.304478 -0.246552 0
-1.651848 -0.572569 -0.070627 -0.093879 -0.490387 -0.602382 -0.445139 -0.295694 -0.224575 0
0.322092 -0.177026 -0.555207 -0.433698 -0.094760 1.081876 -0.338721 -0.297773 -0.265568 0
-0.781922 -0.275109 1.447944 1.295605 -0.220249 -0.305276 0.751311 0.549653 0.429391 0
-0.239954 -0.323713 -0.391334 -0.298812 0.264326 -0.564321 -0.200338 -0.250677 -0.232036 0
1.968552 1.262172 0.561517 0.052204 0.135700 -0.190371 0.342944 0.122910 -0.017315 0
-0.046188 -0.151783 0.220664 0.011618 -0.326477 -0.534109 -0.429605 -0.274752 -0.184938 0
0.670615 -0.154117 -0.414835 -0.268388 -0.264353 -0.292131 -0.286652 -0.268865 -0.235838 0
0.394949 -0.173594 -0.464049 -0.335144 -0.193536 -0.496688 -0.451981 -0.319045 -0.250321 0
0.014079 0.064825 0.861734 0.330378 0.111919 -0.694234 -0.110205 0.003132 0.036244 0
-1.116832 -0.475871 0.082963 0.001460 -0.038468 -0.284101 -0.272495 -0.244129 -0.234169 0
3.239139 2.786364 1.058749 0.592605 0.515216 -0.037836 0.843103 0.600815 0.443596 0
-0.912799 -0.438010 -0.427332 -0.386254 0.031869 0.002755 -0.225401 -0.206307 -0.221185 0
-0.398831 -0.396568 -0.582621 -0.452589 -0.291038 3.302976 -0.492884 -0.369598 -0.328815 0
0.628798 -0.132275 -0.565766 -0.393722 -0.179527 -0.295077 -0.275327 -0.227098 -0.236289 0
1.523413 0.347844 -0.464613 -0.453642 0.617628 0.339196 0.105799 -0.102384 -0.221068 0
-0.058417 -0.300595 -0.537054 -0.381556 -0.023983 -0.677631 -0.288737 -0.271601 -0.256793 0
-0.046330 -0.345745 -0.751806 -0.412703 -0.410888 -0.530312 -0.482796 -0.338996 -0.274119 0
-0.012242 -0.296820 -0.395338 -0.355709 -1.052826 0.269889 -0.593473 -0.383157 -0.277422 0
-1.804049 -0.604881 -0.450278 -0.358903 0.013234 -0.641876 -0.196798 -0.207092 -0.218226 0
-0.139095 -0.271836 -0.212158 -0.249634 0.020982 -0.629534 -0.120595 -0.192669 -0.231780 0
0.139884 -0.283050 -0.516347 -0.335137 -0.392252 -0.286535 -0.439944 -0.325747 -0.269007 0
-1.740122 -0.577505 -0.181263 -0.241178 -0.721504 -0.257152 -0.370099 -0.292294 -0.254552 0
-0.006766 -0.296688 -0.659250 -0.434662 -0.557951 -0.690888 -0.491442 -0.338154 -0.260318 0
1.952134 0.600447 -0.449438 -0.390992 1.545429 0.674663 0.236825 -0.073088 -0.197455 0
-1.346272 -0.502794 -0.023379 -0.176227 0.005303 -0.570429 -0.146112 -0.146956 -0.143792 0
0.136335 -0.236085 -0.350055 -0.323411 0.239991 -0.223840 -0.135882 -0.177187 -0.225524 0
-0.075824 -0.317154 -0.595891 -0.398856 -1.058655 -0.393552 -0.578527 -0.383865 -0.285522 0
0.571262 -0.130364 -0.634127 -0.471337 -0.465000 -0.612885 -0.329553 -0.283539 -0.280930 0
-0.641154 -0.449649 -0.634679 -0.397913 0.200547 -0.692439 -0.317174 -0.310552 -0.298827 0
1.279987 0.334223 -0.345887 -0.391618 -0.681449 -0.549305 -0.262900 -0.253040 -0.234408 0
0.522507 -0.079939 -0.375974 -0.352140 -0.395647 0.918317 -0.325876 -0.267925 -0.241643 0
-0.067346 -0.336733 -0.676998 -0.384262 -0.623443 -0.403122 -0.551695 -0.384400 -0.288938 0
-0.334791 -0.307866 -0.042615 -0.175759 0.511291 -0.554015 0.020774 -0.139434 -0.200167 0
0.523191 -0.109576 -0.316881 -0.292879 -0.999020 -0.660773 -0.322333 -0.262459 -0.248119 0
0.259247 -0.069569 -0.244797 -0.337888 -1.294420 -0.675767 -0.213234 -0.179560 -0.197446 0
-1.248439 -0.531365 -0.581204 -0.422578 -0.922598 -0.579773 -0.535596 -0.350473 -0.276405 0
1.155371 0.054513 -0.515825 -0.395293 0.094541 -0.595825 -0.221159 -0.227129 -0.238500 0
0.387391 -0.051586 0.073470 -0.021491 0.150661 0.221205 0.148671 0.027806 -0.074947 0
-0.464920 -0.382731 -0.511361 -0.388281 -0.183011 -0.629504 -0.402743 -0.287251 -0.250827 0
1.187327 0.109897 -0.429497 -0.334592 -0.067763 -0.032630 -0.160687 -0.209992 -0.259876 0
1.096114 0.307625 -0.141911 -0.289492 -0.324699 -0.667707 -0.362094 -0.291247 -0.226743 0
0.333724 -0.201538 -0.498293 -0.316377 -0.894874 -0.625618 -0.601897 -0.369409 -0.255794 0
1.357640 0.185770 -0.496554 -0.423930 0.594408 0.118815 -0.230369 -0.265917 -0.283167 0
-0.969231 -0.467705 -0.436870 -0.354512 0.183564 -0.172239 -0.224493 -0.286450 -0.316864 0
0.301216 -0.200595 -0.392686 -0.317493 -0.184407 -0.559228 -0.425954 -0.298814 -0.271799 0
0.385768 -0.171676 -0.360361 -0.299046 -0.292046 0.063621 -0.347032 -0.282904 -0.252815 0
-1.274829 -0.502619 -0.167871 -0.241692 -0.111275 1.599041 -0.231292 -0.193415 -0.174446 0
-0.646039 -0.402425 -0.608911 -0.402733 -0.154974 -0.204056 -0.293446 -0.263788 -0.220099 0
2.138624 0.558013 -0.459445 -0.386704 0.331118 0.016789 -0.152858 -0.247134 -0.292947 0
1.846350 0.496245 -0.359856 -0.362457 -0.491238 -0.435849 -0.276280 -0.225832 -0.216286 0
1.342246 0.949916 0.445128 0.062849 -0.144715 -0.611396 0.536110 0.364404 0.204755 0
0.403171 -0.168665 -0.458900 -0.347312 -1.115383 -0.692585 -0.550357 -0.360735 -0.261299 0
0.475010 -0.112243 -0.251218 -0.283854 -0.430924 0.314183 -0.355742 -0.254899 -0.214469 0
0.319835 -0.158509 -0.362468 -0.344240 -0.586045 -0.693644 -0.420033 -0.297880 -0.223819 0
-0.080850 -0.331534 -0.575661 -0.406490 -0.615840 -0.684649 -0.566004 -0.359949 -0.279775 0
-1.772209 -0.581849 0.076543 -0.006491 -0.914024 -0.652873 -0.286858 -0.111583 -0.041137 0
-0.143336 -0.314515 -0.354901 -0.285411 0.017788 1.608766 -0.265927 -0.294082 -0.265751 0
-1.768405 -0.595430 -0.514790 -0.456354 -0.414432 0.433639 -0.547795 -0.371131 -0.305815 0
-0.642803 -0.397726 -0.334665 -0.326830 -0.024734 -0.390376 -0.262050 -0.242462 -0.237701 1
0.368460 -0.165113 -0.473177 -0.402891 -0.660702 -0.573308 -0.303079 -0.217763 -0.225423 0
0.428261 -0.190507 -0.647496 -0.410122 0.092088 0.293777 -0.251569 -0.236701 -0.229483 0
0.553915 -0.095819 -0.505352 -0.414149 -0.772694 0.675043 -0.465638 -0.312844 -0.271690 0
-0.824209 -0.424506 -0.193590 -0.247799 -0.329156 -0.691867 -0.314187 -0.251410 -0.236223 0
0.048488 -0.141862 -0.454858 -0.461233 -0.192553 -0.071164 -0.147246 -0.190141 -0.252481 1
1.977800 0.679105 -0.169899 -0.171319 -0.119254 0.250376 -0.161034 -0.092717 -0.095407 0
0.315640 -0.023906 -0.260380 -0.331405 -0.487341 0.134938 0.172026 -0.115250 -0.261437 0
1.469626 0.537978 -0.225242 -0.354594 0.525199 -0.112511 0.016366 -0.140753 -0.228928 0
-0.357044 -0.284081 -0.510598 -0.456151 -0.434038 2.909426 -0.209080 -0.274874 -0.261875 0
0.255586 -0.215770 -0.515480 -0.358947 -0.182618 -0.443283 -0.229188 -0.225142 -0.245751 0
0.103887 -0.138580 -0.133210 -0.237666 0.731261 -0.538880 -0.062717 -0.226598 -0.277369 0
1.009699 0.138601 -0.484849 -0.406226 1.168453 0.723777 0.050962 -0.183845 -0.232793 0
0.203226 -0.177456 -0.632090 -0.498047 0.015394 -0.343034 -0.299800 -0.232346 -0.262529 0
-1.220069 -0.531267 -0.627900 -0.454142 -0.180935 1.709679 -0.397571 -0.289895 -0.253757 0
0.769418 -0.054978 -0.392296 -0.318626 -0.819587 -0.051859 -0.576323 -0.344008 -0.253802 0
-1.475217 -0.572300 -0.544056 -0.363419 -0.804921 0.270440 -0.375020 -0.289371 -0.255383 0
0.196144 -0.225704 -0.575047 -0.439001 -0.252924 -0.160426 -0.484648 -0.336783 -0.276001 0
0.880063 0.017948 -0.428423 -0.359076 0.160106 -0.675875 -0.185914 -0.216992 -0.240009 0
0.841945 -0.016716 -0.474595 -0.431551 -0.991734 -0.669071 -0.555115 -0.403277 -0.302782 0
1.429410 0.236578 -0.164340 -0.175898 -0.454359 -0.598313 -0.440894 -0.262328 -0.229889 0
0.320682 0.113338 1.314277 1.120199 -0.145892 -0.423761 0.397896 0.362909 0.344554 0
-1.568051 -0.578323 -0.589925 -0.433682 -1.551168 1.882379 -0.578908 -0.415810 -0.330166 0
-1.283828 -0.508399 -0.137196 -0.204642 -0.524789 -0.649939 -0.512351 -0.315395 -0.225523 0
0.263712 -0.210813 -0.478125 -0.375910 -0.388009 -0.596709 -0.466264 -0.339189 -0.284362 0
0.243071 0.059360 0.668465 0.402061 0.532510 -0.575313 0.350295 0.196538 0.058413 0
-0.813598 -0.167924 1.214359 0.646764 -0.568939 -0.444845 0.842283 0.475918 0.297570 1
0.335758 -0.102967 0.116324 0.016778 -0.320931 -0.630422 -0.351571 -0.212132 -0.105226 0
-1.354430 -0.549016 -0.591256 -0.451677 -0.443894 -0.599032 -0.401170 -0.298202 -0.295767 0
0.100124 -0.253592 -0.580229 -0.443959 -0.321315 0.395718 -0.429552 -0.270838 -0.257702 0
-1.006858 -0.464314 -0.232646 -0.292553 0.142434 -0.638489 -0.226798 -0.236830 -0.273749 1
1.248780 0.281113 -0.592705 -0.516155 0.590256 -0.628769 -0.017739 -0.167463 -0.239390 0
0.013163 -0.198116 0.225468 0.139782 -0.008470 -0.693464 -0.300890 -0.119882 -0.055185 0
-0.828521 -0.427562 -0.354980 -0.368218 0.190325 -0.262736 -0.169340 -0.195575 -0.234148 0
-0.871081 -0.473749 -0.465791 -0.350653 -0.495565 -0.626726 -0.388642 -0.303616 -0.275636 0
-0.259352 -0.307019 -0.622024 -0.478664 0.714174 -0.682851 -0.157766 -0.234006 -0.285860 0
-1.274473 -0.524168 -0.559405 -0.431636 0.102469 -0.637034 -0.455069 -0.347185 -0.321372 0
0.370844 -0.260532 -0.431655 -0.227510 -0.190548 -0.121763 -0.397215 -0.312531 -0.238757 0
0.331581 -0.240621 -0.635654 -0.404124 -0.644042 -0.458092 -0.566011 -0.355611 -0.268803 0
0.344782 -0.243534 -0.589906 -0.389787 -0.585966 -0.667553 -0.391421 -0.304981 -0.261449 0
-0.320620 -0.327499 -0.663875 -0.501465 -0.109175 -0.661983 -0.356320 -0.309758 -0.321615 0
-0.965722 -0.493477 -0.555602 -0.368801 -0.298353 -0.337863 -0.221078 -0.253204 -0.266086 0
1.044396 0.008746 -0.587311 -0.444565 0.116373 -0.505250 -0.320623 -0.314535 -0.298707 0
1.101091 0.067233 -0.450010 -0.305666 -0.350711 -0.532063 -0.332648 -0.266299 -0.228439 0
-0.103383 -0.342391 -0.634026 -0.424281 -0.809052 -0.633275 -0.608673 -0.408972 -0.319851 0
-0.652883 -0.340140 -0.099725 -0.256235 1.398263 -0.582133 0.177323 -0.091316 -0.195795 0
-0.252902 -0.304736 -0.515747 -0.418909 -1.146639 -0.425691 -0.468789 -0.388488 -0.306537 0
-0.120794 -0.318014 -0.501417 -0.421053 -0.815897 -0.449853 -0.562328 -0.332620 -0.310256 0
0.220560 -0.238097 -0.652391 -0.415619 -0.913185 0.362382 -0.587234 -0.371181 -0.264009 0
-1.507513 -0.571863 -0.453642 -0.301243 -0.629759 -0.226177 -0.374305 -0.252959 -0.196592 0
-0.854142 -0.471529 -0.535669 -0.361296 -0.095569 0.463170 -0.428480 -0.337283 -0.279375 0
0.601622 -0.076304 -0.371395 -0.277810 0.305215 -0.524925 -0.273042 -0.235862 -0.219515 0
-1.569205 -0.571205 -0.331969 -0.312565 -0.180075 -0.589975 -0.225304 -0.232870 -0.264100 0
0.785169 0.582221 0.078750 -0.227977 0.178452 0.783248 0.183657 -0.087337 -0.039595 0
1.344498 0.540997 -0.090850 -0.261149 2.071480 -0.671834 0.318783 -0.008704 -0.119496 0
0.463407 -0.264177 -0.734504 -0.425871 -0.239702 -0.558653 -0.475260 -0.338376 -0.282090 0
-1.038275 -0.446043 -0.155969 -0.236433 -0.071832 -0.331218 -0.263948 -0.282489 -0.207441 0
-0.451861 -0.322516 -0.478547 -0.427467 1.854340 2.955276 0.313509 -0.061543 -0.237862 0
-0.343320 -0.330376 -0.589782 -0.463526 -0.171864 3.445915 -0.309090 -0.262409 -0.285433 0
-0.121900 -0.252414 -0.491702 -0.425647 0.102614 -0.682587 -0.065097 -0.135034 -0.199518 0
-0.368291 -0.371221 -0.373227 -0.268360 0.344856 -0.684634 -0.283438 -0.263241 -0.283072 0
-0.545316 -0.170124 0.123477 -0.174588 1.204299 0.148839 0.708480 0.147122 -0.051863 1
-1.215489 -0.501708 -0.394006 -0.364026 0.071334 -0.694132 -0.175213 -0.265348 -0.285086 0
-0.505370 -0.271323 -0.120960 -0.239550 0.611461 -0.693908 -0.169507 -0.189263 -0.195938 0
-1.649292 -0.579125 -0.501138 -0.423561 -0.784752 -0.679337 -0.482092 -0.342539 -0.283228 0
-1.801500 -0.592253 0.425977 0.284794 -0.563671 -0.650684 -0.314193 -0.183560 -0.102322 0
0.167131 -0.231322 -0.443448 -0.317129 -0.542454 -0.646200 -0.373358 -0.278877 -0.227569 0
-0.343197 -0.413258 -0.669727 -0.428606 -0.493784 0.118186 -0.557215 -0.389984 -0.302826 0
-0.357315 -0.332024 -0.377844 -0.344346 -0.015372 -0.602777 -0.385654 -0.293755 -0.281338 0
0.344093 -0.146417 -0.309944 -0.316102 -0.805915 1.470080 -0.464950 -0.262993 -0.200116 0
-1.505792 -0.550206 -0.321269 -0.307431 -1.098081 -0.582573 -0.430869 -0.420331 -0.302707 0
-0.250311 -0.351049 -0.655931 -0.470882 0.021162 -0.665140 -0.357891 -0.292818 -0.298888 0
1.450720 0.332115 -0.232998 -0.277440 0.953364 1.472988 -0.120286 -0.203159 -0.193583 0
-1.052860 -0.515354 -0.630266 -0.428042 -0.647336 0.901001 -0.580104 -0.410430 -0.325705 0
-0.383149 -0.322832 -0.415814 -0.380084 0.538968 -0.034661 -0.077858 -0.209272 -0.280134 0
-1.675585 -0.578989 -0.406910 -0.314539 -0.552593 -0.165045 -0.463915 -0.290354 -0.234658 0
-0.227277 -0.357325 -0.500702 -0.335566 -0.466309 -0.670749 -0.506609 -0.371791 -0.292486 0
-0.902880 -0.357929 0.116916 -0.152761 -1.286273 -0.622795 -0.224729 -0.254453 -0.217804 0
0.307597 -0.234810 -0.574109 -0.403516 -0.656478 0.205642 -0.508047 -0.351811 -0.273537 0
-1.620391 -0.584256 -0.609199 -0.459316 -0.365786 -0.063165 -0.360922 -0.285860 -0.269752 0
-0.425468 -0.370547 -0.521050 -0.410649 0.027760 -0.638790 -0.282644 -0.262643 -0.241957 0
0.589858 -0.034976 -0.597445 -0.474865 0.641768 -0.521150 -0.101288 -0.169575 -0.235506 0
0.591608 -0.041584 -0.448468 -0.413654 0.601300 1.031307 -0.179164 -0.244357 -0.279548 0
-0.927555 -0.489343 -0.574840 -0.395899 -0.596962 0.865274 -0.556961 -0.400837 -0.296424 0
2.517021 0.674563 -0.559648 -0.439541 -0.528740 -0.185807 -0.457464 -0.315283 -0.250119 0
0.285358 -0.199127 -0.524467 -0.412734 -0.336606 -0.679871 -0.504387 -0.343092 -0.278326 0
0.409911 0.294327 -0.001595 -0.305204 -0.027416 -0.468164 0.561085 0.127839 -0.124527 0
-0.915277 -0.395145 -0.091906 -0.235604 0.450501 0.258222 -0.109853 -0.201613 -0.218628 1
-0.036637 -0.310876 -0.533192 -0.360304 0.014636 -0.691904 -0.434987 -0.339965 -0.274587 0
1.046202 0.142306 -0.442041 -0.427460 1.287295 0.111150 0.008587 -0.204543 -0.279377 0
-1.204632 -0.535279 -0.588991 -0.401121 -0.708926 -0.365020 -0.388542 -0.380763 -0.284192 0
0.882611 0.077962 -0.453288 -0.426345 0.323242 0.034915 -0.175636 -0.196688 -0.253157 0
-0.452096 -0.160304 0.750690 0.339632 0.428256 -0.476068 0.239041 0.305498 0.247771 0
1.925576 0.705746 -0.033429 -0.244339 1.727078 -0.548793 0.458163 -0.001632 -0.196251 0
0.465141 -0.171643 -0.549466 -0.406421 -0.417313 0.178084 -0.433563 -0.341676 -0.315497 0
-0.001527 0.478668 2.191978 1.791657 0.366127 -0.490374 1.796151 1.328753 1.078449 1
0.162694 -0.176834 -0.453916 -0.394992 0.331253 -0.588121 -0.318813 -0.259828 -0.236595 0
-0.817576 -0.416574 -0.251001 -0.279098 -0.850348 -0.634560 -0.396364 -0.264043 -0.238950 0
-1.610480 -0.584045 -0.646063 -0.441342 -0.228472 3.593949 -0.396801 -0.305098 -0.293148 0
-1.599465 -0.597457 -0.561200 -0.338613 -0.643973 -0.405895 -0.679760 -0.415620 -0.296348 0
-0.202491 -0.311349 -0.408522 -0.332644 -0.108837 -0.691401 -0.163288 -0.195011 -0.200081 0
0.147153 -0.306454 -0.650868 -0.426849 -0.530364 -0.674355 -0.488076 -0.370037 -0.316734 0
0.493968 -0.132740 -0.561769 -0.414742 -0.099147 -0.692983 -0.423564 -0.328056 -0.277401 0
-1.507047 -0.574477 -0.647892 -0.445579 -0.811363 -0.483614 -0.576674 -0.409768 -0.331762 0
0.228544 -0.288244 -0.742052 -0.426747 -0.244741 0.620003 -0.466184 -0.368873 -0.303161 0
-0.512364 -0.246799 -0.008697 -0.236076 1.341084 0.569112 0.288567 -0.051791 -0.202036 1
0.697463 -0.116786 -0.644291 -0.443470 0.180118 1.992205 -0.344818 -0.277588 -0.278716 0
1.191573 0.107211 -0.338077 -0.311697 -1.219736 1.213169 -0.376289 -0.354760 -0.245584 0
-0.237112 -0.328265 -0.647436 -0.506169 -0.239750 -0.280750 -0.177699 -0.242628 -0.291979 0
0.348813 -0.232587 -0.548754 -0.397210 -0.625062 -0.442821 -0.552643 -0.405124 -0.319087 0
-1.220899 -0.521745 -0.399525 -0.334121 -0.398016 -0.693406 -0.380381 -0.373032 -0.294968 0
0.429225 -0.138902 -0.576241 -0.437958 -0.808340 1.361115 -0.510894 -0.363642 -0.290238 0
-0.881666 -0.487515 -0.640990 -0.418629 0.286040 -0.678896 -0.280228 -0.294516 -0.291508 0
