1.024166 3.973096 4.889975 5.327525 5.098332 0.356139 7.175964 7.466376 7.457019 1
0.845403 1.227185 2.973219 2.742746 3.362076 2.082690 3.417794 2.840547 2.414994 1
0.512638 0.892124 4.080809 4.207653 3.877207 0.883784 3.512832 3.281885 3.069483 1
2.131329 4.002117 4.600154 4.978753 3.773439 -0.477198 3.561801 3.434999 3.252550 1
1.163907 0.435049 1.074704 0.498244 3.231623 4.161165 1.108175 0.564056 0.264711 0
-0.114838 -0.009739 2.026480 1.524058 1.467205 0.374596 1.493721 1.145519 0.765239 1
-0.351844 -0.091180 2.381464 1.842826 2.696985 -0.445546 1.089527 0.676599 0.543074 0
0.029096 0.111614 4.403809 5.106913 1.907076 -0.027129 1.560053 1.499246 1.504101 1
-0.188869 -0.026801 3.645935 3.923652 1.561880 -0.184430 1.344086 1.253658 1.191699 1
3.086026 1.898504 2.365872 1.996428 1.922870 0.722710 1.080357 0.884377 0.682608 1
-0.322323 -0.148028 1.159367 0.827729 1.471511 -0.486002 0.564940 0.418172 0.358497 0
-0.290961 -0.171970 0.639705 0.237810 1.677239 -0.130259 0.435678 0.163559 0.058664 1
-0.635497 -0.181873 1.918629 1.508135 1.665175 -0.428813 0.800548 0.673632 0.596620 0
0.900894 0.429098 0.629831 0.125340 2.135463 0.131332 0.682646 0.254318 0.142079 0
-0.328198 -0.070930 2.699420 2.333386 1.685795 1.098204 1.037791 0.970738 0.947176 0
-0.815899 -0.246637 2.627242 2.798591 0.992733 -0.508767 0.656603 0.615055 0.581258 0
-0.730448 -0.231803 0.388568 -0.065603 0.727839 0.210895 0.381730 0.196400 0.039182 0
-0.494758 -0.151428 3.909247 4.388715 1.660436 -0.142757 1.032129 0.985056 1.006354 0
-0.535355 -0.172451 0.594047 0.094061 2.093446 -0.499618 0.705511 0.385283 0.230713 0
1.611578 0.563440 1.052548 0.670912 1.110215 -0.508746 0.445296 0.282645 0.175598 0
-0.355274 -0.210845 -0.316675 -0.375158 -0.503607 0.477268 -0.188911 -0.194854 -0.192423 0
1.575212 0.442621 0.536705 0.149843 1.143979 -0.434937 0.480640 0.136867 0.018031 0
-0.352402 -0.180690 2.166132 2.084912 1.071309 0.084044 0.451592 0.427124 0.414452 0
-0.225346 -0.195886 1.395246 1.388816 -0.938249 -0.488717 0.045933 0.082711 0.105870 0
1.031138 0.268763 0.037807 -0.159941 1.168220 0.339801 0.420510 0.150891 0.021993 0
1.152910 0.233918 0.008022 -0.201817 0.354256 -0.235584 0.210846 0.023174 -0.059551 0
0.484960 0.054450 0.023419 -0.251338 0.155083 0.443981 0.191988 -0.020685 -0.101088 0
-0.547241 -0.249435 -0.480864 -0.392067 -0.836740 -0.361787 -0.111970 -0.172154 -0.196475 0
2.520619 0.838877 0.151199 -0.056681 1.506944 -0.382304 0.310711 0.033065 -0.030471 0
1.765820 0.427705 -0.142205 -0.315263 0.694585 -0.031430 -0.029318 -0.123275 -0.135507 0
-0.056724 -0.177837 -0.287177 -0.342246 1.313049 -0.337746 0.049159 -0.109185 -0.188465 0
-0.052750 -0.124127 0.876787 0.550666 1.097195 -0.366716 0.369024 0.226653 0.170901 0
-0.607470 -0.255616 -0.451185 -0.407265 -1.258458 -0.179010 -0.305849 -0.247026 -0.227806 0
-0.136342 -0.125074 0.782160 0.465596 1.377399 -0.356766 0.183817 0.168171 0.188833 0
0.655557 -0.033544 0.006915 -0.161239 -0.302716 -0.367109 0.210551 0.019765 -0.116375 1
1.899135 0.586149 1.657123 1.531372 -0.693002 0.365370 0.334269 0.313304 0.269130 0
-0.613192 -0.232067 0.546683 0.156786 0.487808 -0.099155 0.161086 0.027797 -0.029193 1
-0.441961 -0.249854 -0.608762 -0.429772 -0.828979 -0.493664 -0.357649 -0.280886 -0.248868 0
-0.718134 -0.232904 0.455429 0.040888 0.911582 -0.418562 0.151868 0.053244 0.014685 0
0.296862 -0.047259 0.130193 -0.154740 0.930688 -0.431110 0.395491 0.069132 -0.075912 0
-0.620763 -0.223145 2.570444 2.712846 0.376976 -0.508256 0.350752 0.382345 0.426542 0
-0.538114 -0.220035 1.369292 1.182412 0.520463 -0.336424 0.336323 0.289541 0.227773 0
0.111873 -0.061295 0.953590 0.663944 0.397007 -0.508948 0.245333 0.226420 0.200877 0
2.455668 0.593377 -0.162081 -0.279023 0.206684 1.039402 -0.196872 -0.172078 -0.173406 0
0.140454 -0.156269 -0.388790 -0.372135 -0.664807 -0.216020 -0.343428 -0.247737 -0.227033 0
-0.328584 -0.105309 0.535612 -0.001861 1.290021 -0.314118 0.409531 0.122311 0.073922 0
0.495133 -0.018308 -0.069626 -0.251684 0.769542 -0.165856 0.135623 -0.042438 -0.122156 0
-0.607155 -0.241483 1.036896 0.994427 0.721437 -0.074283 0.115687 0.087766 0.086279 0
1.143650 0.241287 -0.179310 -0.367154 0.553478 -0.332171 0.177207 -0.047830 -0.153319 0
0.730101 0.340474 0.172248 -0.192100 -0.939686 0.078212 0.674880 0.157890 -0.002992 0
1.142783 0.235287 -0.191634 -0.333919 0.789016 -0.340490 -0.099310 -0.188532 -0.160781 0
-0.750926 -0.244940 0.993591 0.645781 -0.384254 -0.476954 0.260325 0.132523 0.093151 0
-0.739444 -0.272179 -0.789361 -0.526480 -0.933376 -0.497858 -0.425668 -0.342260 -0.296722 0
2.139169 0.345580 -0.681959 -0.509640 0.619815 -0.095124 -0.123448 -0.201290 -0.231169 0
0.431758 0.012505 0.238376 -0.102762 0.708450 0.602004 0.082641 -0.063700 -0.089736 0
-0.284372 -0.191211 0.057678 -0.165852 -0.900693 -0.317877 -0.009784 -0.062060 -0.124656 0
-0.446852 -0.204272 1.502456 1.344582 0.624557 -0.476111 0.204534 0.241621 0.284270 0
-0.362162 -0.197685 0.219990 -0.082545 -0.083553 -0.149328 0.069436 0.004095 -0.043974 0
-0.381868 -0.189011 1.986653 1.946624 0.344491 -0.340533 0.266170 0.285307 0.329765 0
1.720560 0.382050 -0.265664 -0.393256 0.243139 -0.167081 0.192915 -0.086194 -0.200119 0
0.220980 -0.110993 0.745788 0.606964 0.545164 -0.132951 0.037452 0.060141 0.060573 0
-0.681520 -0.260850 -0.191172 -0.195146 0.073339 -0.508730 -0.214794 -0.168715 -0.160741 0
0.117095 -0.139896 -0.388267 -0.417164 0.769688 -0.469811 -0.090202 -0.236239 -0.242525 0
-0.882238 -0.273644 -0.424722 -0.396173 0.667206 0.240726 0.011894 -0.109195 -0.191544 0
-0.751423 -0.241773 0.338417 0.023475 1.099283 -0.374137 0.071630 0.021815 0.015164 0
-0.082355 -0.165496 1.026563 0.980841 -0.125701 0.653299 0.136299 0.097182 0.089546 0
0.073817 -0.172992 -0.454716 -0.414410 -0.224724 -0.166776 -0.196656 -0.239550 -0.239475 0
1.887062 0.305230 -0.237317 -0.215248 0.722902 -0.265454 -0.057939 -0.141418 -0.150668 1
0.856419 0.097044 -0.210501 -0.323718 -0.167082 0.255875 0.174749 -0.038624 -0.120077 0
0.653129 0.002994 -0.362599 -0.400744 0.782047 0.638417 0.033509 -0.142912 -0.191410 0
-0.841672 -0.268112 0.042156 -0.075888 0.207631 1.080537 -0.071402 -0.091790 -0.120615 0
3.116282 0.772242 -0.477841 -0.418894 0.657246 -0.279915 0.012607 -0.134441 -0.203759 0
-0.093907 -0.084171 1.512945 1.090839 -0.142107 2.966784 0.258607 0.308184 0.296697 0
-0.329077 -0.235050 -0.533569 -0.401374 0.158215 -0.478283 -0.143867 -0.204207 -0.218671 0
-0.573444 -0.206289 0.634195 0.128241 1.109305 -0.207358 0.134850 0.062655 0.003121 0
0.337449 0.017889 0.019429 -0.203224 -0.842767 -0.294165 0.292965 0.092104 0.016304 0
0.329482 -0.042880 -0.031523 -0.224706 0.513385 -0.508685 0.074028 -0.064777 -0.114916 0
-0.831305 -0.261897 1.024195 0.891408 -0.465783 -0.487644 0.140038 0.149619 0.145160 0
-0.916505 -0.272910 -0.348260 -0.404437 0.064847 0.255343 -0.140005 -0.228217 -0.255804 0
-0.568231 -0.238815 0.732841 0.643157 0.362059 -0.507355 0.061142 0.076211 0.087790 0
-0.596430 -0.214378 2.315497 2.410002 0.536141 0.112218 0.406555 0.438353 0.490798 0
0.962485 0.067064 -0.513301 -0.477269 -0.023471 -0.383118 -0.000371 -0.156462 -0.230176 0
-0.701831 -0.260188 0.063364 0.002466 0.180910 0.012668 -0.020506 -0.063991 -0.099399 0
-0.145265 -0.160558 -0.110389 -0.299885 -0.357072 0.688778 -0.104836 -0.126927 -0.145566 0
-0.710788 -0.257251 0.550700 0.457175 0.473478 -0.237063 0.069022 -0.002368 -0.007454 0
-0.709157 -0.259508 0.261170 0.214153 0.491285 0.240770 -0.021517 -0.046640 -0.067496 0
-0.827289 -0.265860 1.025005 0.932529 0.294883 1.262863 0.028151 0.064885 0.077045 1
0.192762 -0.091915 -0.232591 -0.325277 0.564661 1.581649 -0.034103 -0.126334 -0.148958 0
-0.791646 -0.261334 -0.417330 -0.438358 0.720660 -0.145803 -0.131693 -0.198352 -0.228878 0
-0.496534 -0.220776 1.781698 1.720634 0.971847 1.369657 0.219803 0.250064 0.271413 0
0.471081 -0.001494 -0.206837 -0.334153 -1.909143 -0.323651 0.152380 -0.058958 -0.157263 0
0.349495 -0.054022 -0.304017 -0.399251 0.437343 0.021710 -0.095808 -0.228551 -0.198717 0
-0.339160 -0.212054 -0.067988 -0.174182 0.299575 -0.484862 -0.084383 -0.131807 -0.133960 0
-0.566205 -0.225489 1.373737 1.179324 0.245401 -0.437545 0.231757 0.244075 0.213712 0
0.655390 -0.013639 -0.362997 -0.412251 0.759722 0.067604 -0.112144 -0.207907 -0.228855 0
-0.380591 -0.194136 1.908850 1.927783 0.527095 -0.167189 0.213261 0.246493 0.292555 0
0.038044 -0.148445 -0.346118 -0.392041 -0.587035 -0.405827 -0.238418 -0.203509 -0.204957 1
-0.071925 -0.136597 0.104482 -0.151903 0.740825 -0.508123 0.037509 -0.020729 -0.050654 0
-0.468323 -0.222489 0.315789 0.128142 -0.608586 -0.016657 -0.042486 -0.037566 -0.016024 0
-0.020285 -0.155190 0.393997 0.164806 -0.176269 -0.456034 0.059143 0.002201 -0.020569 0
-0.170269 -0.177637 -0.024633 -0.213874 0.214123 -0.064908 -0.113694 -0.162621 -0.170140 1
-0.932033 -0.273253 -0.042825 -0.226176 -0.868026 -0.455659 0.082878 -0.032931 -0.124171 0
1.768607 0.401560 -0.402206 -0.434837 0.542313 -0.406827 0.051595 -0.163583 -0.214534 0
-0.659769 -0.239832 1.240315 0.855413 0.535496 0.156793 0.134365 0.172466 0.135716 0
0.352352 -0.107099 0.497892 0.440679 0.220094 -0.180561 -0.079039 -0.036532 -0.007389 0
0.029699 0.061148 1.349917 0.865150 -0.545095 -0.354978 1.343818 0.696939 0.427409 0
-0.181147 -0.168578 0.335257 0.072737 0.155158 -0.137043 -0.059269 -0.018851 -0.017652 0
-0.517327 -0.228559 0.267374 0.062385 0.118627 -0.465713 -0.134963 -0.091535 -0.075017 0
0.931591 0.116852 -0.533697 -0.500181 0.759408 -0.435602 0.017737 -0.176728 -0.239751 0
0.615768 -0.014210 -0.309747 -0.379689 -0.071743 -0.442229 -0.082342 -0.187292 -0.207303 0
3.575464 0.968240 -0.117390 -0.242393 -0.267317 -0.409818 -0.043003 -0.099485 -0.136425 1
1.657103 0.206467 -0.546852 -0.458196 0.730811 -0.439221 -0.115293 -0.257546 -0.240971 0
-0.914165 -0.274563 -0.205157 -0.278636 0.483475 -0.505844 -0.050801 -0.130853 -0.160423 0
0.236542 -0.097643 -0.359213 -0.426422 0.802028 1.009801 -0.089842 -0.195536 -0.222523 0
-0.651051 -0.231181 1.704983 1.604191 0.358175 0.208310 0.235475 0.306283 0.353826 0
0.151314 -0.083177 0.693374 0.377964 -0.314869 -0.488194 -0.010492 -0.014637 0.012557 0
-0.193989 -0.201889 -0.419175 -0.394681 -0.231635 -0.486892 -0.085325 -0.120290 -0.160009 0
0.500914 -0.059518 -0.565095 -0.489139 0.526969 -0.251065 -0.190034 -0.242975 -0.255002 0
0.409053 -0.045114 0.045663 -0.088121 0.143752 2.535756 -0.049717 -0.083619 -0.088923 0
1.247472 0.057258 -0.662958 -0.495349 -0.164500 -0.385301 -0.171023 -0.243808 -0.269879 0
-0.196140 -0.202788 0.477666 0.462321 -0.632650 -0.268703 -0.155186 -0.075749 -0.023542 0
0.033630 -0.144753 0.129385 -0.003356 0.169423 -0.467995 0.113381 -0.004943 -0.041358 0
-0.911847 -0.278677 -0.529867 -0.458718 0.215058 -0.358776 -0.298416 -0.295479 -0.284930 0
-0.532502 -0.234857 0.400867 0.239856 -0.830339 -0.508523 0.066176 0.025681 -0.015972 0
2.655573 0.651231 -0.434965 -0.456351 0.628242 -0.187070 -0.104971 -0.193739 -0.240529 0
-0.439242 -0.240039 -0.032255 0.020321 0.088484 0.026425 -0.095504 -0.089056 -0.087723 0
0.017081 -0.167412 0.152514 0.069519 0.068982 -0.340446 -0.102521 -0.081011 -0.071751 1
-0.462424 -0.220764 1.439227 1.373257 0.142454 -0.225147 0.017961 0.082283 0.121324 0
-0.468507 -0.225253 0.651087 0.351518 0.480151 -0.437105 -0.024295 -0.032795 -0.042770 0
-0.572713 -0.236360 0.295809 0.152761 0.281186 -0.417315 -0.059700 -0.064096 -0.043262 0
-0.552855 -0.252330 -0.482926 -0.370593 -1.065306 0.371609 -0.280347 -0.244479 -0.223429 0
-0.520369 -0.236152 0.109680 0.056949 0.241444 -0.486411 -0.112227 -0.082660 -0.077669 0
0.227748 -0.073830 0.802726 0.568825 0.031527 -0.404508 -0.011784 0.089872 0.137707 1
0.053482 -0.133430 0.844917 0.687171 -0.077278 -0.441731 -0.058213 0.012816 0.045806 0
0.513646 0.007064 -0.309972 -0.409593 0.799516 -0.382341 0.065318 -0.143131 -0.213606 0
0.646772 0.059744 -0.380712 -0.435840 -0.035807 -0.465871 0.026704 -0.139925 -0.192049 0
-0.824979 -0.276805 -0.799735 -0.537919 -1.269439 -0.254757 -0.494751 -0.366249 -0.305499 0
0.229739 -0.131684 -0.566940 -0.484008 -0.521011 -0.483168 -0.075765 -0.213795 -0.269188 0
-0.294756 -0.194819 0.469522 0.337360 0.264084 -0.506947 0.189628 0.071815 0.026261 0
-0.364409 -0.175675 1.438560 1.282735 0.046125 0.196615 0.118473 0.211799 0.287765 0
-0.109362 -0.189213 0.243150 0.257765 -0.051965 -0.233548 -0.090246 -0.043955 -0.026997 0
-0.275294 -0.193995 0.332809 0.184820 0.049359 -0.386595 -0.103535 -0.010038 -0.000381 0
-0.598069 -0.248183 0.770862 0.846205 -0.139190 -0.378645 -0.048729 0.004226 0.045213 0
-0.948023 -0.275040 0.716864 0.502731 0.055597 -0.430847 -0.008143 0.051909 0.052866 0
-0.528054 -0.243612 -0.379138 -0.402888 0.175853 -0.465793 -0.224768 -0.210918 -0.224495 1
-0.816005 -0.270898 -0.202117 -0.198609 0.374593 -0.490973 -0.166635 -0.196101 -0.206801 0
-0.026006 -0.144479 0.032548 -0.167102 -0.117818 -0.421383 -0.174575 -0.108004 -0.115418 0
0.023680 -0.143833 -0.338972 -0.433595 0.017643 2.406819 -0.115121 -0.209709 -0.222828 0
-0.154332 -0.190047 0.194785 -0.004244 0.177485 0.694148 -0.099761 -0.076373 -0.100536 0
-0.140542 -0.134767 1.397903 1.041791 -0.187692 0.502948 0.179747 0.149671 0.204987 0
1.978081 0.190250 -0.580913 -0.436738 -0.541406 -0.508986 -0.150908 -0.205305 -0.239216 0
0.031517 -0.124857 -0.183617 -0.333625 -0.073751 -0.508497 -0.239507 -0.250361 -0.228527 0
0.824881 -0.064761 -0.681964 -0.508083 0.488721 -0.498793 -0.245888 -0.277297 -0.279474 0
0.251714 -0.078127 -0.453202 -0.451012 0.383448 -0.174680 -0.092870 -0.156764 -0.176727 0
0.618512 -0.160705 -0.915955 -0.535194 -0.188559 -0.417818 -0.245173 -0.271864 -0.281731 0
0.163682 -0.048405 0.748681 0.275749 0.349563 -0.051254 0.084076 -0.033455 -0.044784 0
-0.503774 -0.237763 -0.459604 -0.458026 -1.332801 -0.508869 -0.144001 -0.240865 -0.237408 0
-0.233971 -0.176651 0.314112 0.035368 -0.271233 0.265281 -0.028209 -0.037408 -0.044073 0
-0.287378 -0.168063 1.357114 1.051524 0.058719 -0.018463 0.084916 0.160852 0.202934 0
0.171407 -0.058430 0.100117 -0.209025 0.199553 -0.488149 0.201850 0.022153 -0.114695 0
-0.173174 -0.200661 -0.263260 -0.324852 -0.048288 0.855498 -0.177891 -0.158136 -0.163744 0
-0.830308 -0.269604 0.767676 0.716033 0.074701 -0.010906 -0.097024 -0.050826 -0.042752 0
-0.249163 -0.208351 -0.421193 -0.416088 -0.313473 -0.485279 -0.193679 -0.238300 -0.254701 1
0.292940 -0.111599 0.072282 -0.097065 -0.617217 -0.213613 -0.068669 -0.075156 -0.093628 0
-0.119967 -0.150991 1.331680 1.243475 0.094515 0.405760 0.174225 0.170796 0.154266 0
-0.412576 -0.208162 1.094677 0.864248 0.115565 -0.352442 0.035649 0.078378 0.097110 0
-0.405227 -0.244613 -0.698165 -0.474406 -0.015401 -0.465392 -0.225212 -0.241538 -0.245680 0
-0.665608 -0.271143 -0.847839 -0.539688 -0.903132 0.488829 -0.482591 -0.339024 -0.293908 0
-0.154653 -0.174781 1.281278 1.283516 -0.472912 -0.485532 0.031951 0.109015 0.148426 0
-0.841834 -0.268744 -0.449467 -0.442366 -0.254795 -0.315100 -0.293757 -0.252207 -0.244920 0
0.053517 -0.150486 -0.217912 -0.311757 -0.036387 -0.180970 -0.126481 -0.189324 -0.179972 0
0.527568 -0.033703 -0.263855 -0.345166 0.003302 0.048460 -0.190620 -0.164386 -0.171291 0
-0.741694 -0.264289 0.154110 0.148319 -0.145719 -0.319498 -0.110507 -0.099118 -0.082466 0
-0.249931 -0.207728 -0.309652 -0.353671 0.201491 0.213899 -0.199879 -0.201424 -0.199626 1
-0.833676 -0.266455 0.359928 0.237596 -0.093825 1.938505 -0.070878 -0.031646 -0.013009 0
0.603013 -0.084014 -0.122790 -0.123385 0.259888 -0.238883 -0.222869 -0.170751 -0.136808 0
0.218891 -0.093614 0.228591 -0.033692 0.398510 -0.296119 -0.092554 -0.119520 -0.105409 0
2.700859 0.733306 -0.613929 -0.506341 0.044444 2.291290 -0.190792 -0.262068 -0.271175 0
-0.597078 -0.238993 0.188456 -0.061263 0.074910 -0.118160 -0.193723 -0.181534 -0.145541 0
-0.569701 -0.243973 -0.226824 -0.295661 0.216236 -0.473329 -0.156179 -0.153763 -0.156993 0
-0.771111 -0.270350 -0.457490 -0.383305 0.052891 -0.112759 -0.243452 -0.208074 -0.213442 0
0.027840 -0.163287 0.416428 0.390463 -0.495520 -0.368571 -0.198225 -0.090829 -0.027093 0
-0.784688 -0.269756 -0.695122 -0.513999 -0.889638 2.082819 -0.348882 -0.311567 -0.281837 0
-0.547976 -0.252590 -0.568267 -0.460558 -1.083957 0.126223 -0.263624 -0.272817 -0.269338 0
-0.672247 -0.262226 -0.409657 -0.360590 -0.333336 -0.290540 -0.238408 -0.208535 -0.201388 0
-0.798880 -0.267703 -0.251341 -0.243979 -0.334931 0.183162 -0.219051 -0.155797 -0.153266 0
0.725425 0.043510 0.049982 -0.129075 -0.286472 -0.468019 -0.103463 -0.114041 -0.104111 0
0.314545 -0.085914 0.175381 0.007250 0.054967 0.692001 -0.154481 -0.099130 -0.068836 0
1.104482 0.156391 -0.395782 -0.453127 0.302306 -0.431624 -0.069557 -0.156716 -0.198271 0
-0.683018 -0.259056 -0.468308 -0.421171 0.037351 -0.394323 -0.082305 -0.168738 -0.205940 0
-0.309966 -0.219167 -0.500804 -0.447264 -0.430237 0.365661 -0.242680 -0.249990 -0.252782 0
5.502795 1.895500 -0.480376 -0.424491 0.181298 0.148551 -0.212780 -0.228400 -0.240593 0
-0.666728 -0.262550 -0.178279 -0.274194 -0.260271 -0.496984 -0.196134 -0.210040 -0.200951 0
-0.105378 -0.193042 0.029923 -0.030481 -1.537228 -0.171926 -0.151538 -0.103590 -0.114275 0
-0.005020 -0.188098 0.065460 0.018856 0.231466 -0.337863 -0.197435 -0.156732 -0.139978 0
-0.127106 -0.177824 -0.260829 -0.339022 -0.038099 0.424952 -0.189379 -0.209944 -0.208433 0
-0.584891 -0.246373 0.350536 0.301328 0.079444 -0.293205 -0.125081 -0.091410 -0.069003 0
-0.653318 -0.248442 0.618584 0.438984 -0.008158 -0.446451 -0.046420 -0.024994 -0.013985 1
-0.247675 -0.213695 -0.561429 -0.470315 -0.230948 0.511279 -0.190699 -0.221247 -0.242908 0
-0.732015 -0.265653 -0.371276 -0.343763 0.052129 -0.429622 -0.286253 -0.273610 -0.216578 0
-0.743115 -0.261515 0.358754 0.292228 -0.010879 -0.464541 -0.160571 -0.078154 -0.046978 0
0.219734 -0.110934 -0.255400 -0.322682 -0.177711 -0.317873 -0.126408 -0.183255 -0.168456 0
-0.721300 -0.239050 0.860958 0.679308 -0.340190 -0.401610 0.068216 0.113536 0.142111 0
-0.694808 -0.266820 -0.721995 -0.527128 0.077158 0.216622 -0.277540 -0.293587 -0.283159 0
-0.801942 -0.267649 0.300157 0.252536 -0.326308 0.286155 -0.205109 -0.122535 -0.076099 0
-0.585829 -0.247882 -0.411064 -0.406839 -0.123234 0.037035 -0.264554 -0.238357 -0.250059 0
0.497802 0.140498 0.108329 -0.251365 -0.148426 -0.269174 0.471551 0.096272 -0.046472 0
1.658326 0.280913 -0.240486 -0.295578 -0.022645 0.356272 -0.126278 -0.158670 -0.172410 0
-0.864043 -0.253437 1.073337 0.696945 -0.511715 -0.113649 0.135181 0.171593 0.169520 0
-0.694669 -0.263761 -0.431317 -0.361275 -0.094075 -0.507146 -0.317202 -0.253729 -0.219627 0
-0.570288 -0.235296 0.390882 0.119170 -0.001506 0.059266 -0.156982 -0.106872 -0.103890 0
-0.923819 -0.278636 -0.378083 -0.353271 -0.012505 -0.480542 -0.192859 -0.185356 -0.202446 0
-0.039069 -0.199068 -0.276638 -0.282697 0.172099 -0.500138 -0.226883 -0.201872 -0.197714 0
-0.820812 -0.278935 -0.772212 -0.496552 -0.981899 0.610134 -0.501151 -0.377013 -0.295335 0
-0.314981 -0.228120 -0.512186 -0.436231 -0.201109 -0.434187 -0.284863 -0.246459 -0.244537 0
0.612066 -0.011673 -0.344021 -0.408591 0.155646 0.061019 -0.243222 -0.203920 -0.218339 0
-0.472322 -0.236632 -0.192551 -0.257434 -0.589959 1.917952 -0.249347 -0.219128 -0.175280 0
-0.424597 -0.213935 0.431791 0.190696 -0.054930 0.019415 -0.106587 -0.063945 -0.040813 0
2.369824 0.618363 -0.536016 -0.489541 0.317704 -0.382877 -0.069433 -0.204691 -0.242844 0
-0.049077 -0.197119 -0.542294 -0.448633 0.213508 -0.508022 -0.262785 -0.261305 -0.252391 0
-0.787708 -0.265275 -0.220946 -0.304806 -0.216852 1.097345 -0.400965 -0.288420 -0.242829 0
-0.621202 -0.263566 -0.711578 -0.504529 -0.194684 0.050333 -0.371990 -0.307242 -0.297691 0
-0.194846 -0.182483 0.024267 -0.163493 -0.277280 -0.421918 -0.185270 -0.142231 -0.121018 0
-0.637197 -0.256087 -0.236100 -0.242178 -0.686900 -0.495223 -0.312902 -0.244307 -0.221009 0
-0.661901 -0.244614 0.125415 -0.062659 -0.412054 0.326531 -0.074048 -0.042619 -0.033599 0
0.450136 -0.105573 -0.510646 -0.405202 -0.303426 -0.473815 -0.302527 -0.229210 -0.197724 0
-0.776732 -0.268951 -0.484473 -0.407329 0.087547 -0.025623 -0.294569 -0.272748 -0.259557 0
-0.947160 -0.281010 -0.083092 -0.055490 0.139801 1.340778 -0.214463 -0.146983 -0.125409 0
0.272819 -0.155746 -0.763355 -0.521205 -0.198850 -0.508057 -0.354204 -0.316189 -0.291462 0
0.064770 -0.136868 0.030447 -0.148362 -0.187487 0.010942 -0.106448 -0.123382 -0.110374 0
-0.854371 -0.266398 0.752568 0.516022 -0.584691 0.557596 -0.166198 -0.054733 0.015412 0
-0.031173 -0.177914 -0.479427 -0.451112 -0.746979 -0.480941 -0.285399 -0.265706 -0.258607 0
0.578973 -0.064073 -0.220405 -0.273606 -0.133395 -0.475232 -0.265586 -0.191206 -0.173510 0
-0.542237 -0.246946 -0.637299 -0.498490 0.115397 -0.491091 -0.270685 -0.257020 -0.251397 0
0.573668 -0.086622 -0.617143 -0.489530 -0.107548 -0.459080 -0.268441 -0.270102 -0.265172 0
-0.470808 -0.198947 0.541714 0.085112 -0.116877 -0.334742 -0.031190 0.026474 0.036779 0
-0.920495 -0.281642 -0.687178 -0.480181 -0.579428 -0.453713 -0.248579 -0.243820 -0.244751 0
0.282428 -0.106839 -0.514001 -0.478676 0.092236 -0.222549 -0.291864 -0.250946 -0.249982 0
-0.332717 -0.211953 0.077468 -0.070525 -0.171290 -0.471435 -0.181265 -0.128436 -0.094036 0
-0.312071 -0.217852 -0.559545 -0.488936 0.070989 -0.485924 -0.330344 -0.304981 -0.282757 0
-0.246499 -0.220211 -0.555311 -0.446341 -0.734088 -0.477472 -0.301504 -0.309906 -0.268632 0
0.536542 0.012426 -0.339494 -0.413857 0.028435 -0.506883 -0.116790 -0.217805 -0.213927 0
-0.434809 -0.193964 1.212414 0.813522 0.038594 -0.482242 0.049175 0.083598 0.125299 0
-0.502849 -0.247969 -0.416899 -0.380355 0.264565 -0.503793 -0.251754 -0.221908 -0.212012 0
-0.767298 -0.269905 -0.601908 -0.461445 -0.188537 -0.361096 -0.309386 -0.243004 -0.227434 0
-0.454712 -0.244033 -0.555190 -0.435819 0.021263 -0.009101 -0.292614 -0.266710 -0.240775 0
0.663974 -0.078610 -0.625944 -0.484638 -0.399968 -0.144614 -0.334758 -0.276258 -0.254821 0
4.002709 1.610563 -0.062836 -0.237298 0.520900 -0.006204 0.041440 -0.086889 -0.128539 0
0.002085 -0.157391 -0.040608 -0.154757 -0.638373 -0.381033 -0.129256 -0.096553 -0.111556 1
-0.018963 -0.203026 -0.500872 -0.363891 -0.379822 -0.134733 -0.188685 -0.213973 -0.208639 0
-0.397251 -0.239564 0.222595 0.185201 -0.104262 -0.465834 -0.168492 -0.090504 -0.073903 0
0.460520 -0.029455 -0.039913 -0.248715 -0.020121 -0.150227 -0.002582 -0.111167 -0.144470 1
2.898465 0.474147 -0.783022 -0.530963 -0.513357 -0.501679 -0.323260 -0.314877 -0.298084 1
-0.874648 -0.267798 -0.294442 -0.369394 0.157398 -0.002983 -0.262209 -0.229419 -0.216533 0
0.673566 -0.062396 -0.531801 -0.463961 -0.626529 0.877898 -0.240562 -0.255906 -0.258256 0
0.994995 0.041048 -0.075428 -0.184680 -0.203981 0.325887 -0.197906 -0.133489 -0.120617 0
0.193878 -0.142971 -0.074559 -0.124101 -0.055051 -0.508952 -0.153598 -0.148034 -0.136268 0
-0.464046 -0.239044 -0.534603 -0.444215 -0.258814 0.185266 -0.252687 -0.266714 -0.262998 0
-0.114750 -0.196973 -0.468706 -0.420985 -0.402412 -0.360946 -0.105351 -0.171690 -0.203640 0
-0.176571 -0.218282 -0.479727 -0.363745 -0.640995 -0.497209 -0.276168 -0.249494 -0.245253 0
0.595526 -0.085917 -0.507046 -0.436869 -0.593834 0.427001 -0.411658 -0.265319 -0.229982 0
-0.024400 -0.190545 -0.554721 -0.468316 -0.143416 -0.063334 -0.242111 -0.262249 -0.262396 0
-0.827328 -0.275697 -0.443643 -0.345540 -0.558876 -0.394364 -0.414775 -0.289711 -0.226501 0
-0.418878 -0.210598 0.475443 0.308253 -0.165660 1.105241 -0.018777 0.022701 0.029662 0
0.068359 -0.172555 -0.342574 -0.377629 0.080949 -0.164088 -0.286082 -0.218795 -0.215493 1
-0.735940 -0.264109 -0.293557 -0.294297 -0.224865 -0.404700 -0.241657 -0.164621 -0.152894 0
-0.410357 -0.243670 -0.727177 -0.513404 -0.347506 0.273281 -0.318647 -0.323181 -0.298321 0
-0.125858 -0.201551 -0.585318 -0.447119 -0.187929 -0.274309 -0.322859 -0.270071 -0.237030 0
0.016424 -0.166101 -0.160019 -0.206694 -0.219695 -0.205329 -0.211504 -0.186822 -0.166155 1
0.148602 -0.117400 -0.178953 -0.309108 -0.307073 -0.247882 -0.082965 -0.150640 -0.175565 0
-0.841037 -0.274885 -0.571600 -0.429404 -0.130363 1.453891 -0.266217 -0.234286 -0.228439 0
-0.653545 -0.260120 -0.551217 -0.461915 0.223662 -0.355173 -0.272102 -0.248470 -0.242341 0
-0.658231 -0.246549 0.069473 -0.157228 -0.304360 -0.393617 -0.187964 -0.148076 -0.132012 0
-0.218363 -0.223949 -0.302383 -0.198151 -0.234521 -0.181766 -0.287246 -0.218959 -0.192191 0
-0.563026 -0.253254 -0.375756 -0.343343 -0.281386 1.258678 -0.276255 -0.193364 -0.178752 0
0.492271 -0.065525 -0.203292 -0.264279 -0.246182 -0.251982 -0.205180 -0.145149 -0.121458 0
-0.226954 -0.167141 0.915162 0.665530 0.023839 -0.273233 -0.036263 0.052944 0.097361 0
-0.726422 -0.259922 0.333748 0.209150 -0.315874 -0.466607 -0.192066 -0.099216 -0.052331 0
-0.099061 -0.207498 -0.689844 -0.500800 -0.221706 -0.242209 -0.310375 -0.276813 -0.272696 0
-0.240033 -0.221821 -0.595582 -0.472032 -0.329169 -0.387139 -0.411947 -0.301029 -0.271052 0
-0.687412 -0.265146 -0.649501 -0.467935 -0.476803 -0.424894 -0.372844 -0.289771 -0.261346 0
0.385077 -0.078952 -0.265560 -0.255815 -0.226827 1.660161 -0.263847 -0.193355 -0.155086 0
-0.458894 -0.229893 0.437629 0.334403 -0.902684 -0.427474 -0.179565 -0.086834 -0.040682 0
-0.847822 -0.278952 -0.797210 -0.510329 -0.032033 0.167241 -0.293067 -0.273784 -0.258154 0
-0.551042 -0.252130 -0.453711 -0.379529 -0.191445 -0.497564 -0.332261 -0.245550 -0.220355 0
-0.101289 -0.141432 -0.213863 -0.392426 -1.308800 0.448428 0.123513 -0.118149 -0.212244 0
4.029048 1.140517 -0.477560 -0.426609 -0.275807 -0.164520 -0.301332 -0.245149 -0.230729 0
-0.884949 -0.277196 -0.457871 -0.353391 -0.178566 -0.408880 -0.288962 -0.243519 -0.213435 0
-0.735343 -0.269043 -0.713027 -0.490284 -0.613269 0.515199 -0.277478 -0.286395 -0.277960 0
-0.491763 -0.241452 -0.543278 -0.476976 -0.339878 -0.291157 -0.310699 -0.276019 -0.265252 0
-0.808215 -0.268376 -0.291045 -0.277886 -0.155120 2.051804 -0.210070 -0.141582 -0.135133 0
-0.509866 -0.252290 -0.623582 -0.439843 -0.809772 -0.263647 -0.293301 -0.250828 -0.226126 0
-0.806434 -0.274266 -0.707177 -0.519182 -0.510044 -0.486111 -0.373237 -0.318389 -0.291636 0
0.127970 -0.162843 -0.579668 -0.462701 0.173656 -0.381742 -0.257387 -0.259912 -0.242139 0
0.587615 0.065218 -0.339969 -0.426341 -0.261734 0.589933 0.084473 -0.088405 -0.152169 0
0.879597 -0.012102 -0.333794 -0.275435 -0.331078 -0.462829 -0.270323 -0.203035 -0.173075 0
-0.065541 -0.201028 -0.125574 -0.065625 -0.194896 -0.423579 -0.282527 -0.183081 -0.135692 0
-0.364146 -0.219115 0.728799 0.544646 -0.269780 -0.390654 -0.154445 -0.053108 0.005520 0
-0.244609 -0.219379 -0.235685 -0.244626 -0.463865 -0.499576 -0.244327 -0.183159 -0.168180 0
-0.768601 -0.268205 -0.077440 -0.086784 -0.604536 0.344966 -0.273852 -0.183356 -0.148868 0
-0.678183 -0.261426 -0.446283 -0.333350 -0.373356 -0.505584 -0.220266 -0.205324 -0.193387 0
-0.864723 -0.276318 -0.540534 -0.443126 -0.140999 -0.276082 -0.272341 -0.262106 -0.253926 0
0.982605 0.055442 -0.334678 -0.342063 -0.466994 1.555853 -0.191176 -0.155410 -0.139461 0
-0.571499 -0.253701 -0.615131 -0.452880 -0.125427 1.951363 -0.271429 -0.236954 -0.240054 0
-0.272908 -0.236233 -0.654806 -0.472512 -0.475508 -0.433477 -0.367291 -0.294543 -0.270208 0
-0.567106 -0.239402 0.398152 0.152013 -0.161206 -0.438506 -0.101880 -0.069424 -0.037093 0
-0.886793 -0.280428 -0.797888 -0.539036 -0.048090 -0.170657 -0.362708 -0.326676 -0.285278 0
-0.847099 -0.277366 -0.782568 -0.500753 -0.469605 -0.284053 -0.365742 -0.288216 -0.256655 0
-0.731779 -0.269329 -0.568646 -0.447771 -0.603387 1.150930 -0.270724 -0.260490 -0.261664 0
-0.443791 -0.248613 -0.463038 -0.330424 -0.369242 -0.298820 -0.282876 -0.196926 -0.180031 0
-0.960343 -0.283671 -0.763657 -0.518442 -0.499388 -0.358200 -0.339724 -0.297285 -0.287283 0
-0.480322 -0.252412 -0.787723 -0.519214 -0.372252 -0.163959 -0.308195 -0.280532 -0.262315 0
-0.937074 -0.271556 -0.353662 -0.414222 0.036715 -0.067673 -0.174431 -0.216841 -0.233652 0
-0.464089 -0.242258 -0.283156 -0.324217 -0.559813 0.541053 -0.335954 -0.237758 -0.215547 0
-0.800301 -0.276182 -0.747053 -0.494752 -0.517770 -0.476169 -0.378957 -0.305567 -0.279525 0
-0.498917 -0.245984 -0.612132 -0.474153 -0.078363 0.454963 -0.345616 -0.322620 -0.287837 0
0.379045 -0.102959 -0.507997 -0.440525 -0.442243 -0.209538 -0.333533 -0.267510 -0.244524 1
-0.333169 -0.216687 0.527171 0.299136 -0.314113 1.456557 -0.231337 -0.140803 -0.081030 0
-0.625848 -0.236224 0.983362 0.776268 -0.536740 -0.395206 -0.093382 0.021613 0.092020 0
0.719258 -0.075102 -0.563955 -0.437424 -0.153259 -0.364893 -0.337670 -0.288296 -0.253788 0
-0.085763 -0.200189 -0.445547 -0.366337 -0.224526 -0.418888 -0.328278 -0.274444 -0.251229 0
0.046187 -0.135805 -0.300870 -0.347860 -0.525552 -0.135278 -0.154675 -0.156609 -0.150582 0
-0.332094 -0.238476 -0.774902 -0.522384 -0.380319 -0.197470 -0.400485 -0.337757 -0.302736 0
-0.288822 -0.212682 -0.160023 -0.235963 -0.138344 -0.224194 -0.266281 -0.209442 -0.164494 0
0.637377 -0.052520 -0.316202 -0.345290 -0.588872 -0.190236 -0.363452 -0.244559 -0.186830 0
-0.600357 -0.262391 -0.619654 -0.455892 -0.490905 -0.508866 -0.355370 -0.286683 -0.277212 0
3.477879 0.796901 -0.635886 -0.502345 0.258256 -0.501898 -0.256437 -0.263100 -0.270673 0
-0.164320 -0.207119 -0.526954 -0.420459 -0.543580 -0.230388 -0.274549 -0.237145 -0.220629 0
-0.725446 -0.265828 -0.491136 -0.397778 -0.262411 0.261022 -0.321134 -0.267048 -0.237906 0
-0.469652 -0.243730 -0.533382 -0.443950 -0.710708 0.896363 -0.328472 -0.266704 -0.242011 0
-0.438146 -0.244949 -0.694901 -0.493274 -0.146412 -0.097628 -0.374121 -0.318209 -0.281247 0
-0.393888 -0.238953 -0.651893 -0.488081 -0.900305 -0.043529 -0.375281 -0.283881 -0.255759 1
3.712206 0.785498 -0.685553 -0.485861 -0.184992 -0.371614 -0.281017 -0.262710 -0.248385 0
-0.629217 -0.265301 -0.743126 -0.509621 -0.350768 -0.490553 -0.322137 -0.285058 -0.277356 0
-0.542449 -0.252667 -0.550819 -0.441299 -0.591497 -0.470670 -0.215312 -0.268266 -0.245960 0
0.618257 -0.075726 -0.373987 -0.371242 -0.087687 -0.276076 -0.337552 -0.281265 -0.247921 0
-0.663171 -0.265005 -0.687075 -0.484897 -0.233473 -0.500277 -0.307760 -0.269630 -0.262497 0
-0.663278 -0.269402 -0.882633 -0.537748 -0.287214 -0.334074 -0.392784 -0.335901 -0.303257 0
-0.833598 -0.274517 -0.434731 -0.351027 -1.001674 -0.091263 -0.312743 -0.257528 -0.218048 0
-0.523041 -0.252441 -0.293369 -0.230008 -0.212276 -0.262457 -0.311669 -0.226628 -0.187894 0
-0.815093 -0.265975 -0.579168 -0.496049 -0.228958 -0.065101 -0.303158 -0.294580 -0.265174 0
-0.936326 -0.283757 -0.847639 -0.545218 -0.346423 -0.498294 -0.366198 -0.333820 -0.309032 0
-0.591441 -0.256336 -0.468246 -0.385177 -0.669389 -0.508381 -0.336071 -0.256492 -0.229491 0
-0.316979 -0.225614 -0.173049 -0.181880 -0.176885 0.057743 -0.273435 -0.209538 -0.180637 0
1.858729 0.182974 -0.730630 -0.519016 0.171817 -0.463510 -0.248319 -0.276326 -0.288653 0
-0.769754 -0.269671 -0.612473 -0.451053 -0.168353 -0.415873 -0.362294 -0.290000 -0.261387 0
0.962690 -0.059854 -0.653185 -0.483715 -0.260561 -0.410423 -0.390191 -0.312592 -0.274833 0
-0.611198 -0.251047 0.084493 -0.025081 -0.438377 -0.296233 -0.236942 -0.152232 -0.116499 0
-0.718141 -0.266938 -0.484609 -0.426059 -0.279309 -0.440051 -0.300255 -0.290751 -0.264944 0
0.043949 -0.171920 -0.296144 -0.282686 -0.635854 0.623656 -0.391040 -0.268676 -0.199293 0
-0.425282 -0.237978 -0.616377 -0.497969 -0.688168 -0.458927 -0.171581 -0.221900 -0.258007 0
-0.504563 -0.249499 -0.428260 -0.340743 -0.168662 -0.414691 -0.296882 -0.233843 -0.210295 0
-0.816206 -0.267624 0.409849 0.384616 -0.556386 -0.487493 -0.217621 -0.128008 -0.079099 0
1.513759 0.063917 -0.790070 -0.526762 -0.358396 -0.507263 -0.448643 -0.346567 -0.301669 0
-0.497153 -0.250144 -0.692978 -0.482604 -0.298313 -0.504510 -0.308058 -0.282435 -0.271783 0
-0.460174 -0.232742 -0.121723 -0.213078 -0.241557 0.178060 -0.291294 -0.216145 -0.182445 0
-0.753125 -0.271820 -0.603332 -0.455368 -0.278885 -0.113886 -0.350817 -0.271660 -0.248524 0
-0.776303 -0.266816 -0.489657 -0.448421 -0.298861 -0.506335 -0.319064 -0.261636 -0.236756 0
-0.962757 -0.280904 -0.552376 -0.475897 -0.443068 -0.124949 -0.357852 -0.268085 -0.253524 0
-0.107384 -0.201436 -0.376376 -0.346295 -0.829521 -0.479341 -0.296496 -0.250745 -0.227423 0
-0.943211 -0.282859 -0.636575 -0.477842 -0.564445 0.149876 -0.333278 -0.256663 -0.244694 0
-0.665040 -0.261550 -0.117503 -0.104401 -0.854850 0.186287 -0.311261 -0.221696 -0.173736 0
-0.145246 -0.214836 -0.672492 -0.489110 -0.839831 0.813165 -0.414738 -0.316854 -0.288498 0
-0.782726 -0.274688 -0.850853 -0.540288 -0.361952 -0.441050 -0.367053 -0.315238 -0.292830 0
-0.818284 -0.276601 -0.764243 -0.506668 -0.358924 -0.508527 -0.368120 -0.294965 -0.265773 0
-0.719658 -0.271298 -0.823981 -0.508197 -1.135524 -0.060201 -0.474766 -0.356769 -0.291490 0
0.296035 -0.171159 -0.837159 -0.511358 -0.272524 -0.476754 -0.366612 -0.306991 -0.282635 0
-0.606747 -0.250169 -0.161319 -0.228596 -0.415523 0.243504 -0.279460 -0.189647 -0.164772 0
-0.094744 -0.167621 -0.236297 -0.305754 -0.283907 -0.508805 -0.291998 -0.222804 -0.182675 0
-0.645348 -0.258210 -0.500567 -0.429238 -0.310714 -0.077165 -0.425045 -0.340896 -0.285603 0
-0.781503 -0.270718 -0.500497 -0.417086 0.128191 0.094880 -0.260362 -0.243773 -0.240706 0
-0.685867 -0.266060 -0.372656 -0.302010 -0.526482 -0.238343 -0.309647 -0.212390 -0.177285 0
-0.302839 -0.246087 -0.873729 -0.521275 -0.391042 -0.284039 -0.485032 -0.363016 -0.311546 0
-0.855139 -0.275918 -0.600830 -0.481305 -0.396388 -0.334703 -0.335448 -0.293834 -0.280053 0
0.178895 -0.180991 -0.592108 -0.442603 -0.263476 -0.494644 -0.358144 -0.317591 -0.279796 0
-0.613510 -0.262779 -0.697603 -0.491584 -0.168731 0.930112 -0.340752 -0.292660 -0.264731 0
-0.882563 -0.278971 -0.701663 -0.494860 -0.402744 -0.199695 -0.286708 -0.275138 -0.263845 0
0.983937 -0.070644 -0.879169 -0.543276 -0.411059 -0.251927 -0.415893 -0.344446 -0.299752 0
0.095112 -0.176807 -0.456404 -0.384207 -0.694047 -0.379773 -0.286891 -0.273493 -0.235527 0
-0.754743 -0.274737 -0.699898 -0.467639 -1.280882 -0.373746 -0.363108 -0.282495 -0.253364 0
-0.745227 -0.265447 -0.283407 -0.269816 -0.588110 0.337402 -0.244180 -0.180278 -0.150949 1
1.724859 0.157394 -0.759002 -0.539629 -0.756032 -0.348177 -0.426859 -0.332519 -0.297237 0
0.247259 -0.190858 -0.961550 -0.568295 -0.479329 -0.431659 -0.420231 -0.352635 -0.321718 0
-0.900576 -0.279979 -0.507817 -0.352404 -0.675264 0.156375 -0.327655 -0.245686 -0.216653 0
-0.790228 -0.273908 -0.631291 -0.454176 -0.487970 -0.279976 -0.416698 -0.331090 -0.268506 0
0.111200 -0.170840 -0.458289 -0.409389 -0.159305 -0.353098 -0.383986 -0.315757 -0.275495 0
-0.256102 -0.220849 0.090029 0.143849 -0.367783 -0.414370 -0.185168 -0.146160 -0.116712 0
-0.045792 -0.208778 -0.520402 -0.340814 0.161010 -0.509064 -0.291328 -0.244869 -0.218763 0
-0.161321 -0.217008 -0.455883 -0.343342 -0.389299 0.323479 -0.337691 -0.242330 -0.216108 0
-0.758984 -0.270626 -0.315210 -0.238525 -0.289021 -0.011247 -0.312773 -0.232566 -0.194443 0
-0.861362 -0.277021 -0.654725 -0.475260 -0.291913 0.057854 -0.339876 -0.267314 -0.242450 0
-0.716703 -0.266917 -0.550475 -0.434683 -0.500684 0.624776 -0.373030 -0.295938 -0.258492 0
0.512334 -0.144411 -0.848096 -0.540699 -0.500013 -0.307709 -0.327320 -0.305037 -0.299207 0
0.289445 -0.105820 0.001954 -0.017574 -1.254051 -0.505403 -0.318017 -0.212407 -0.143744 0
0.147079 -0.177852 -0.701654 -0.499017 -0.422721 -0.276082 -0.353380 -0.284072 -0.260543 0
-0.279199 -0.220497 -0.507898 -0.437191 -0.489917 0.336419 -0.327400 -0.296899 -0.263811 0
0.020248 -0.200144 -0.811760 -0.535890 -0.523164 -0.485841 -0.405063 -0.336459 -0.295906 0
-0.360745 -0.235319 -0.779602 -0.536635 -0.568705 -0.416527 -0.389940 -0.310684 -0.289814 0
-0.928610 -0.282182 -0.775199 -0.505012 -0.446997 -0.389925 -0.397442 -0.319234 -0.279946 0
-0.770329 -0.268661 -0.266019 -0.288714 -0.516289 -0.291378 -0.260374 -0.215349 -0.192932 0
-0.945339 -0.283731 -0.750031 -0.504117 -0.491011 0.491994 -0.387395 -0.278961 -0.255603 0
-0.854314 -0.277297 -0.752789 -0.522556 -1.030633 -0.212393 -0.387501 -0.317112 -0.290350 0
-0.667987 -0.267465 -0.773152 -0.513161 -0.361141 -0.440542 -0.330807 -0.321915 -0.295850 0
-0.406696 -0.239122 -0.703640 -0.502363 -0.513421 -0.236548 -0.325848 -0.287731 -0.265618 0
3.569026 1.316436 -0.128936 -0.288091 -0.299971 -0.454026 -0.201141 -0.207824 -0.205281 0
-0.573221 -0.255760 -0.188137 -0.087242 -0.478593 -0.508600 -0.361634 -0.219537 -0.158880 0
-0.915388 -0.281050 -0.834339 -0.546077 -0.252639 -0.471689 -0.395851 -0.330515 -0.292220 0
0.097387 -0.181623 -0.807706 -0.539123 -0.433140 -0.191841 -0.436737 -0.319995 -0.281461 0
-0.795136 -0.276729 -0.830193 -0.503765 -0.494121 -0.502260 -0.409798 -0.316024 -0.268589 0
2.012500 0.177714 -0.806358 -0.526674 -0.713378 -0.475628 -0.375406 -0.321216 -0.290982 0
-0.565797 -0.254497 -0.741604 -0.525994 -1.308571 -0.505840 -0.418064 -0.326883 -0.289933 0
-0.376607 -0.244131 -0.818145 -0.520321 -0.548094 -0.392232 -0.428036 -0.327073 -0.289965 0
1.740678 0.105789 -0.737204 -0.509266 -0.514284 0.155510 -0.345456 -0.320070 -0.288825 0
5.009475 1.337647 -0.710905 -0.500065 -0.551882 -0.468320 -0.335420 -0.306416 -0.278375 0
0.205193 -0.143131 -0.045017 -0.084033 -0.398007 0.026903 -0.262813 -0.163455 -0.123632 0
2.332432 0.607252 -0.140049 -0.294111 -0.534502 0.074071 -0.261875 -0.156499 -0.142919 0
0.381900 -0.144794 -0.693719 -0.497157 -0.623446 -0.454270 -0.427892 -0.326706 -0.284712 0
-0.215807 -0.220440 -0.631871 -0.471043 -0.246048 0.122736 -0.347926 -0.290032 -0.264837 0
-0.572720 -0.256529 -0.489630 -0.424753 -0.227040 -0.496237 -0.326898 -0.278231 -0.267952 0
-0.681891 -0.263150 -0.674010 -0.503195 -0.779678 0.741624 -0.353703 -0.311207 -0.287897 0
-0.653666 -0.266863 -0.869440 -0.550231 -0.320976 -0.204554 -0.415545 -0.337858 -0.299274 0
0.358736 -0.130819 -0.547934 -0.458456 -0.093773 -0.325080 -0.307112 -0.279928 -0.250935 0
-0.712848 -0.269836 -0.765394 -0.512116 -0.210107 0.198144 -0.351963 -0.300248 -0.276758 0
-0.536084 -0.249928 -0.570548 -0.431171 -0.201359 -0.376264 -0.285649 -0.251345 -0.218947 0
1.754212 0.133065 -0.680797 -0.496761 -0.172219 -0.213299 -0.338372 -0.314806 -0.291217 0
-0.340205 -0.236449 -0.778135 -0.538127 -0.363286 -0.418911 -0.421100 -0.336967 -0.303771 0
-0.546128 -0.251715 -0.159588 -0.130765 -0.834007 -0.307903 -0.364893 -0.212459 -0.152890 0
0.111096 -0.171344 -0.507316 -0.427983 -0.846050 -0.484299 -0.335145 -0.280691 -0.255897 0
-0.648670 -0.262832 -0.617848 -0.462031 -0.312031 -0.508048 -0.393567 -0.294061 -0.264693 0
-0.345498 -0.240638 -0.806740 -0.525306 -0.846745 0.621142 -0.423843 -0.308206 -0.268695 0
-0.776447 -0.276985 -0.917457 -0.547214 -0.233737 0.184626 -0.439274 -0.358173 -0.316932 0
-0.735881 -0.273110 -0.883489 -0.537897 -0.650237 1.157734 -0.467470 -0.351626 -0.306269 0
-0.812726 -0.275858 -0.722148 -0.494720 -0.666395 -0.394347 -0.427513 -0.316046 -0.277926 0
2.013365 0.279860 -0.364264 -0.318200 -0.500014 0.300263 -0.238322 -0.195912 -0.177592 0
-0.289753 -0.208667 0.284058 0.080644 -0.541041 -0.456582 -0.255092 -0.182427 -0.129407 0
-0.987705 -0.285875 -0.764322 -0.479811 -0.624545 -0.461536 -0.354393 -0.270606 -0.240592 0
-0.230300 -0.221419 -0.441496 -0.328525 -0.849815 1.145266 -0.407370 -0.273654 -0.207406 0
-0.050176 -0.194189 -0.712818 -0.516591 -0.538082 0.247936 -0.379687 -0.305494 -0.271178 0
-0.015458 -0.187540 -0.517954 -0.456055 -0.482717 -0.508469 -0.372340 -0.290434 -0.259629 0
-1.036187 -0.288347 -0.849124 -0.540199 -0.428321 -0.376411 -0.428853 -0.343984 -0.305232 0
4.341404 2.018681 1.100373 1.167879 -0.981857 0.071466 -0.258753 -0.153714 -0.042310 0
-0.644601 -0.263789 -0.768017 -0.517769 -0.723157 -0.507613 -0.327366 -0.320409 -0.286618 1
0.421248 -0.099323 -0.410534 -0.412066 -0.158257 -0.239406 -0.288142 -0.220963 -0.215929 0
-0.816088 -0.275721 -0.753635 -0.517065 -1.061971 -0.507822 -0.414241 -0.327714 -0.291792 0
-0.933241 -0.283357 -0.737936 -0.501806 -0.044791 -0.278679 -0.397639 -0.345205 -0.304030 0
