1.579455 16.107784 6.488133 7.741463 8.766254 0.274559 14.506892 16.572212 17.332026 0
1.295798 11.088325 6.713570 8.295096 7.452446 -0.309471 11.293440 12.536456 12.789546 0
1.870424 8.148303 6.399473 7.873856 5.534343 -0.561350 7.115880 7.286192 6.852304 0
1.073889 2.565202 3.413455 3.339654 2.932449 -0.102505 3.038784 2.985675 2.724638 0
-0.574266 0.382396 3.278005 2.861184 3.446095 0.235068 3.056813 2.664092 2.117324 0
1.792255 3.497816 3.064447 2.760880 4.062318 -0.671668 3.260878 2.659721 2.119742 0
-0.745427 0.029386 2.686171 2.430801 0.717321 -0.497250 0.959758 1.204425 1.320345 0
-1.152618 -0.266515 3.736014 3.917280 1.693506 0.576335 1.440664 1.600912 1.609968 0
1.546606 2.839235 2.276098 1.443382 2.572853 -0.094808 2.068123 1.733646 1.205567 0
0.000517 0.473983 2.389211 1.798074 2.341840 -0.517412 1.768205 1.577294 1.264888 0
0.906097 2.022554 2.259200 1.627074 1.993902 -0.546433 1.759258 1.745490 1.630873 0
0.535017 0.892496 2.884290 2.646353 1.955844 -0.678797 1.796083 1.752306 1.593839 0
1.011289 1.245903 1.794835 1.160888 2.352206 -0.452488 1.917848 1.554484 1.090041 0
0.207725 0.787344 1.887666 1.180221 3.065574 -0.626904 2.085453 1.559322 1.149384 0
2.426174 5.663969 1.635127 0.795983 5.700041 -0.652485 4.130291 2.913892 1.797941 0
0.384158 0.543113 2.758725 2.675806 2.047123 1.102325 1.641212 1.447003 1.293747 0
1.069336 1.612443 1.502097 0.753775 3.055086 0.528736 2.177101 1.608195 1.054064 0
-0.989707 -0.284835 2.633841 2.717303 1.406232 1.082975 1.001168 0.988791 0.953677 0
-0.660857 -0.036551 2.062747 1.871794 2.941437 -0.684103 2.047332 1.377813 1.102162 1
-1.621466 -0.502592 2.708587 2.772696 0.522078 -0.257187 0.793568 0.885506 0.964191 1
-0.632816 -0.116774 2.257242 1.748359 0.661953 -0.685450 0.333916 0.528366 0.611071 0
0.625356 1.088319 1.654315 1.110966 0.552418 -0.450547 1.038947 0.978207 0.859282 0
-1.633203 -0.544285 2.849553 3.125573 1.202256 -0.691449 0.700858 0.719839 0.773153 1
-0.502509 0.067055 2.522173 1.936979 1.743113 -0.666963 1.627436 1.410913 1.143063 0
-1.464947 -0.465141 2.191535 2.037574 0.715057 -0.675668 0.573026 0.707359 0.751586 1
-1.081021 -0.242566 2.283667 1.861988 1.236551 -0.686483 0.877380 0.910197 0.943799 0
-0.585233 -0.107319 2.488729 2.495508 1.616117 -0.526129 1.252988 1.032275 0.966619 0
0.448581 0.671143 2.145353 1.570067 2.468746 -0.577914 1.605818 1.184751 0.808529 0
0.138447 0.259693 1.626531 1.245395 1.617501 2.251228 1.078522 0.884406 0.720434 0
1.295658 1.951877 1.286728 0.597373 1.746452 0.642571 0.962873 0.826138 0.709327 1
-0.712307 0.034936 1.817947 1.238642 0.863586 1.508093 0.987320 0.961123 0.877784 0
-0.850562 -0.207708 1.531310 1.015297 1.898288 -0.364157 1.262389 0.959589 0.623935 1
-0.455572 0.072208 1.618458 1.125756 2.170299 -0.687688 1.187545 0.814175 0.682109 0
0.124408 0.825651 1.345752 0.736050 1.245178 -0.690811 1.147034 0.818167 0.642110 0
-1.519447 -0.497109 2.599028 2.696141 0.600944 0.241288 0.778705 0.808494 0.823884 1
-0.375573 0.163975 2.047215 1.462759 2.649143 -0.682981 1.326567 1.089095 0.845940 0
-0.015828 0.175890 1.500128 0.915069 1.216177 -0.665663 1.039273 0.837866 0.626960 0
-1.313451 -0.334916 1.442114 0.785741 3.210886 -0.658369 1.583061 1.063421 0.732014 0
0.394464 0.658365 1.407449 0.969477 1.569106 -0.595973 0.972572 0.648138 0.625547 0
-1.533713 -0.528293 2.219954 2.334347 0.411529 -0.692678 0.473570 0.600581 0.595871 1
-1.659346 -0.566860 2.016498 2.226676 -0.054978 0.441843 0.213292 0.407386 0.509896 0
3.620905 5.198744 1.447290 0.770746 2.854465 -0.544912 2.080503 1.375151 0.925733 0
1.499753 1.479145 1.240879 0.589343 2.189477 -0.662876 1.361382 0.960795 0.646789 0
-1.064077 -0.400694 2.078312 2.224291 0.906992 -0.566989 0.677069 0.657726 0.668823 0
0.890210 0.766299 1.663551 1.217127 1.353530 -0.433938 0.753001 0.619779 0.585778 0
-0.883297 -0.396394 1.880241 1.936319 1.254345 2.244181 0.596395 0.491070 0.419226 0
-0.126676 0.149019 1.414923 0.915765 1.486467 -0.584676 0.916413 0.810795 0.639761 0
-0.501321 -0.287059 1.429805 1.257703 0.066198 0.009973 0.144357 0.264092 0.297070 1
-1.231675 -0.414432 1.311647 0.822315 -0.215948 1.508921 -0.047711 0.145512 0.227288 0
1.572104 2.651874 1.827220 0.977593 3.111631 -0.093994 1.534583 1.081440 0.803911 0
-0.465185 -0.140480 1.043509 0.654563 1.203216 -0.538261 0.569702 0.491015 0.363909 0
0.393324 0.065439 1.257297 1.177577 1.197719 -0.153690 0.674254 0.521430 0.411131 0
1.192051 2.343536 1.738098 0.875562 2.181963 -0.401135 1.533950 1.102422 0.814744 0
-0.585195 -0.286843 1.237996 0.989916 1.659038 -0.084348 0.690207 0.542573 0.360542 0
0.996782 1.129681 1.395891 0.768183 1.944797 -0.681032 1.300783 0.967900 0.634789 0
0.317363 0.505612 1.129709 0.539217 0.800950 0.244025 0.849786 0.692413 0.530902 1
0.380151 1.005904 0.944098 0.213788 1.684318 -0.496647 1.437031 0.896509 0.469664 0
-0.697793 -0.309547 1.012601 0.783172 0.765906 1.745014 0.465910 0.449075 0.350516 0
1.502015 2.312670 1.976946 1.400271 3.541489 -0.521195 2.208791 1.571623 1.184226 0
0.304771 0.783037 1.325476 0.658039 0.674261 -0.693013 0.996267 0.743646 0.575017 0
0.595200 0.924319 1.519540 0.775763 1.736417 4.910859 0.802105 0.518017 0.356903 0
1.129108 1.470191 2.166653 1.591880 1.051304 -0.321085 1.113180 1.104784 0.902342 0
-1.676236 -0.599810 1.510425 1.683443 0.527717 -0.681250 0.331942 0.326440 0.326457 0
-1.164988 -0.494309 1.120953 1.131622 0.125527 -0.650802 -0.021598 0.101029 0.183788 1
-0.239818 0.241383 1.260607 0.598807 -2.763523 1.168328 0.637376 0.610097 0.550337 0
0.986365 1.324250 1.352002 0.740332 1.846178 4.722770 1.564564 1.010292 0.707962 1
-0.475044 -0.134419 1.466611 1.075229 1.218350 0.062990 0.854765 0.705912 0.535674 0
-0.802246 -0.068685 1.723827 0.987348 1.821897 -0.693063 1.439757 0.921223 0.546325 0
0.620539 0.955933 1.440023 0.711151 2.311273 6.006621 0.771044 0.500673 0.345026 0
-0.956930 -0.226890 0.747045 0.279667 2.499787 0.733884 1.749002 0.831243 0.352094 1
-0.992983 -0.365906 1.194139 1.038695 1.296147 -0.579496 0.753018 0.541203 0.434087 0
1.152483 1.413051 1.507678 0.807871 0.664210 0.190622 0.813469 0.887552 0.688045 0
-0.552894 -0.272243 0.721757 0.609786 0.619313 -0.447645 0.099452 0.166583 0.228375 1
-0.942773 -0.448306 1.472301 1.616889 -0.363353 -0.425485 0.035652 0.196287 0.282617 0
-1.125474 -0.476476 1.195605 1.166052 0.757018 0.278154 0.268766 0.201840 0.175735 0
-0.425640 -0.337938 0.758140 0.710512 0.731953 -0.036507 0.381379 0.252468 0.168568 0
-0.114615 -0.135097 0.552580 0.392905 0.503808 0.551526 0.154031 0.183925 0.155077 0
-1.493250 -0.543359 1.223284 1.181020 0.462158 -0.192197 0.150006 0.254694 0.307693 1
-1.211560 -0.343464 0.820075 0.275287 2.466318 -0.614519 1.301184 0.619110 0.226059 0
0.777496 2.152579 2.390817 1.628362 0.341845 -0.490209 1.421671 1.722216 1.745001 0
0.394259 0.670184 1.543752 0.911543 0.705200 1.339159 1.229029 0.879913 0.566209 0
-0.692576 -0.316585 0.734013 0.508176 2.059692 -0.672199 0.758665 0.458554 0.288767 0
-0.777370 -0.114032 1.557414 1.002191 0.165669 -0.508439 0.443875 0.539968 0.604094 0
3.448562 5.060506 1.519924 0.850067 0.774311 -0.003248 1.796821 1.380254 0.997071 0
-1.279210 -0.524206 0.800966 0.775550 0.420509 2.185585 0.304006 0.252825 0.198025 0
1.311891 2.670406 1.880248 0.995107 1.368821 -0.252137 1.568669 1.253861 0.961018 0
0.484123 0.904360 1.861676 1.181537 0.661810 -0.270510 0.557029 0.557909 0.498631 0
-1.175985 -0.356853 0.820203 0.319044 1.737580 0.300452 0.872208 0.521336 0.323977 1
0.459442 0.112339 0.160542 -0.084390 0.549684 -0.122745 -0.059418 0.037139 0.015041 0
-0.294600 -0.127022 0.784193 0.388850 0.898747 -0.559282 0.449718 0.330287 0.161279 0
-0.977952 -0.411869 1.202553 1.001640 -0.316642 -0.676492 -0.000204 0.156363 0.226650 0
-0.942805 -0.373533 0.758292 0.362830 -0.068649 -0.197751 0.103111 0.149790 0.151726 0
-1.713857 -0.593875 0.636543 0.498936 0.466577 0.499645 0.222788 0.236102 0.165392 0
-0.003121 -0.001941 1.053583 0.650285 0.431048 -0.192284 0.209937 0.220766 0.195968 0
1.199042 1.157841 1.184777 0.589151 1.728668 -0.387946 0.911800 0.552254 0.380655 0
-1.642494 -0.607566 0.961178 1.048259 -0.370061 0.068091 -0.198438 -0.010579 0.072410 1
-1.587481 -0.583146 0.813160 0.632516 -0.143788 -0.552158 -0.108310 0.059918 0.114883 0
1.722892 2.216908 0.946880 0.285016 -1.355820 -0.481200 0.137473 0.280597 0.255904 0
0.064520 0.274477 1.002530 0.376704 1.770977 0.944481 0.743209 0.382800 0.205329 0
-0.447124 -0.234407 0.976046 0.541842 0.089860 -0.348998 0.022611 0.085996 0.117545 0
-0.053164 -0.119158 0.948221 0.598927 0.945323 2.066825 0.253435 0.281256 0.227646 0
1.609883 3.229714 1.338310 0.578535 2.217680 1.131640 2.374019 1.534212 0.988143 0
0.084617 0.130823 0.398810 0.050193 0.550407 -0.594569 0.727469 0.364249 0.233919 0
1.455446 1.266727 0.844712 0.283058 0.802339 2.667312 0.773186 0.534018 0.353774 0
-0.707456 -0.332477 0.246748 0.071513 0.788158 -0.679995 0.241242 0.188511 0.094125 0
-0.271650 -0.176630 0.403410 0.101883 0.572487 -0.674299 0.205950 0.205051 0.100291 0
0.653044 0.969284 1.709348 1.004994 1.208498 -0.689362 1.340815 0.838797 0.525707 0
1.648378 2.219176 1.257358 0.531385 2.346162 0.137901 1.238931 0.881411 0.584671 0
-0.163255 0.080213 0.876858 0.319030 1.531480 -0.128793 0.798839 0.486690 0.282238 0
2.363934 4.244112 1.714744 1.056592 2.442709 -0.653311 1.506312 1.117833 1.114220 0
1.270391 0.444911 0.086257 -0.051907 1.874591 -0.637419 0.695947 0.316283 0.078701 0
0.113123 0.545656 2.485341 2.038099 0.033920 -0.691956 1.355829 1.421223 1.313463 0
-1.334422 -0.533232 0.511116 0.441897 0.309231 -0.455322 0.155226 0.176394 0.137282 0
0.442866 0.340306 0.856068 0.314258 1.483392 -0.556282 0.777637 0.435626 0.208485 0
0.103284 0.831048 2.367982 1.875781 2.842242 -0.573938 1.846254 1.564915 1.325590 0
0.568581 0.022184 0.243009 0.153932 0.075524 -0.682550 0.121552 0.092090 0.059436 0
1.122981 1.044032 1.342507 0.752162 1.767967 -0.693080 0.980112 0.599281 0.413492 0
-0.034380 0.416384 1.086120 0.379698 -0.184830 -0.662308 0.457595 0.339010 0.193351 0
0.604835 0.362681 0.058823 -0.164636 1.274349 -0.641423 0.293384 0.126927 0.009658 0
-1.084219 -0.460717 0.601097 0.398042 0.568644 4.771605 0.274372 0.180810 0.141420 0
1.251432 0.274785 0.333920 0.222235 0.711926 -0.689579 0.357411 0.147133 0.052564 0
1.353299 0.303697 0.352540 0.278039 0.348018 -0.038003 0.297190 0.124589 0.061052 0
-1.449856 -0.561037 0.080314 0.029491 0.168718 -0.687126 0.040798 0.047960 -0.004694 0
-0.183157 -0.004437 0.837080 0.350192 1.018816 -0.557696 0.317403 0.250088 0.110258 0
-0.859176 -0.149083 1.658932 1.071535 0.490403 4.761857 1.000786 0.783649 0.597074 0
-1.354130 -0.541891 0.668368 0.554099 0.312246 -0.577590 0.064814 0.077532 0.065210 0
-0.471372 -0.160025 0.197704 -0.117438 2.139184 -0.655542 0.787582 0.337699 -0.016829 0
0.067080 0.709467 1.211996 0.450921 1.280018 -0.629750 1.590373 0.982578 0.526849 0
0.127612 0.360899 1.342196 0.789273 -0.652219 -0.493900 0.334855 0.385312 0.289302 0
-0.127203 0.356138 1.080498 0.463211 1.278641 0.740383 1.162621 0.629373 0.327151 0
0.251283 -0.047596 0.493148 0.345976 0.338628 -0.307755 0.103205 0.098531 0.088603 0
-0.076027 -0.001516 1.141428 0.689799 0.033000 -0.558033 0.247030 0.264370 0.230722 0
-0.028025 0.255452 1.011818 0.380900 1.397141 1.199612 0.525901 0.292499 0.179457 0
1.400379 2.476499 1.133276 0.375734 1.221964 -0.596742 0.819027 0.656153 0.442840 1
0.414768 -0.008242 0.219129 0.150728 0.193931 -0.562912 0.152136 0.102258 0.060423 0
-1.611568 -0.576354 0.393592 0.182487 0.856274 -0.291549 0.380808 0.244651 0.103673 0
0.005845 -0.076025 0.367228 0.074518 -0.181761 -0.692057 -0.132767 -0.031280 -0.036668 0
1.271909 0.472574 0.103310 -0.012363 0.802345 3.611337 0.070441 0.015996 0.009701 0
-1.573248 -0.576855 0.156631 0.056001 -0.246407 -0.692975 -0.259766 -0.101840 -0.045028 0
-1.392117 -0.570793 0.416740 0.324821 1.098600 0.542016 0.240790 0.138384 0.059620 0
-0.920138 -0.216036 1.171757 0.735099 0.765642 -0.498807 0.612032 0.512309 0.462948 0
-0.251072 -0.192823 0.793211 0.564319 -0.681481 -0.689900 -0.347213 -0.119796 0.007851 0
-0.891440 -0.441407 0.466262 0.362375 0.274642 -0.692827 -0.110418 -0.048572 0.032075 0
-1.303317 -0.554273 0.167625 0.134518 0.668155 1.074475 0.177242 0.089548 -0.002039 0
-0.532142 -0.273108 0.820739 0.520160 -0.655177 -0.592057 -0.416808 -0.131890 -0.013762 0
-0.930875 -0.451592 0.315261 0.248942 0.468501 -0.550803 0.104034 0.047831 -0.007624 0
-1.047738 -0.481642 0.338776 0.271563 -0.333965 0.114167 -0.190583 -0.064212 -0.034199 0
-1.712047 -0.596642 0.387652 0.157787 -0.303608 -0.011636 -0.369008 -0.118694 -0.052629 0
-1.550907 -0.579188 0.729105 0.575326 -0.689680 -0.365182 -0.196021 -0.066091 -0.014056 0
0.963807 2.255818 3.987933 4.213773 -0.620833 1.185149 3.261506 3.197516 2.894848 0
0.662526 0.113724 -0.108719 -0.130370 0.831472 -0.692882 0.133169 0.018218 -0.016808 0
2.220396 2.277543 0.407266 -0.098163 0.938650 -0.642711 0.494169 0.249697 0.043206 0
-1.095761 -0.396597 0.404513 0.058867 1.513791 -0.468323 0.783356 0.263680 -0.005128 1
-0.736202 -0.059960 1.608743 0.905827 0.926600 -0.150877 1.253415 0.827536 0.490276 0
-0.328432 -0.127022 0.960109 0.503431 0.370182 3.830309 0.197916 0.130489 0.111454 0
0.273006 -0.109118 0.221115 0.163402 -0.309225 -0.625073 -0.095741 -0.021070 0.018540 0
0.896042 0.049350 0.274880 0.310245 0.261618 -0.576303 -0.008065 0.020444 0.051327 0
-0.946064 -0.452790 0.047199 0.022661 0.655380 -0.073697 0.158388 0.037529 -0.058637 0
-1.757992 -0.625804 -0.171417 -0.127850 -0.225671 -0.554386 -0.103594 -0.034061 -0.085019 0
-0.923830 -0.470066 0.154391 0.131983 0.041259 -0.379885 -0.110304 0.003637 0.012035 0
2.878710 1.302603 0.263923 0.187297 0.617387 0.792395 0.201966 0.085061 0.029944 0
0.437966 -0.195139 0.036902 0.136358 -0.326519 -0.685558 -0.187963 -0.073066 -0.042275 0
0.677664 0.252236 0.243469 0.018918 1.570228 0.151246 0.609434 0.222092 0.067610 0
-0.434448 -0.366739 -0.099738 -0.038869 0.471076 -0.347136 0.110431 0.016575 -0.041779 0
-0.240961 -0.133453 0.065156 -0.125914 1.302805 -0.140418 0.306703 0.122769 0.018713 0
-0.372903 -0.382865 0.184527 0.338280 0.279378 2.711601 -0.180622 -0.106616 -0.048944 0
0.871821 1.093912 1.004003 0.344176 0.089813 0.943241 0.408283 0.248206 0.199330 0
0.528654 -0.007846 -0.127257 -0.144888 0.300777 -0.692819 0.080611 -0.007593 -0.072964 0
0.707254 0.001208 0.298929 0.365295 -0.569932 -0.664911 -0.186614 -0.080899 -0.002079 0
0.814168 0.118759 0.022978 -0.111725 0.788272 -0.470840 0.095621 -0.059594 -0.084797 0
-0.216082 -0.146978 0.224850 -0.028656 0.924617 -0.654620 0.515788 0.195136 0.051506 1
1.953479 0.697658 -0.036285 -0.151977 1.784382 0.073341 0.414486 0.135319 -0.040487 0
-0.421256 0.109970 2.182872 1.619364 0.234400 -0.691513 1.514056 1.293877 1.049177 0
0.133704 0.363721 1.420898 0.846782 0.115043 -0.561584 0.790225 0.735125 0.644680 0
1.134904 0.095394 -0.139632 -0.017683 0.181480 -0.350439 -0.194916 -0.135510 -0.097757 0
0.544364 -0.070133 0.191210 0.283594 0.164450 0.659057 -0.192857 -0.076830 -0.012248 0
1.384014 2.948110 1.467708 0.722975 0.819495 0.085954 2.073774 1.302070 0.953697 0
-1.158389 -0.509875 0.260155 0.137144 0.098549 -0.179403 -0.177958 -0.053629 -0.068639 0
0.651289 0.713614 0.533808 0.043762 0.711155 0.452204 0.328926 0.346292 0.233299 0
0.172626 -0.012109 0.063270 -0.106195 0.482491 -0.359892 0.163210 0.068117 -0.018555 0
1.380282 0.633281 0.146605 -0.108167 1.070370 0.026824 0.254341 0.053771 -0.009334 0
0.516275 0.925166 1.375787 0.762051 1.082231 -0.662285 0.874116 0.558852 0.551037 0
-1.255659 -0.544120 -0.088015 -0.052714 -0.150255 -0.672414 -0.277608 -0.115540 -0.063575 0
0.214058 -0.200653 -0.131438 -0.136380 0.338102 -0.690054 0.058264 0.026306 -0.055459 0
0.640787 0.434252 0.685482 0.252825 -0.660526 0.266077 -0.185783 -0.039094 0.023908 0
-0.161699 0.203499 1.191052 0.521521 0.884594 1.320140 0.704670 0.388726 0.244174 0
-0.931056 -0.466396 0.645937 0.534807 -0.347028 2.358193 -0.378138 -0.140892 -0.008854 0
-0.065392 -0.284204 -0.204800 -0.114290 0.162972 -0.594373 -0.343525 -0.204211 -0.118300 0
0.196392 0.697321 1.478400 0.976190 0.081597 2.054914 0.207704 0.170578 0.366189 0
-0.414610 0.150024 2.167209 1.557920 0.468012 -0.655956 1.377973 1.138879 0.883955 0
-1.644490 -0.612622 0.134776 0.029975 0.120652 -0.071614 0.041061 -0.022976 -0.081028 0
-0.775689 -0.430075 0.021257 -0.025795 0.848975 -0.674334 0.095682 -0.002229 -0.069764 0
-0.677944 -0.411530 0.057132 0.056897 0.375736 -0.383180 0.093268 -0.042608 -0.093067 0
1.226508 0.670216 1.012748 0.482052 0.320658 -0.670172 0.018494 -0.035180 0.063792 0
-0.516162 -0.337121 -0.027819 -0.149437 0.221457 -0.376701 0.127313 0.031675 -0.051811 0
-0.475755 -0.101893 0.891710 0.565830 0.514841 -0.549465 0.422350 0.312087 0.334113 0
0.738398 0.186508 0.082260 -0.112184 0.686542 -0.427867 0.121626 0.015326 -0.044227 0
1.400930 0.826888 0.424651 0.080380 1.060599 -0.642514 0.468349 0.278576 0.151207 0
-0.030794 0.424456 0.791176 0.189962 1.093770 1.406719 1.168915 0.618554 0.315107 0
-0.207754 0.111080 0.634145 0.086614 -0.099218 1.076895 0.334525 0.161611 0.010684 0
-0.038527 -0.076782 0.053607 -0.128863 1.407536 -0.279851 0.270488 -0.029445 -0.091093 0
1.444806 2.542504 1.199935 0.420370 0.421575 -0.174630 0.851366 0.633615 0.424060 1
-1.384870 -0.477781 0.512846 0.113561 0.052851 -0.377731 0.508753 0.129099 0.110117 0
-1.210847 -0.494102 0.038140 -0.120489 -0.884960 -0.667164 -0.237299 -0.162100 -0.076774 0
-0.060918 -0.262463 -0.169047 -0.122906 0.237261 -0.029712 -0.051227 -0.040503 -0.073321 0
-0.791838 -0.454973 0.075477 0.122987 -0.051196 0.437510 -0.211706 -0.116629 -0.049094 0
-0.472602 -0.380069 0.160846 0.183505 -0.727770 0.003599 -0.404307 -0.168625 -0.045372 0
0.947842 0.226477 0.207323 0.017565 -0.433665 -0.604007 -0.145708 -0.111314 -0.113939 0
0.408235 1.255340 2.836345 2.291779 -0.514866 0.163652 2.268807 1.980470 1.823808 0
0.525548 0.196968 0.867624 0.523122 1.289859 0.038108 0.321097 0.185517 0.142807 0
1.429379 0.305669 0.165121 0.139872 0.271088 -0.005757 -0.057926 -0.050061 -0.055581 0
0.506817 0.009494 0.001404 -0.134505 -0.422797 0.354152 -0.162273 -0.118503 -0.104705 0
0.850813 0.085381 -0.146466 -0.149184 0.829197 -0.692924 0.038915 -0.045534 -0.085500 0
-1.678381 -0.611941 0.018774 -0.011474 0.371452 1.485344 -0.006109 -0.026395 -0.050991 0
-0.319241 -0.220509 1.044226 0.724156 0.541047 -0.306478 0.191658 0.020602 -0.072833 0
-1.135624 -0.422994 0.578365 0.201565 -0.170902 -0.106848 -0.047771 -0.084886 -0.051582 0
0.125411 0.438655 1.360177 0.729040 2.173154 0.430785 1.142385 0.866094 0.656516 1
-0.319200 -0.309711 -0.388035 -0.382845 -1.454012 -0.112415 -0.084150 -0.185228 -0.242511 0
0.089676 0.710187 2.328239 1.736989 0.053246 -0.636322 2.233716 1.709007 1.373078 0
-0.076365 -0.304674 -0.041162 0.142844 0.096058 -0.621164 -0.044702 -0.032763 -0.016649 0
1.088234 1.682479 1.580651 0.820447 0.195595 -0.684589 1.055084 0.641901 0.500003 0
3.017471 4.480853 1.425010 0.907307 -1.145836 -0.299505 0.796013 0.631242 0.617496 0
1.102731 1.656949 1.486624 0.681919 -0.189769 0.133655 1.262999 0.888473 0.577728 0
-0.228545 -0.025205 0.356324 -0.020219 1.501048 0.083051 0.577389 0.170676 0.005833 0
-0.635963 -0.319929 0.044947 -0.146179 -0.134123 -0.692119 -0.127301 -0.153012 -0.107210 0
-1.013371 -0.388866 0.513833 0.147919 0.464690 0.780263 0.478280 0.052216 0.002646 1
-1.101972 -0.393013 0.610569 0.202023 0.500198 -0.691528 0.117248 0.137828 0.115246 0
-1.053846 -0.440979 0.141915 -0.009888 0.750389 -0.570549 0.025044 -0.035612 -0.034864 0
0.758434 0.029193 -0.120833 -0.177973 0.436548 0.026467 0.180915 -0.007607 -0.085966 0
-0.133354 -0.294007 -0.144514 -0.127608 -0.644093 0.235555 -0.289380 -0.192105 -0.141031 0
0.583587 -0.033834 -0.127174 -0.191355 -0.068890 -0.436242 -0.189353 -0.134817 -0.178813 0
1.587091 2.206208 0.976067 0.278143 0.440242 -0.522284 0.417578 0.313014 0.234283 1
-0.988455 -0.414833 0.445313 0.142904 0.028908 -0.692905 0.095654 -0.065968 -0.085387 0
-2.014419 -0.660758 0.032758 0.089793 -0.126255 -0.569902 -0.303567 -0.212369 -0.178228 0
-0.647889 -0.319611 0.291530 0.072019 -0.174626 -0.688990 0.049224 -0.033147 -0.065345 0
0.050595 -0.288106 -0.311569 -0.128117 -0.106634 0.512999 -0.301282 -0.185615 -0.118571 0
0.244264 0.217266 0.381958 -0.054329 1.022920 -0.363470 0.106504 -0.013264 -0.075347 0
-0.124301 -0.088480 -0.244769 -0.330537 0.986128 -0.228188 0.013143 -0.094082 -0.161499 0
-0.461720 -0.289883 -0.003349 -0.113139 0.745832 -0.691961 0.058325 -0.005878 -0.041574 1
-0.987687 -0.483053 -0.239586 -0.221779 -0.099663 -0.296648 -0.023846 -0.087028 -0.118790 0
-0.887490 -0.474028 -0.331958 -0.216967 -0.625088 -0.652314 -0.461768 -0.228805 -0.151523 0
-0.120315 -0.222910 0.117957 0.004331 0.340615 1.051571 -0.090015 -0.106857 -0.085495 0
1.371591 0.235606 -0.214440 -0.167993 -0.746321 -0.680281 -0.386478 -0.215759 -0.141763 0
0.893082 0.373272 0.316530 0.001178 0.351739 -0.586682 0.265613 0.072134 0.002527 0
-1.772226 -0.636412 -0.117085 0.029356 -1.031081 -0.129035 -0.505224 -0.271639 -0.146290 0
-0.375597 -0.306363 0.441445 0.216510 0.598227 -0.641776 0.272254 0.053549 -0.053540 0
-1.019083 -0.404034 0.685651 0.321488 1.966306 -0.462876 0.550512 0.217387 0.077222 0
-1.107288 -0.446561 0.107019 -0.053748 -0.945404 -0.632462 -0.113968 -0.169106 -0.063319 0
-0.026720 0.172793 0.975872 0.454209 0.638234 -0.596891 0.248288 0.177802 0.057428 0
-1.567528 -0.611889 0.088147 -0.004217 0.149426 -0.348610 -0.204323 -0.173758 -0.161966 0
-0.039870 -0.277881 -0.180262 -0.165370 -0.777583 0.472334 -0.394041 -0.226028 -0.175608 0
-0.447116 -0.346299 -0.116920 -0.175422 0.082685 -0.192008 -0.270901 -0.232542 -0.175820 1
0.745602 -0.035266 -0.362762 -0.301838 0.787215 -0.374533 0.036511 -0.062083 -0.165547 0
-1.045926 -0.516859 -0.551138 -0.355326 -0.199655 0.775586 -0.313818 -0.212815 -0.192124 0
-0.377721 -0.366506 -0.353846 -0.261523 -0.163601 0.025227 -0.311771 -0.167968 -0.145335 0
-1.662871 -0.601393 0.171242 0.042163 -0.183423 -0.598852 -0.034263 -0.040151 -0.053607 0
0.742965 0.304764 0.055374 -0.097923 2.405498 1.377557 0.706706 0.172785 -0.022529 0
0.334149 -0.098637 -0.148485 -0.216728 0.997235 -0.362061 0.227055 -0.013770 -0.117505 0
0.394900 -0.112513 0.201996 0.173152 -0.794444 -0.316241 -0.414314 -0.197282 -0.094618 0
-0.023328 0.300736 0.837699 0.271195 1.361381 -0.587459 0.374511 0.222116 0.088191 0
-1.672264 -0.622296 0.025523 0.087245 -0.468919 -0.604806 -0.406807 -0.216020 -0.110592 0
-0.493101 -0.373100 -0.170230 -0.190976 -0.364254 -0.666464 -0.323202 -0.186390 -0.133605 0
-0.243746 -0.270818 -0.309932 -0.337560 0.918916 -0.693110 0.171408 0.007250 -0.110747 0
1.552237 0.611029 -0.016851 -0.148639 -0.132700 -0.622874 0.051046 -0.011383 -0.040140 0
-0.342023 -0.359422 -0.252583 -0.082757 -0.380594 0.090408 -0.384692 -0.205215 -0.109562 0
-0.725212 -0.437719 -0.229081 -0.235031 -0.715552 -0.415954 -0.379496 -0.249955 -0.208602 0
-0.169289 -0.146814 0.083291 -0.134912 0.913094 0.575486 0.540674 0.149414 -0.039990 0
0.027441 -0.075623 0.440436 0.106089 0.607268 -0.379959 0.054393 -0.042454 -0.112324 0
-1.650419 -0.627195 -0.146047 0.046630 -0.643116 -0.180292 -0.468673 -0.232680 -0.145944 1
-0.878661 -0.471273 -0.005400 -0.026616 1.064001 1.890869 0.155462 0.010725 -0.062594 0
-0.879628 -0.422240 0.001829 -0.150895 1.049373 -0.622461 -0.083946 -0.115997 -0.096458 0
-0.113153 0.265486 0.608231 0.070579 1.529255 -0.061942 0.855661 0.387378 0.208059 0
-0.854505 -0.421950 -0.065493 -0.130226 0.574050 -0.567388 0.142987 -0.008749 -0.047739 1
0.016875 -0.238596 -0.198420 -0.203434 0.079630 -0.481994 -0.175909 -0.126750 -0.132635 0
1.880815 0.616679 -0.247181 -0.278682 0.342000 -0.680786 -0.005357 -0.105470 -0.121655 0
1.077395 0.253808 -0.099564 -0.241210 -0.106576 -0.534206 -0.075169 -0.072833 -0.129256 0
-0.368745 -0.256336 -0.065594 -0.201407 -0.065426 0.773991 -0.032890 -0.065719 -0.114075 0
-1.308160 -0.547699 -0.204377 -0.222379 -0.166980 -0.459142 -0.343780 -0.234025 -0.173786 0
0.415100 -0.156382 -0.059359 -0.008656 -0.163682 0.134985 -0.279315 -0.189577 -0.138554 0
2.694667 1.234964 -0.194006 -0.260192 -0.863758 -0.604973 0.523110 0.137520 -0.058415 0
-0.128120 -0.357122 -0.267888 -0.130549 -0.516729 1.164581 -0.343053 -0.165595 -0.132436 0
0.858294 0.710719 0.518077 0.074734 0.993649 -0.265576 0.466227 0.187021 0.085244 0
-0.086886 -0.300840 -0.439571 -0.293394 -0.818939 2.591371 -0.384908 -0.289449 -0.239099 0
0.675428 -0.124635 -0.437096 -0.172970 -0.464293 0.010055 -0.363457 -0.244469 -0.180518 0
0.890999 -0.029143 -0.278857 -0.202210 0.685392 0.266912 -0.040376 -0.135294 -0.176095 0
1.455403 0.328293 -0.077309 -0.137006 0.228447 0.444130 -0.039464 -0.069504 -0.112936 0
0.183255 0.368967 0.784146 0.206176 2.084188 -0.627178 0.269533 0.161545 0.091713 0
1.482770 0.467533 -0.392320 -0.382226 1.131380 -0.323989 0.152435 -0.124132 -0.169791 0
-1.244081 -0.550028 -0.288120 -0.173645 -0.085016 -0.490258 -0.232012 -0.158791 -0.109757 0
1.428245 0.066403 -0.334169 -0.183971 -0.808194 -0.070214 -0.448713 -0.269584 -0.185946 0
0.112930 -0.038970 0.445703 0.118960 0.111465 -0.467116 0.039485 0.033440 -0.035391 0
0.556504 -0.130038 -0.384771 -0.268727 -0.402315 -0.680405 -0.296965 -0.173253 -0.146240 0
-1.436191 -0.571061 0.019201 -0.034750 -0.210498 0.036289 -0.225684 -0.155317 -0.127633 0
0.241108 -0.021111 0.145275 -0.026157 -0.257310 0.035291 -0.128796 -0.068860 -0.053782 0
1.348575 0.153499 -0.262616 -0.109024 -0.959532 0.933404 -0.318875 -0.171639 -0.102826 0
0.153160 0.413616 0.700109 0.143525 1.223548 -0.646035 0.284862 0.175147 0.103202 0
-1.321771 -0.477739 0.537417 0.156684 -0.042402 -0.147038 0.268207 0.145633 0.079876 0
-1.763554 -0.630663 -0.357089 -0.253841 -0.407217 -0.253929 -0.341242 -0.182650 -0.156448 0
-0.152283 0.147393 1.119455 0.565398 0.510997 -0.420819 0.382325 0.258297 0.108220 0
0.229358 -0.175181 -0.280390 -0.198490 0.436759 -0.607513 -0.087381 -0.142117 -0.160540 0
0.158134 -0.242491 -0.436108 -0.337395 -1.064026 -0.580998 -0.558322 -0.280086 -0.210246 0
0.655911 2.234327 4.254231 4.759503 1.702424 0.548780 1.974838 2.025353 2.359754 0
0.999348 0.747191 0.472010 0.090955 -0.392138 -0.580037 0.456492 0.266379 0.179664 0
-1.002987 -0.526806 -0.469957 -0.241399 -0.831962 1.189253 -0.483620 -0.277711 -0.197680 0
0.147098 0.340451 1.289574 0.706974 -0.337523 1.568581 0.181805 0.186259 0.204716 0
1.265561 1.094647 0.282856 -0.148922 1.110135 -0.349644 0.644229 0.326236 0.093312 0
1.213448 1.714397 1.179584 0.553206 0.290917 0.210036 0.333496 0.462879 0.501256 0
0.234638 -0.217803 -0.357122 -0.242165 0.323685 -0.310319 -0.112350 -0.132524 -0.149104 0
-0.106017 -0.260035 -0.242630 -0.166859 0.457733 -0.252173 -0.066486 -0.075472 -0.076609 0
1.395703 1.320653 0.822243 0.246660 1.556718 -0.252935 0.841740 0.568872 0.377355 0
-1.337844 -0.570450 -0.447887 -0.319781 -0.359708 0.873972 -0.340416 -0.221807 -0.187649 0
-1.252108 -0.559661 -0.371785 -0.260374 0.415881 -0.206473 -0.117560 -0.092810 -0.151882 0
-1.368370 -0.517706 0.598631 0.327531 0.032000 -0.603798 0.210103 0.092347 0.010208 0
-1.650077 -0.612373 -0.202600 -0.171402 0.028322 -0.692325 -0.260600 -0.198779 -0.181839 0
1.337696 0.749113 0.339705 0.027728 0.875542 -0.389437 0.200740 0.114169 0.074319 0
0.319953 -0.145775 -0.336173 -0.277881 0.088196 -0.431947 -0.206717 -0.235759 -0.211645 0
0.116774 -0.237788 -0.468933 -0.277327 0.248988 -0.002801 -0.192527 -0.157819 -0.146295 0
-1.424757 -0.583731 -0.051450 -0.010890 -0.397616 -0.404934 -0.430889 -0.268977 -0.155446 0
1.110052 0.195804 -0.279740 -0.277922 0.248061 0.434206 -0.210376 -0.176448 -0.164814 0
-1.239221 -0.572503 -0.565700 -0.305624 -0.376828 2.248189 -0.334984 -0.236339 -0.205207 0
0.315970 0.419826 1.132086 0.492207 -0.367674 0.015971 0.793304 0.465606 0.256899 0
-0.215725 -0.300099 -0.340926 -0.267843 0.073260 -0.554248 -0.310221 -0.210279 -0.155918 0
-1.797407 -0.636176 -0.214581 -0.045733 0.282948 -0.547816 -0.153632 -0.134443 -0.134443 0
1.156029 0.481914 0.095599 -0.140863 -0.048026 -0.673424 0.046248 -0.030970 -0.063203 0
-1.691519 -0.625770 -0.033392 -0.015612 0.152891 -0.343960 -0.213431 -0.186360 -0.175337 0
1.110913 0.097201 -0.260085 -0.224757 0.483793 -0.179607 -0.198129 -0.193800 -0.179049 0
0.563828 0.470917 0.653265 0.171706 -0.573560 1.658703 0.488314 0.151652 0.018922 0
0.630581 0.042817 -0.274004 -0.230619 -0.145952 0.534342 -0.168065 -0.164253 -0.123175 0
-1.336987 -0.457592 2.043907 1.813590 -1.032485 -0.370578 0.398627 0.526183 0.588711 1
-1.545176 -0.600789 -0.265876 -0.240077 0.195593 1.189881 -0.075252 -0.127739 -0.198165 0
-0.745066 -0.425649 -0.319800 -0.324344 -0.047632 -0.080821 -0.309071 -0.202093 -0.174969 0
2.122639 1.190793 -0.060432 -0.262256 0.284201 3.030105 0.008368 -0.070987 -0.105092 0
1.780190 0.371800 -0.435562 -0.378820 0.574796 -0.189427 0.004680 -0.117838 -0.206374 0
1.736849 0.718703 -0.422604 -0.432171 1.720784 -0.681375 0.436964 -0.002420 -0.187294 0
2.129304 2.691200 0.873765 0.259142 0.515154 -0.621533 0.794189 0.330776 0.249212 0
-1.395634 -0.492366 0.692911 0.225158 0.783827 -0.629484 0.266000 -0.000931 -0.087731 0
-0.637355 -0.360959 -0.118278 -0.233975 -0.984130 -0.650685 -0.327349 -0.252532 -0.166979 1
-0.832012 -0.235682 0.854787 0.365783 1.231425 -0.164975 0.637009 0.374496 0.215476 1
0.366247 0.668023 1.758543 1.254895 0.435814 0.119907 1.027983 0.919991 0.871749 0
-1.037859 -0.481959 -0.303009 -0.289707 -0.292924 -0.401958 -0.114620 -0.198956 -0.194173 0
0.886211 -0.034168 -0.469773 -0.344911 -0.502871 -0.690192 -0.374721 -0.257193 -0.219976 0
-0.010703 0.388393 1.564279 0.904776 0.539961 -0.410178 1.352338 1.006091 0.758973 1
-0.251485 -0.334847 -0.451983 -0.304193 0.207696 -0.476568 -0.224064 -0.174870 -0.186182 0
1.337859 0.557242 0.212012 -0.025251 -0.391493 -0.614474 -0.322445 -0.215262 -0.145532 0
-1.322861 -0.570022 -0.390518 -0.266150 -0.383840 1.711369 -0.406944 -0.247130 -0.200921 0
0.315127 -0.254177 -0.346186 -0.147787 -0.344515 -0.666670 -0.335570 -0.229401 -0.179693 0
-0.362665 -0.389363 -0.402271 -0.326576 -0.047482 1.403794 -0.308095 -0.199390 -0.202986 0
-0.119642 -0.304175 -0.573064 -0.365296 -1.463282 -0.502008 -0.668633 -0.447913 -0.317437 0
1.580097 0.362105 -0.435029 -0.401660 0.320940 1.332577 -0.241680 -0.216969 -0.230337 0
1.717075 3.254869 2.427317 2.018481 0.155385 1.797455 2.252711 1.974795 1.829522 0
2.283384 0.654700 -0.399682 -0.334507 0.233754 0.300205 -0.176526 -0.152607 -0.177063 0
0.946704 0.463163 1.031838 0.686179 0.726032 -0.675679 0.166245 0.311125 0.318852 0
1.010677 0.021730 -0.261737 -0.227783 -0.358729 -0.360619 -0.387087 -0.260627 -0.211682 0
1.279720 0.387028 0.290077 0.119132 -0.095443 -0.567541 -0.339740 -0.221126 -0.145766 0
-0.348478 0.351446 2.023236 1.308383 -0.316155 -0.622956 1.927600 1.300059 0.897734 0
-1.390539 -0.584868 -0.368364 -0.218928 0.319843 -0.454117 -0.159066 -0.184143 -0.176489 0
0.440059 -0.187175 -0.327055 -0.148907 -0.543122 0.281516 -0.370201 -0.230311 -0.164108 0
-0.237411 -0.371731 -0.314655 -0.163127 -0.523075 -0.514073 -0.463359 -0.281762 -0.195998 0
-1.221601 -0.301995 1.190854 0.553571 1.385811 -0.412321 1.354798 0.905420 0.621807 0
-1.152050 -0.484815 0.081967 -0.064542 0.820326 -0.691685 0.197216 -0.033188 -0.074910 1
1.341777 0.271652 -0.295354 -0.327846 -0.077807 -0.690278 -0.118355 -0.163110 -0.178309 0
0.066203 -0.284065 -0.126730 -0.084555 -0.699689 3.435366 -0.485956 -0.269544 -0.187073 0
-0.320349 -0.382406 -0.344851 -0.220292 0.498350 -0.374940 -0.060775 -0.156153 -0.174795 0
-2.189471 -0.679193 -0.322558 -0.245700 -0.941321 -0.011510 -0.542005 -0.297220 -0.201608 0
1.861098 0.394950 -0.536223 -0.389962 0.296008 -0.294554 0.022977 -0.100843 -0.159134 0
-1.595644 -0.597201 0.111202 0.023928 -0.137262 -0.409122 -0.205447 -0.137593 -0.103575 0
0.909886 0.334777 0.010694 -0.181654 1.175441 1.228183 0.068036 -0.112491 -0.172190 0
1.274969 0.916031 0.164000 -0.150104 0.630083 0.103485 0.170693 0.042628 -0.009167 0
-0.010201 -0.242063 -0.310430 -0.261282 -0.447138 1.224556 -0.262595 -0.206021 -0.185354 0
-0.477050 -0.421012 -0.553093 -0.300089 -0.059450 -0.522586 -0.391768 -0.231152 -0.185305 0
-0.011101 -0.164089 -0.297864 -0.328605 1.107339 -0.566704 0.061575 -0.123681 -0.195806 0
-0.820785 -0.355909 -0.001137 -0.186433 -0.232288 -0.624715 -0.111495 -0.109628 -0.099990 0
0.214644 -0.247524 -0.307665 -0.204127 -0.106481 2.749051 -0.196647 -0.151923 -0.151312 0
0.784999 0.139910 -0.027383 -0.168786 0.346274 0.246785 -0.103805 -0.141722 -0.140169 0
-0.961406 -0.430288 0.337487 0.114220 0.282962 -0.658187 -0.311124 -0.201219 -0.139121 0
-1.095067 -0.418780 0.450712 0.106452 -0.381132 -0.531772 0.154523 0.073389 0.023009 0
-1.521171 -0.596966 0.436263 0.346390 -0.910903 -0.680091 -0.134323 -0.132689 -0.104587 0
-1.187594 -0.480855 0.039103 -0.165928 0.387156 0.403401 0.236495 -0.012531 -0.113939 0
0.182310 -0.101911 -0.237122 -0.268351 0.223534 -0.679056 0.034750 -0.081470 -0.122213 0
0.280497 -0.199744 -0.247694 -0.197620 -0.755244 -0.613287 -0.463886 -0.279253 -0.192033 0
1.053167 0.362645 -0.087675 -0.225964 0.065692 -0.692111 0.130266 -0.014277 -0.067588 0
-0.058056 0.222445 1.376079 0.914912 1.608892 -0.432675 0.484392 0.523939 0.539308 0
0.337522 -0.220167 -0.534502 -0.326877 -0.486727 -0.503136 -0.515529 -0.341968 -0.250530 0
-0.878543 -0.354532 -0.029580 -0.275779 0.404414 -0.231559 0.229044 -0.077558 -0.167615 1
0.007428 -0.279185 0.004586 0.044126 -0.026010 0.482583 -0.265314 -0.213668 -0.180548 0
-0.335324 -0.372770 -0.315309 -0.243440 0.100972 -0.179928 -0.230230 -0.232194 -0.221956 0
-1.281488 -0.521078 -0.173827 -0.236165 -0.051860 -0.319545 -0.331321 -0.254417 -0.214803 0
-0.974417 -0.506030 -0.231087 -0.125592 0.250898 1.802281 -0.119230 -0.155012 -0.142510 0
-1.622923 -0.611410 -0.280274 -0.230419 -0.058675 0.930356 -0.236934 -0.232460 -0.231323 0
1.623475 0.366863 -0.276585 -0.259086 -0.403286 0.110406 -0.489108 -0.328716 -0.216951 0
0.572280 0.906370 1.603284 0.960469 -0.395982 -0.296851 0.845146 0.803104 0.744158 0
-0.905330 -0.466211 0.069733 0.024434 -0.347439 0.244698 -0.366525 -0.260150 -0.185206 0
-0.063516 -0.370249 -0.454328 -0.208358 -0.540500 -0.645667 -0.506634 -0.312407 -0.204036 0
0.897115 0.714459 0.548339 0.079893 -0.212843 -0.597104 0.531235 0.279357 0.102440 1
-1.046496 -0.478092 0.117706 0.014899 0.305380 -0.567448 0.009342 -0.112999 -0.121008 0
1.512101 0.743143 -0.001362 -0.173329 1.171583 -0.688815 0.109983 -0.095383 -0.145155 0
-1.194611 -0.538794 -0.517511 -0.357718 0.046036 -0.640917 -0.229875 -0.231875 -0.225963 0
0.293448 -0.177336 -0.433709 -0.369506 -0.235826 -0.484073 -0.266826 -0.185978 -0.189598 0
-0.509750 -0.439865 -0.510862 -0.333011 -0.551064 0.428353 -0.423973 -0.266233 -0.222981 0
0.038917 -0.284142 -0.194663 -0.179889 -0.126035 -0.569828 -0.355132 -0.252681 -0.209335 0
-0.476390 0.209414 2.806758 2.437980 -1.191767 -0.497708 1.928608 1.480406 1.095753 0
-0.472682 -0.410056 -0.414960 -0.272866 -0.448316 -0.692187 -0.312904 -0.230600 -0.214658 0
-0.908699 -0.340329 0.245988 -0.045167 -0.393164 0.543927 -0.104313 -0.160510 -0.109349 0
-0.386822 -0.387883 -0.368251 -0.204611 -0.753875 -0.571926 -0.390345 -0.225767 -0.141299 0
0.581361 -0.163918 -0.577235 -0.376032 -0.507571 3.540656 -0.289059 -0.253035 -0.241709 0
0.068723 -0.244298 -0.438278 -0.217920 -0.373684 0.702170 -0.331137 -0.241907 -0.169184 0
-0.211044 -0.154681 -0.070469 -0.258201 -0.883273 -0.693169 -0.072409 -0.261418 -0.204932 1
-0.999745 -0.385471 -0.083264 -0.289066 -0.716996 -0.504694 0.081182 -0.131865 -0.192543 0
0.102241 -0.218481 -0.147513 -0.192932 0.244458 -0.693088 -0.233368 -0.185386 -0.187770 0
0.726764 0.595864 0.512617 0.042570 1.100760 2.861118 0.391692 0.078947 -0.027770 0
-0.264600 -0.037450 1.397604 1.153149 -0.931283 -0.449044 0.608469 0.282998 0.172058 0
0.216123 -0.081815 -0.004908 -0.064474 -0.303628 -0.687625 -0.347038 -0.190577 -0.122421 0
-1.252462 -0.564076 -0.300825 -0.168783 -0.111722 -0.369934 -0.296492 -0.224765 -0.191994 0
-1.322048 -0.591306 -0.466345 -0.186560 0.131118 2.106969 -0.179962 -0.186847 -0.161625 0
-0.047437 -0.279174 0.005336 -0.089671 -0.678089 -0.137352 -0.058480 -0.119307 -0.153096 0
-1.443155 -0.618717 -0.519184 -0.167351 -0.610498 -0.644132 -0.454756 -0.295749 -0.208525 0
-1.535624 -0.562225 0.016152 -0.161196 -0.005876 0.843795 -0.080920 -0.176736 -0.185160 0
-0.843187 -0.328082 -0.127143 -0.276753 1.351770 -0.119311 0.610274 0.154764 -0.062616 0
-0.305874 -0.175858 0.083785 -0.181945 0.619914 -0.677167 0.165425 0.041448 -0.029532 0
0.897202 0.147586 -0.427996 -0.367761 0.259145 -0.644314 -0.091596 -0.162084 -0.165195 0
-1.217650 -0.531932 -0.411870 -0.378975 -0.721407 -0.526221 -0.281137 -0.276832 -0.202512 0
0.287154 0.066446 0.718253 0.413188 -0.202200 -0.592740 0.377850 0.255608 0.157637 0
-0.674093 -0.371043 -0.158013 -0.253035 -1.328463 -0.691368 0.057311 -0.099285 -0.194137 0
0.674864 -0.012824 -0.535704 -0.413440 -0.003596 -0.474106 -0.372189 -0.241777 -0.206515 0
-1.149317 -0.520028 -0.336549 -0.246644 0.311914 0.675604 -0.236822 -0.202558 -0.166536 0
-0.561973 -0.445147 -0.411736 -0.320122 -0.352162 -0.367828 -0.317210 -0.264571 -0.251066 0
0.988804 0.804338 0.934190 0.483112 -0.508236 -0.431241 1.021892 0.524377 0.275999 0
-1.182847 -0.547664 -0.361296 -0.219616 -1.046610 -0.391151 -0.553798 -0.282812 -0.168144 0
-0.067929 -0.173987 -0.253339 -0.301932 -0.453561 -0.444944 -0.309069 -0.243499 -0.186569 0
0.353852 -0.149639 -0.285446 -0.232881 -0.399605 -0.654025 -0.354931 -0.249626 -0.188376 0
-0.079781 -0.338285 -0.430526 -0.248110 -0.069658 0.533748 -0.331369 -0.260439 -0.199938 0
0.688759 -0.029570 -0.537723 -0.394874 -0.268855 -0.524289 -0.226232 -0.199867 -0.191998 0
0.477933 0.278990 0.344505 -0.020232 0.266168 2.104203 0.419008 0.057877 -0.075504 0
0.851579 0.209848 -0.060515 -0.210064 0.168237 1.189168 -0.127565 -0.219607 -0.255776 0
0.363695 -0.032462 -0.241030 -0.281392 0.098434 1.051524 -0.255783 -0.216366 -0.207062 0
0.633334 1.885942 2.598137 1.959116 -0.274713 -0.667540 2.141077 2.104665 1.943052 0
0.311800 -0.233951 -0.640887 -0.404226 -0.344084 1.683350 -0.488723 -0.337744 -0.272712 0
0.333016 0.019489 -0.204885 -0.293310 1.603836 -0.264732 0.171370 -0.072134 -0.197334 0
-1.833069 -0.653024 -0.317088 -0.216760 -0.088243 2.682060 -0.328441 -0.260755 -0.217030 0
-1.269386 -0.553390 -0.181370 -0.130670 -0.554852 -0.606574 -0.377835 -0.249827 -0.193826 0
0.374796 -0.219488 -0.520360 -0.339535 0.222050 -0.640150 -0.279718 -0.232405 -0.209962 0
-1.561233 -0.621362 -0.370695 -0.235906 0.007543 -0.570796 -0.317391 -0.275213 -0.237553 0
0.561686 0.008179 -0.323008 -0.333117 0.454103 0.137009 -0.057136 -0.144977 -0.175015 0
1.061541 0.112573 -0.401962 -0.365829 -0.400687 -0.471105 -0.349614 -0.287313 -0.262751 0
0.205666 -0.129966 -0.282399 -0.315472 -0.080822 0.148886 -0.210735 -0.168758 -0.197784 0
1.057123 -0.036373 -0.447045 -0.273302 -0.927608 0.358981 -0.578232 -0.342724 -0.248332 0
-0.764927 -0.473694 -0.311007 -0.119139 -0.770831 -0.692564 -0.446907 -0.259540 -0.168986 0
0.991977 0.023637 -0.033310 -0.045934 0.036122 -0.347343 -0.391198 -0.273485 -0.216630 0
0.423922 -0.221069 -0.429600 -0.279173 -0.336760 -0.181196 -0.373609 -0.260338 -0.224846 0
0.169549 -0.279193 -0.321777 -0.186130 -0.482795 0.018570 -0.507255 -0.332145 -0.221721 0
0.837640 -0.036634 -0.413058 -0.335762 -0.475015 -0.558964 -0.505374 -0.297175 -0.217032 0
-1.412343 -0.486110 0.849659 0.444362 -0.369144 -0.564925 0.042126 0.047110 0.038304 0
-0.189572 0.331306 1.686975 1.120850 -0.605488 -0.402867 1.742810 1.276365 0.934153 0
-1.751442 -0.644800 -0.453225 -0.283323 -0.485425 -0.692924 -0.480035 -0.335370 -0.247834 0
1.087750 0.331222 -0.170811 -0.229395 0.419155 -0.631458 -0.110527 -0.194237 -0.198562 0
0.441380 -0.125501 -0.174515 -0.129369 -0.769069 -0.504963 -0.538969 -0.335568 -0.210852 0
-1.162455 -0.539464 -0.275739 -0.207895 -0.166771 0.361209 -0.357320 -0.249911 -0.191139 0
-0.885668 -0.410581 -0.237255 -0.332637 -0.463917 0.122426 -0.297313 -0.227622 -0.183988 0
-0.320150 0.147370 2.913560 2.673174 2.747845 -0.690192 1.624341 1.480982 1.361766 0
-0.796247 -0.375029 -0.180130 -0.257560 0.492511 -0.584306 0.089355 -0.139376 -0.161647 0
0.591721 -0.069155 -0.328883 -0.244476 -0.881814 1.389566 -0.510835 -0.341986 -0.230369 0
0.413142 0.328402 0.763415 0.254532 -0.185383 -0.570494 0.731737 0.437451 0.220187 0
-0.147450 -0.324200 -0.340257 -0.265762 -0.628257 0.008326 -0.396729 -0.291164 -0.226261 0
-0.915132 -0.431483 -0.387029 -0.384722 -0.662610 -0.580944 -0.308062 -0.235347 -0.216095 0
1.204495 0.069454 -0.521505 -0.321008 -0.063293 -0.336961 -0.406746 -0.293235 -0.217831 0
-0.405568 -0.237282 -0.091910 -0.255463 -1.021568 -0.313898 -0.164987 -0.237865 -0.169088 0
-0.365054 -0.152810 0.367052 0.038129 0.099398 -0.493717 0.699263 0.295328 0.115635 1
0.122266 -0.028449 0.120821 -0.100050 1.825618 -0.672428 0.236874 0.018557 -0.066655 0
0.400978 0.031803 -0.163906 -0.251206 0.389050 -0.068605 -0.083818 -0.123075 -0.130917 0
-1.003699 -0.322527 0.448986 0.032623 -0.750785 1.747738 0.699150 0.249119 0.078895 1
-0.068747 -0.039490 -0.016977 -0.203605 0.017794 -0.493858 -0.178362 -0.183628 -0.130124 0
-0.715803 -0.383450 -0.308833 -0.310551 0.153301 -0.640857 -0.241231 -0.229466 -0.204254 0
-0.523968 -0.442145 -0.462081 -0.242040 0.074750 -0.267380 -0.230184 -0.203863 -0.177264 0
0.157682 -0.229970 -0.497927 -0.379194 -0.344221 -0.689113 -0.398974 -0.261178 -0.244446 0
0.349402 -0.335154 -0.781286 -0.378256 -0.787786 0.673569 -0.558153 -0.376140 -0.283160 0
-1.816672 -0.632554 -0.114815 -0.078015 -0.427105 -0.578907 -0.373314 -0.245175 -0.187082 0
0.131900 -0.298990 -0.498446 -0.294540 -0.901637 1.916324 -0.447439 -0.281788 -0.225894 0
1.184533 0.342011 -0.073600 -0.205117 0.285336 -0.554491 0.036894 -0.100188 -0.122466 0
0.545364 1.230412 1.314483 0.537508 1.363346 0.265929 1.793821 1.140794 0.726081 0
1.170088 0.123018 -0.409330 -0.343795 0.216915 -0.066690 -0.090222 -0.138548 -0.178525 0
0.554251 -0.166717 -0.435395 -0.285419 -0.710788 -0.570908 -0.475349 -0.300077 -0.217161 0
0.479711 -0.134664 -0.507311 -0.382433 0.406404 -0.688780 -0.099349 -0.191973 -0.213464 0
0.607204 -0.104206 -0.334439 -0.234266 -0.439495 -0.367883 -0.429441 -0.259953 -0.169199 0
-1.181771 -0.522824 -0.235304 -0.281754 0.629939 -0.684078 -0.104688 -0.158429 -0.205168 0
-0.691909 -0.434733 -0.313906 -0.270593 0.319218 2.414733 -0.135605 -0.185412 -0.192124 0
-1.483276 -0.592771 -0.291101 -0.225467 -0.759226 -0.354961 -0.476988 -0.271582 -0.213300 0
-0.033599 -0.296882 -0.434754 -0.359010 -0.326689 -0.258361 -0.394031 -0.275029 -0.245278 0
-0.946474 -0.470257 0.014148 -0.082864 0.236591 -0.599219 -0.325933 -0.268111 -0.206513 0
-0.875235 -0.506313 -0.385650 -0.265612 -0.737197 -0.178710 -0.503947 -0.310021 -0.227347 0
-0.606815 -0.305256 1.290391 1.385601 -1.466339 1.150932 -0.293744 -0.034178 0.156142 0
-1.038215 -0.454470 0.199794 0.017980 0.115700 -0.660000 -0.180630 -0.203295 -0.093171 0
0.281944 -0.150210 -0.088064 -0.148416 -0.336466 -0.606941 -0.278484 -0.248834 -0.211598 0
-0.046141 -0.298720 -0.385950 -0.253977 -0.572728 0.796392 -0.544736 -0.319635 -0.223301 0
-0.095118 -0.155967 0.035165 -0.167995 1.384832 -0.671703 0.324744 -0.034071 -0.140434 0
-0.040615 0.207827 0.628079 0.060569 2.121799 0.922789 0.513887 0.238073 0.066672 0
0.700425 -0.066456 -0.407752 -0.352294 -1.417036 0.506629 -0.415177 -0.256026 -0.231631 0
-0.027954 -0.281453 -0.183735 -0.109586 -0.193750 1.265389 -0.323257 -0.265820 -0.210038 0
0.646883 0.893030 1.029095 0.410665 1.507089 -0.643860 0.448234 0.425620 0.373586 0
-0.149357 -0.116285 -0.330991 -0.429230 -0.259493 0.101910 -0.110385 -0.265967 -0.274649 0
-0.508566 -0.108021 1.435024 0.962421 -1.085604 -0.112081 0.573731 0.480612 0.416465 0
-1.064452 -0.470207 -0.231301 -0.242777 0.128457 -0.690198 -0.158135 -0.177514 -0.195130 0
-0.710150 -0.340332 -0.259115 -0.345305 -0.314569 0.038728 -0.162085 -0.242152 -0.201080 0
-1.014998 -0.515265 -0.642312 -0.462918 -0.089833 0.388163 -0.331428 -0.281098 -0.251813 0
0.596951 -0.109797 -0.325137 -0.264601 -1.230557 -0.656738 -0.544117 -0.385971 -0.323522 0
0.293014 -0.241593 -0.685051 -0.397470 -0.589949 -0.540346 -0.481738 -0.321246 -0.250636 0
0.199213 -0.121187 -0.030828 -0.116260 -0.022728 -0.421343 -0.179619 -0.177769 -0.168028 0
-1.315419 -0.517514 -0.084390 -0.253307 1.323367 -0.472399 0.130543 -0.139555 -0.230150 1
1.128859 1.310598 1.000106 0.329061 0.648183 1.290616 0.529111 0.403734 0.250662 0
-1.203252 -0.546089 -0.584067 -0.426693 -0.500114 1.134824 -0.514059 -0.331119 -0.268768 0
-1.063134 -0.402548 1.293111 0.989256 -0.513044 -0.577705 0.471186 0.383518 0.350039 0
1.860819 0.461421 -0.303332 -0.218878 0.217058 1.502202 -0.317143 -0.244215 -0.203786 0
1.423780 0.213348 -0.341570 -0.298205 -0.802101 -0.691340 -0.566721 -0.331694 -0.228582 0
-1.089141 -0.389111 1.058965 0.568284 0.342162 -0.489540 0.633546 0.284663 0.175193 1
0.580825 -0.111748 -0.486292 -0.370382 -1.917475 -0.653215 -0.371090 -0.252303 -0.226266 0
-0.065616 0.222020 0.596248 0.040672 1.404234 1.907240 0.548869 0.254479 0.076507 1
1.467586 0.398131 -0.278389 -0.295248 0.181726 -0.202041 -0.136832 -0.220474 -0.213587 0
-0.375333 0.061260 1.619815 1.143197 0.784851 -0.129369 1.083985 0.732391 0.615304 0
-0.559349 -0.412478 -0.260087 -0.202940 0.299851 1.088093 -0.167471 -0.172312 -0.165514 0
-0.912516 -0.289298 -0.101544 -0.352995 0.046687 -0.156433 0.395817 0.101883 -0.115749 1
0.374330 -0.253252 -0.498078 -0.316202 -0.279492 -0.500988 -0.520294 -0.321725 -0.239019 0
-0.512982 -0.343493 -0.097475 -0.168670 -1.972711 -0.253165 -0.102043 -0.087306 -0.132718 0
-0.010615 -0.382359 -0.733343 -0.431709 -0.318200 -0.669531 -0.425184 -0.282579 -0.256015 0
-0.525418 -0.445066 -0.551883 -0.330326 -0.167541 -0.208586 -0.379082 -0.257098 -0.206446 0
-1.855423 -0.633881 -0.340178 -0.310780 0.225306 -0.615170 -0.121152 -0.175675 -0.205565 0
-0.483119 -0.443838 -0.441758 -0.268402 -0.874167 -0.575917 -0.554657 -0.347254 -0.235075 0
-1.406119 -0.581589 -0.365302 -0.221635 -0.036483 2.083219 -0.351445 -0.271226 -0.212897 0
1.500711 0.488591 -0.073851 -0.179224 0.349274 0.213246 -0.100675 -0.141625 -0.123265 0
0.759345 -0.039645 -0.471068 -0.369615 -0.331288 -0.558853 -0.329523 -0.239889 -0.223213 0
0.139397 0.260200 0.583339 0.050062 -0.680054 4.120860 0.264008 0.128949 0.001962 0
-1.186116 -0.498182 -0.102185 -0.202810 -0.033744 0.083561 -0.103048 -0.136913 -0.180132 0
-0.573963 -0.246769 -0.296176 -0.400156 1.737647 0.739741 0.431669 0.042678 -0.134652 1
0.061185 -0.256558 -0.308403 -0.256015 -0.853565 -0.682413 -0.427863 -0.277123 -0.215096 0
-1.304908 -0.431426 1.197373 0.729244 0.773501 -0.358867 0.604637 0.433189 0.331950 0
1.442646 0.388081 -0.392229 -0.360383 1.000898 0.152812 0.293551 -0.070918 -0.171604 0
0.161410 -0.227686 -0.612066 -0.476922 -0.080406 0.797006 -0.305463 -0.249114 -0.269227 0
0.875960 0.412879 -0.151147 -0.340270 1.315146 -0.507353 0.623795 0.076268 -0.140991 0
1.232396 0.118607 -0.379527 -0.301661 -0.373061 -0.655154 -0.585829 -0.354492 -0.230551 0
0.097428 -0.257195 -0.390908 -0.304441 0.123371 -0.284056 -0.175903 -0.160961 -0.200355 0
1.886880 1.050480 -0.021567 -0.230178 0.149889 -0.689658 0.108633 -0.117291 -0.135068 0
-0.612319 -0.489049 -0.685869 -0.339492 -0.548013 -0.639217 -0.587264 -0.357993 -0.252949 0
1.270327 1.474894 2.020587 1.468363 -0.809039 -0.580660 0.938011 0.842201 0.646858 0
1.247745 0.074440 -0.487008 -0.338377 -0.290083 0.465513 -0.349273 -0.281901 -0.234858 0
-0.043261 0.238702 1.522871 0.911697 0.229429 0.420330 0.994791 0.911082 0.695216 0
0.201374 -0.240412 -0.538797 -0.381683 -0.266561 -0.485102 -0.452880 -0.289843 -0.221714 0
-1.556910 -0.601013 -0.326745 -0.271392 -1.135466 -0.513111 -0.642760 -0.362099 -0.254429 0
-0.380658 -0.230660 -0.008041 -0.204827 -0.707068 -0.669918 -0.394052 -0.238613 -0.197287 0
0.877323 -0.090628 -0.410448 -0.270605 -0.913339 -0.327861 -0.566455 -0.345451 -0.229337 0
-0.154492 -0.330017 -0.503704 -0.342221 -0.547319 -0.196260 -0.552725 -0.361269 -0.296618 0
-1.154709 -0.388112 1.764847 1.572551 -1.065492 3.588512 0.317417 0.294350 0.318567 0
0.631124 -0.161038 -0.531119 -0.306063 -0.223734 1.804065 -0.373402 -0.294886 -0.236488 0
-1.528383 -0.613445 -0.214211 -0.080805 -0.804828 -0.591029 -0.584051 -0.349252 -0.222275 0
0.217635 0.157439 0.674969 0.217227 0.786673 -0.590037 0.370479 0.212736 0.147536 0
-0.355056 -0.412414 -0.468012 -0.299086 -0.722859 -0.691186 -0.525003 -0.315209 -0.218970 0
0.965113 0.237993 -0.480024 -0.449166 1.168183 0.085909 0.062581 -0.221124 -0.229550 0
-1.038781 -0.423823 -0.083175 -0.270210 1.506383 -0.678474 0.527117 0.068129 -0.164777 1
-0.525573 -0.408429 -0.453350 -0.390921 -0.097622 -0.668209 -0.451202 -0.317802 -0.267721 0
1.831263 0.250627 -0.628978 -0.396223 -0.026455 -0.445707 -0.249900 -0.242679 -0.229774 0
0.357454 -0.219588 -0.634111 -0.424817 -0.334352 -0.672681 -0.561718 -0.376123 -0.307335 0
-0.235064 -0.304489 -0.353714 -0.292877 0.652408 1.083412 -0.033677 -0.179090 -0.216625 0
1.614141 0.522601 -0.245953 -0.323119 0.245685 -0.520188 0.051660 -0.146742 -0.195341 0
0.213577 -0.010210 -0.185955 -0.304582 -0.287879 2.718349 -0.079821 -0.277547 -0.189216 0
-1.030880 -0.519467 0.003511 -0.036946 -0.436654 0.731433 -0.132261 -0.250335 -0.219297 0
1.128828 0.122906 -0.373063 -0.332482 0.696095 2.334240 0.018152 -0.128141 -0.212100 0
-1.172819 -0.482395 0.032216 -0.164577 1.428522 -0.069058 0.221753 -0.023330 -0.120199 0
0.959568 -0.005653 -0.498128 -0.348938 -0.861743 -0.186005 -0.548981 -0.329540 -0.232711 0
-1.382155 -0.522974 0.320800 0.095245 0.005207 2.441560 0.062418 -0.145582 -0.182418 0
-0.695127 -0.427287 -0.522448 -0.394229 0.333131 -0.291616 -0.106753 -0.210317 -0.244216 0
0.705313 -0.093958 -0.308457 -0.179768 -0.595793 -0.681367 -0.555260 -0.366884 -0.272380 0
-0.735561 -0.430117 -0.082519 -0.068636 -0.043367 -0.239607 -0.273822 -0.261313 -0.242838 0
0.440000 -0.211531 -0.423994 -0.292361 -0.293374 0.151217 -0.333460 -0.254691 -0.228805 0
0.455341 -0.071595 -0.237280 -0.236014 -0.306037 -0.050050 -0.499515 -0.308586 -0.238206 0
-1.245850 -0.550063 -0.172665 -0.186688 0.066571 -0.056424 -0.169155 -0.181078 -0.175662 0
-0.528100 -0.417083 -0.371176 -0.255923 0.166368 1.122865 -0.401641 -0.309583 -0.240840 0
0.613726 -0.124813 -0.469436 -0.279029 -0.098054 -0.484890 -0.289142 -0.265829 -0.204097 0
-0.952860 -0.513735 -0.528620 -0.408576 0.641222 -0.168992 -0.008582 -0.184288 -0.238984 0
0.111505 -0.105300 -0.106228 -0.194031 -0.119380 -0.615407 -0.311561 -0.248869 -0.175514 0
0.738069 -0.092272 -0.530734 -0.349190 -0.806639 -0.501251 -0.508210 -0.331277 -0.249759 0
-0.039511 -0.265631 -0.469756 -0.367926 0.089342 -0.686380 -0.135819 -0.150526 -0.183020 0
-1.008159 -0.540341 -0.360380 -0.206747 -0.517730 -0.374258 -0.413294 -0.277798 -0.217668 0
-0.525258 -0.286779 -0.398170 -0.442314 0.636808 -0.549266 0.106761 -0.107677 -0.233122 1
0.164456 -0.267702 -0.693279 -0.462429 0.169648 0.137022 -0.170476 -0.223640 -0.251052 0
-0.033735 -0.267997 -0.266751 -0.206056 -0.627804 -0.161222 -0.402059 -0.279455 -0.222820 0
-1.078815 -0.452314 -0.252962 -0.337234 -0.307195 -0.469557 -0.205466 -0.216890 -0.210325 0
1.236067 0.048485 -0.679264 -0.443917 -0.264658 -0.579560 -0.254445 -0.223839 -0.237088 0
1.282076 0.452174 0.007068 -0.134291 -0.256646 -0.429642 -0.414265 -0.199881 -0.070574 0
-0.376601 -0.401389 -0.415793 -0.228179 -0.688194 -0.607182 -0.456527 -0.337758 -0.231216 0
0.082222 -0.187602 -0.245484 -0.270699 -0.274062 -0.216578 -0.352631 -0.281406 -0.210596 0
0.276913 -0.097672 0.062055 -0.070321 0.240074 -0.620445 -0.154671 -0.175560 -0.176767 0
0.352874 -0.133355 -0.520295 -0.453329 -0.301896 0.337447 -0.382779 -0.313208 -0.287007 0
-0.158067 -0.352039 -0.370285 -0.270518 -0.641460 0.098527 -0.464878 -0.289341 -0.210309 0
-0.237063 -0.081549 0.407145 0.054881 0.126905 0.658796 0.546074 0.173338 0.009029 0
-1.023992 -0.526500 -0.491765 -0.322176 -0.975266 0.847390 -0.651512 -0.432285 -0.308705 0
1.330334 0.112448 -0.605566 -0.414952 -0.129486 -0.028549 -0.330655 -0.291085 -0.269707 0
0.714062 0.091869 -0.237711 -0.344664 -0.023987 0.616519 -0.236399 -0.221662 -0.236791 0
-1.430660 -0.601122 -0.588566 -0.353554 -0.947782 -0.660156 -0.584317 -0.381301 -0.282979 0
0.075419 -0.081383 0.704901 0.522648 -0.192565 -0.608188 0.258227 0.195985 0.158688 0
0.135190 -0.071628 -0.053324 -0.176424 1.476680 -0.148274 0.089319 -0.107598 -0.138375 0
1.592177 0.264314 -0.489849 -0.362316 0.335388 -0.245923 -0.183810 -0.216416 -0.217364 0
0.549716 -0.071972 -0.375729 -0.320512 0.506620 0.011187 -0.355864 -0.296979 -0.223474 0
1.786104 0.537541 -0.360359 -0.325023 0.477304 -0.492385 -0.106532 -0.192106 -0.200119 0
0.516314 0.454219 0.789853 0.306606 0.722625 -0.615515 0.116762 0.220596 0.258125 0
0.124306 -0.282704 -0.544976 -0.364055 0.452267 -0.127712 -0.263820 -0.257586 -0.248834 0
-0.164689 -0.280154 -0.269416 -0.286810 0.510584 -0.684205 -0.192988 -0.248388 -0.204535 0
0.396896 -0.183231 -0.671445 -0.418652 -0.173556 -0.354226 -0.319131 -0.261557 -0.239006 0
1.611398 0.098372 -0.650143 -0.387550 -0.237398 -0.650952 -0.465792 -0.303980 -0.263588 0
0.015839 -0.200739 -0.371696 -0.303584 -0.129506 -0.612894 -0.355874 -0.213302 -0.138005 0
-1.560193 -0.625613 -0.643919 -0.376264 0.009313 1.199058 -0.403178 -0.295731 -0.264146 0
-0.165815 -0.277993 -0.471102 -0.389766 -0.053983 0.514872 -0.365322 -0.256592 -0.208879 0
0.467930 -0.208537 -0.699501 -0.459523 -0.286214 -0.684810 -0.371645 -0.287100 -0.291189 0
0.031763 -0.157993 0.253072 0.057418 -0.335830 -0.687596 -0.239503 -0.154511 -0.066728 0
-0.288597 -0.397269 -0.644285 -0.441357 0.160124 -0.001385 -0.321129 -0.258049 -0.264528 0
0.445986 0.026699 -0.041836 -0.223027 -0.467707 -0.557626 0.159803 -0.097205 -0.189017 0
-0.169047 -0.340848 -0.609621 -0.425860 -0.068685 2.402240 -0.440392 -0.312174 -0.278213 0
0.813021 -0.135743 -0.610561 -0.372494 -0.740903 0.905638 -0.582742 -0.350079 -0.256684 0
0.673101 -0.034638 -0.398721 -0.328001 0.135554 0.464782 -0.272540 -0.264971 -0.256444 0
1.947447 0.537523 -0.634470 -0.453691 -0.115736 1.489454 -0.252764 -0.249126 -0.233842 0
0.516856 0.714000 1.215596 0.660600 -0.502724 3.323595 1.054782 0.754579 0.580369 0
-1.617070 -0.612974 -0.402954 -0.331042 -0.744866 -0.570681 -0.458702 -0.282029 -0.222701 0
0.167208 -0.318098 -0.632129 -0.375159 -0.930516 -0.141178 -0.552749 -0.379640 -0.271091 0
1.119719 0.379540 0.687149 0.420469 -1.177176 -0.268488 0.357041 0.253132 0.138210 0
0.918734 -0.046644 -0.540062 -0.406379 -0.128364 -0.534385 -0.399418 -0.303033 -0.282546 0
-1.368626 -0.610651 -0.686566 -0.316705 -0.628300 -0.424058 -0.574826 -0.369308 -0.257317 0
0.017507 -0.187795 0.071129 -0.028649 -0.298045 -0.689889 -0.357110 -0.226820 -0.162856 0
-0.986186 -0.495659 -0.459928 -0.409023 0.498823 -0.407688 -0.116575 -0.186227 -0.254288 0
-1.767590 -0.633876 -0.445840 -0.300910 0.273839 -0.693161 -0.269726 -0.271234 -0.226646 0
1.342950 0.114570 -0.618840 -0.464830 0.840624 -0.544902 -0.156688 -0.201040 -0.295194 0
2.193862 0.811272 -0.171570 -0.258101 -0.165096 0.965370 -0.104574 -0.103810 -0.130735 0
0.390939 -0.226318 -0.501507 -0.277498 -0.485031 -0.667382 -0.432370 -0.316873 -0.236175 0
-0.068034 -0.228008 -0.440242 -0.372633 -0.880426 -0.684725 -0.459074 -0.286166 -0.208320 0
-0.346364 -0.425158 -0.457283 -0.238414 -1.078222 0.093178 -0.637292 -0.384122 -0.248686 0
1.188377 0.079685 -0.367680 -0.276683 -0.409915 -0.258870 -0.320811 -0.286745 -0.265958 0
1.334595 0.220759 -0.123851 -0.113142 -0.494737 -0.440949 -0.499849 -0.366291 -0.270239 0
-0.031239 0.006608 0.622814 0.204359 -0.825085 -0.680733 -0.211628 -0.104856 -0.016233 0
-0.151944 1.872855 4.783188 4.803661 -2.002611 0.330405 4.269070 3.928169 3.600859 0
1.881739 4.607732 2.215719 1.453764 1.731875 1.861215 3.389378 2.585483 2.035246 0
0.953680 0.097797 -0.444132 -0.384670 -0.129860 0.361173 -0.152417 -0.215689 -0.220544 0
-1.537356 -0.588198 -0.280020 -0.282416 -0.613540 0.076655 -0.468378 -0.320307 -0.234113 0
0.101034 -0.241746 -0.562196 -0.357222 -0.654990 1.254782 -0.543095 -0.376643 -0.259037 0
-0.327215 0.237958 2.036791 1.378887 -1.234079 1.295332 0.909467 0.542478 0.518338 0
-0.125851 -0.310725 -0.658243 -0.459902 0.062428 0.489054 -0.198292 -0.235779 -0.257248 0
0.883200 -0.072055 -0.577137 -0.426911 -0.493902 -0.410829 -0.499532 -0.305518 -0.279459 0
0.193074 -0.124449 0.109078 -0.037312 -0.087680 -0.277392 -0.213101 -0.175640 -0.154117 0
0.060080 -0.312587 -0.428505 -0.263628 -0.898694 -0.566222 -0.598113 -0.385728 -0.275899 0
0.303835 -0.029350 -0.166286 -0.290003 0.606419 -0.589504 0.263988 -0.067642 -0.154067 0
0.105436 0.316018 2.419254 2.762505 -1.116223 -0.657559 0.139980 0.320500 0.559778 0
-0.133249 -0.334508 -0.400398 -0.290639 0.067042 2.051187 -0.237527 -0.244908 -0.238746 0
-0.620438 -0.418732 -0.490196 -0.390673 0.792167 -0.421744 -0.192898 -0.266451 -0.282266 0
-0.580164 -0.333596 -0.365685 -0.398475 -0.207378 -0.583098 -0.025383 -0.177157 -0.223385 0
-0.508232 -0.374016 -0.438809 -0.384211 -0.107551 -0.298974 -0.372564 -0.302682 -0.262333 0
0.552757 0.080641 0.014325 -0.036013 0.826025 -0.642687 -0.224774 -0.267265 -0.206591 0
-0.778715 -0.469740 -0.550264 -0.412843 -0.249477 -0.642960 -0.333741 -0.305270 -0.273032 1
-0.098449 -0.331940 -0.558798 -0.354437 -0.364692 -0.623222 -0.534933 -0.341565 -0.225356 0
0.002926 0.619807 2.331777 1.797514 -0.259902 -0.518800 0.998610 0.978172 1.052535 0
0.491894 0.256862 0.373325 -0.036874 -0.184333 -0.693157 0.089518 0.077298 -0.002429 1
0.366510 -0.247588 -0.564629 -0.314219 -0.173981 -0.581250 -0.428164 -0.337085 -0.274975 0
-0.229269 -0.297145 -0.209948 -0.239485 0.395943 -0.691612 -0.194788 -0.209851 -0.218100 0
-0.507224 -0.303635 -0.373886 -0.362972 0.405910 2.150574 0.039152 -0.133963 -0.200072 0
-0.341950 -0.347860 -0.496880 -0.348799 0.050293 -0.335262 -0.142550 -0.195371 -0.192507 0
-0.056196 -0.252139 -0.327537 -0.305481 -1.678295 -0.072219 -0.411473 -0.265310 -0.246343 0
0.602061 -0.060303 -0.500715 -0.403403 -0.171986 0.223223 -0.227721 -0.246537 -0.262923 0
0.346073 -0.283978 -0.813574 -0.478966 0.141424 -0.569997 -0.321138 -0.281454 -0.274283 0
0.704771 0.025334 -0.345233 -0.294883 -0.123316 0.243489 -0.405836 -0.368740 -0.275664 0
0.841352 -0.071614 -0.555672 -0.360449 -0.132922 -0.662747 -0.229391 -0.249970 -0.257040 0
0.318259 -0.296596 -0.628880 -0.330209 -0.596601 0.377556 -0.481706 -0.316548 -0.241763 0
0.999343 0.184318 -0.142666 -0.227637 0.405892 0.537942 -0.229749 -0.260997 -0.245651 0
0.593167 -0.109719 -0.579923 -0.387719 -0.181720 0.186049 -0.298947 -0.278412 -0.249611 0
0.585239 -0.095300 -0.449966 -0.361693 -0.134574 2.039768 -0.350129 -0.320813 -0.297041 0
2.299138 0.757273 -0.373536 -0.327279 -0.918205 -0.288349 -0.426704 -0.321065 -0.245155 0
-0.801336 -0.424477 -0.582976 -0.490515 0.783544 -0.436253 0.284041 -0.046190 -0.201129 1
0.274963 0.150863 0.401628 -0.004410 -0.201266 1.859605 0.096335 -0.026409 -0.083817 0
-0.807985 -0.495352 -0.714205 -0.460135 -0.151872 -0.105560 -0.353541 -0.311746 -0.299959 0
0.938377 -0.034433 -0.403382 -0.312256 -0.088833 -0.257707 -0.498001 -0.334882 -0.260602 0
-1.155737 -0.465143 0.013560 -0.180161 0.129803 -0.505253 -0.194533 -0.152279 -0.140495 0
1.831057 0.795958 -0.525943 -0.431590 -0.245805 -0.671334 -0.197706 -0.234979 -0.190454 0
0.721044 -0.140702 -0.755157 -0.428114 0.134114 -0.532772 -0.336181 -0.311469 -0.277512 0
-0.090222 -0.370515 -0.463392 -0.310826 -0.308683 -0.681449 -0.409331 -0.307730 -0.263451 0
0.670510 -0.022978 -0.506731 -0.404791 0.130960 -0.515445 -0.296896 -0.285753 -0.284097 0
-1.579014 -0.596085 -0.253620 -0.198547 0.740290 -0.046494 -0.270128 -0.257261 -0.226965 0
0.744669 -0.081829 -0.259697 -0.218494 0.197353 -0.175446 -0.233604 -0.240448 -0.251951 0
-0.588127 -0.394078 -0.440884 -0.391434 1.268798 -0.683625 -0.013604 -0.163587 -0.244924 0
-1.611593 -0.623296 -0.595259 -0.395288 -0.137270 -0.143793 -0.242511 -0.252090 -0.268406 0
0.709245 0.877715 2.952877 2.827998 -0.351880 -0.530284 1.401214 1.342569 1.267405 0
-0.874535 -0.272437 0.756948 0.339055 -0.704810 -0.668547 0.203580 0.342088 0.338021 0
1.002615 0.281081 -0.179479 -0.316333 0.984055 0.073488 0.171030 -0.112564 -0.201874 0
-0.208109 -0.312568 -0.504191 -0.408040 0.856301 -0.673189 -0.241786 -0.267282 -0.288333 0
0.600861 -0.223617 -0.809593 -0.436119 -0.163807 -0.266503 -0.405948 -0.296453 -0.276715 0
0.027868 -0.275701 -0.396648 -0.314514 -0.802880 -0.406551 -0.285805 -0.247259 -0.246564 0
1.240301 0.651094 0.154460 -0.106306 0.245156 -0.366519 0.306588 0.134625 0.043865 0
-1.626706 -0.605018 -0.368398 -0.308535 -0.566152 -0.632309 -0.427644 -0.307569 -0.236924 0
1.000705 0.181623 -0.572425 -0.478840 -0.602839 -0.684379 -0.354042 -0.309267 -0.288151 0
