0.913326 1.915926 5.576250 6.248822 4.716265 0.670925 5.488065 5.824746 6.009223 1
0.641811 1.639795 5.638243 6.196634 5.136441 3.384448 5.777885 6.274370 6.417529 1
0.343290 0.662162 4.031615 3.981242 5.297995 0.494625 4.513838 4.117921 3.775046 1
0.659323 0.568409 2.451635 1.677193 4.001409 -0.465930 2.708773 1.883630 1.384081 1
1.321936 0.891192 2.669315 2.056005 3.567649 -0.405392 2.387495 1.992288 1.549242 1
-0.005355 0.101536 4.708491 5.368608 2.905671 -0.415948 1.980830 1.975437 2.003189 1
0.130899 -0.008823 0.595815 0.026969 3.078943 -0.471563 0.912530 0.339775 0.020177 0
-0.433589 -0.151903 0.973270 0.470730 -1.386187 -0.505881 0.702452 0.371977 0.156208 0
0.776374 0.163864 0.284374 -0.104050 1.660234 -0.505406 0.923903 0.315714 0.038360 0
0.351868 0.255721 4.880531 5.474271 0.633923 -0.500644 1.706134 1.801867 1.858700 1
-0.442741 -0.094973 1.401538 0.721750 1.873728 -0.448323 1.224739 0.739005 0.496243 0
-0.389274 -0.121364 2.759242 2.473362 1.673209 -0.476034 1.051173 0.896859 0.839712 0
4.381723 3.029504 3.473691 3.411386 1.407539 0.015782 1.228600 1.221553 1.159386 1
-0.087442 -0.069892 3.227962 3.432900 -0.389613 -0.299340 0.778614 0.778071 0.789412 0
1.304044 0.171256 -0.044384 -0.219858 1.331354 0.568381 0.292855 -0.031545 -0.135225 0
2.788424 1.002552 0.765481 0.439038 -0.265221 -0.012531 0.545491 0.354715 0.248830 0
-0.016853 -0.062965 1.270690 0.903508 1.774145 -0.498154 0.799574 0.596628 0.455610 0
-0.636787 -0.167707 0.653619 0.104416 2.016791 0.385850 0.680189 0.299328 0.109327 0
0.993894 0.164912 0.039211 -0.218271 1.375002 -0.240436 0.527818 0.165152 -0.035478 0
0.053570 0.007215 3.819281 4.167962 1.509710 0.435535 0.905441 1.060687 1.138315 0
1.699699 0.390358 0.227320 -0.045698 -0.567407 0.206338 0.395719 0.114264 -0.016895 0
-0.364868 -0.132075 0.131520 -0.237720 -2.133239 -0.041195 0.249164 -0.010571 -0.130112 0
0.727083 0.102246 0.244569 -0.139271 1.417425 -0.152916 0.573040 0.189711 0.008058 0
-0.437117 -0.159529 0.479695 0.036931 0.092112 0.324074 0.319541 0.136912 0.026171 0
0.186425 0.006326 0.942278 0.407351 -0.098759 -0.504336 0.651750 0.359069 0.208882 0
0.666828 -0.009356 -0.390666 -0.361948 0.521433 0.121672 -0.178971 -0.214357 -0.188508 0
0.284817 0.002538 0.209808 -0.136499 1.934572 -0.506523 0.480681 0.171272 0.033289 0
0.296397 -0.023217 1.407885 1.040633 1.305123 0.787986 0.445462 0.329040 0.293190 0
6.725657 2.304419 -0.254043 -0.284185 -0.205902 -0.320367 -0.022263 -0.153308 -0.173466 0
2.261542 0.419233 -0.305891 -0.354122 0.223320 -0.143738 0.286197 -0.039291 -0.170121 1
1.074508 0.471192 0.925560 0.238995 0.596138 0.509447 1.181456 0.582818 0.279938 0
-0.423255 -0.172544 0.656486 0.442663 1.054720 -0.472137 0.273892 0.157406 0.080453 1
3.180821 0.815047 0.065203 -0.137351 1.113790 -0.397052 0.278668 0.091220 -0.047561 0
0.607173 0.064300 0.605560 0.189197 1.131656 0.157159 0.467997 0.284160 0.146096 0
0.662143 0.172688 0.232217 -0.176007 -1.110519 -0.384835 0.795492 0.207791 0.004973 0
1.035124 0.148703 -0.013174 -0.259743 1.367156 -0.487653 0.177408 -0.087574 -0.153271 0
2.134786 0.441586 -0.137687 -0.300588 0.849867 0.125267 0.132775 -0.070822 -0.195104 0
-0.020158 -0.087342 1.043956 0.734320 0.874571 -0.499721 0.411527 0.247387 0.225352 1
0.252912 -0.021230 1.277519 0.988823 1.293473 -0.505737 0.485861 0.322917 0.249324 1
0.174279 -0.085017 1.087817 0.783769 -0.610613 2.253697 0.195464 0.130218 0.061334 1
0.968508 0.090313 -0.171725 -0.292205 0.823083 -0.318523 0.266217 -0.095886 -0.125116 0
-0.621917 -0.199435 -0.122982 -0.297209 0.511803 -0.400046 0.090209 -0.089060 -0.204539 0
0.696685 0.172705 0.679244 0.243449 -1.017466 -0.093596 0.676309 0.332852 0.189897 0
-0.456625 -0.177805 0.462516 0.211251 1.311332 -0.498710 0.247700 0.076352 0.004597 0
-0.388217 -0.120295 0.354857 -0.098517 1.308549 -0.443336 0.345705 0.063871 -0.007000 0
-0.514755 -0.159228 0.587677 0.158821 0.793372 -0.003051 0.233569 0.114999 0.056696 0
0.959694 0.248208 0.720985 0.270691 1.100860 1.018245 0.330813 0.267950 0.200010 0
2.233673 0.350212 -0.155797 -0.242736 1.014536 -0.505786 0.170716 -0.046282 -0.123084 0
-0.029432 -0.075780 1.390081 0.982660 1.016624 -0.456643 0.520082 0.396346 0.370696 0
-0.687120 -0.214609 -0.740706 -0.503064 -0.688500 0.111599 -0.402308 -0.333642 -0.291880 0
-0.741238 -0.202905 0.245379 0.000934 -0.261133 -0.464110 0.075661 0.019800 -0.027410 0
-0.741826 -0.199736 -0.040745 -0.262447 1.309567 -0.223842 0.152743 -0.025518 -0.107555 0
0.545964 0.039323 -0.020382 -0.260114 1.330600 -0.487358 0.204148 0.071939 -0.021608 0
-0.809186 -0.212442 -0.273382 -0.328188 0.987503 0.833193 0.005783 -0.130841 -0.178311 0
0.849815 -0.001388 -0.186809 -0.270795 0.893542 -0.431465 0.147232 -0.041834 -0.137977 1
0.374559 -0.026178 -0.253923 -0.323948 0.455628 -0.486513 0.278328 0.036635 -0.068390 0
-0.798827 -0.204763 0.485102 0.184436 -0.516842 1.065499 -0.227939 -0.086538 -0.032215 0
1.291539 0.147651 -0.462685 -0.434621 -0.548957 -0.162121 -0.025613 -0.164883 -0.191473 0
-0.041576 -0.107979 0.607445 0.338322 0.002276 -0.052883 0.095116 0.104176 0.082006 0
-0.854587 -0.215909 -0.424399 -0.428149 1.048494 -0.383499 0.056595 -0.142874 -0.209280 0
1.830655 0.215580 -0.268566 -0.334348 0.959249 -0.278158 0.021035 -0.098372 -0.161556 0
-0.543977 -0.194782 0.133370 -0.067084 -0.682623 -0.196539 0.056124 -0.090156 -0.143641 0
0.652721 -0.004461 -0.406218 -0.418305 1.134104 -0.454302 0.176345 -0.067710 -0.165223 0
-0.593522 -0.184058 0.479178 0.212665 0.662267 -0.320776 0.133393 0.036801 0.023778 0
2.763882 0.618823 0.283833 0.045451 0.322290 -0.197868 -0.083477 -0.108825 -0.073776 0
7.842083 3.711477 -0.033525 -0.220721 0.724424 -0.496806 -0.043378 -0.112385 -0.149852 0
-0.760796 -0.217241 -0.200449 -0.189328 -0.811056 -0.407929 -0.254196 -0.196561 -0.181623 0
1.389537 0.132208 0.060876 -0.126658 0.519296 -0.432778 0.188693 0.030046 -0.070289 0
-0.581159 -0.168736 1.089490 0.561267 -1.181106 -0.414565 0.224766 0.190848 0.119930 0
-1.077871 -0.225307 0.474488 0.155186 0.732892 0.051781 0.257254 0.190724 0.090639 0
0.304979 -0.104274 -0.082229 -0.163534 0.832740 -0.506377 0.007124 -0.065760 -0.113175 0
-0.700450 -0.205102 0.550313 0.439904 0.955031 0.136847 0.185941 0.084010 0.062284 0
-0.404719 -0.182911 -0.527234 -0.434544 0.480453 -0.048171 -0.108941 -0.210478 -0.237126 0
0.323389 -0.022142 2.227497 2.288869 -0.227269 -0.241176 0.216039 0.334925 0.404029 0
0.162260 -0.115655 0.466129 0.377266 0.666281 0.138031 0.097863 0.044089 0.017867 0
0.346706 -0.059903 -0.203790 -0.308428 -0.418655 -0.497582 0.064678 -0.072628 -0.146932 0
0.677017 -0.033651 -0.274812 -0.300811 0.033634 -0.472886 -0.127421 -0.145146 -0.180900 0
-0.110068 -0.147854 -0.131093 -0.250131 0.528212 -0.393021 -0.070530 -0.106069 -0.148296 0
-0.451516 -0.174647 -0.017446 -0.186600 0.339183 0.396808 -0.015321 -0.041023 -0.079823 1
0.269221 -0.047920 -0.049765 -0.277201 0.114123 -0.085988 0.111998 -0.089194 -0.136227 0
0.064699 -0.109276 0.066842 -0.105322 0.640813 -0.132820 0.053299 -0.017271 -0.052178 0
-0.519340 -0.193426 0.561248 0.359770 0.593902 -0.372503 0.036837 0.009332 -0.031658 0
-0.496757 -0.186141 0.122944 -0.055924 0.068191 -0.114282 -0.050483 -0.124843 -0.133440 0
1.524391 0.167195 -0.169572 -0.272349 0.312891 1.105881 -0.081229 -0.107303 -0.147971 0
-0.511745 -0.192920 0.206539 0.016396 0.737996 -0.437704 0.079024 -0.060376 -0.097740 0
-0.701437 -0.205610 -0.405639 -0.401356 -0.227246 0.270977 0.122558 -0.063956 -0.183600 0
-0.735805 -0.199365 0.097141 -0.126626 1.055784 -0.501958 0.199059 -0.021140 -0.066360 0
2.725648 0.397971 -0.639773 -0.463040 0.400858 -0.160775 -0.270927 -0.291645 -0.280330 0
-0.582476 -0.162969 1.464088 0.951646 0.611310 -0.004996 0.443045 0.364192 0.329324 0
2.242889 0.313485 -0.150271 -0.222412 1.101293 0.059204 -0.082602 -0.132685 -0.152308 0
-0.646826 -0.197893 0.649677 0.554360 0.277224 -0.260689 0.008556 0.080775 0.076181 0
-0.746620 -0.216335 -0.561963 -0.395903 -0.709859 -0.265480 -0.344557 -0.278377 -0.229232 0
1.362915 0.139399 -0.400784 -0.390031 -0.159408 -0.488672 0.092788 -0.076361 -0.148148 0
2.024351 0.331749 -0.054536 -0.240595 -0.931306 0.043315 0.057408 -0.057715 -0.123204 0
0.600997 0.091858 0.135133 -0.173445 0.526387 -0.435066 0.120645 -0.022057 -0.072057 0
0.737980 0.067382 0.070640 -0.149318 -0.094971 -0.491243 0.192142 0.016596 -0.031824 0
3.792213 1.069345 0.394054 0.073340 0.497845 -0.436698 -0.023885 -0.006746 -0.038114 1
0.222864 -0.099502 0.043041 -0.131641 -0.792849 -0.462973 -0.028339 -0.067042 -0.119321 0
-0.910095 -0.219664 -0.312283 -0.374504 0.790781 -0.373609 -0.035882 -0.170635 -0.217206 0
-0.252114 -0.162400 0.418639 0.164067 0.276899 -0.366557 0.019824 0.031842 -0.001240 0
-0.352125 -0.161368 1.008875 0.720302 0.128684 -0.504054 0.136073 0.191476 0.172882 0
0.416691 -0.065774 -0.383340 -0.403173 0.343543 0.322159 -0.168937 -0.235290 -0.245546 0
-0.451746 -0.183773 0.931964 0.696207 0.532480 0.206119 0.143229 0.170351 0.135223 0
1.138905 0.177612 -0.301237 -0.381819 0.695649 -0.475380 -0.073169 -0.146136 -0.199172 0
0.798134 0.012265 -0.062306 -0.187860 0.340723 -0.480229 0.014954 -0.048444 -0.106020 1
5.678072 2.162439 0.534193 0.201635 0.367240 -0.503709 0.077835 -0.020109 -0.062511 0
0.092022 -0.071258 0.067677 -0.182998 0.876528 -0.384250 0.056505 -0.044971 -0.054833 0
1.107550 0.074661 -0.547360 -0.452468 1.111932 -0.323984 -0.038724 -0.187080 -0.237078 0
-0.334181 -0.173233 0.380784 0.169493 -0.327790 0.304411 -0.104817 -0.115695 -0.111175 0
-0.767194 -0.205567 0.987856 0.834544 0.440413 -0.411826 0.057821 0.069792 0.095645 0
-0.403909 -0.169646 0.108580 -0.063848 -0.557286 -0.389540 -0.107857 -0.022856 -0.012274 0
0.140347 -0.112250 0.285504 0.079159 0.492714 0.042926 -0.119158 -0.083921 -0.084513 0
-0.806745 -0.219012 -0.272562 -0.274192 -0.612288 -0.386879 0.032392 -0.064022 -0.147681 1
0.683295 -0.020541 -0.327866 -0.348408 0.593905 -0.405113 -0.096723 -0.193527 -0.213941 0
-0.809843 -0.216437 -0.341167 -0.345120 0.482252 1.419430 0.070492 -0.026235 -0.127664 0
-0.588825 -0.198487 0.582044 0.389186 0.209815 -0.401609 0.059287 0.068249 0.038537 0
1.156897 0.042642 -0.411001 -0.358409 0.178152 0.371490 -0.089885 -0.175089 -0.218484 0
-0.302042 -0.182091 -0.359376 -0.296959 0.266689 1.932041 -0.256804 -0.207139 -0.194071 0
-1.024794 -0.225248 -0.282985 -0.366388 0.313751 -0.395190 0.023875 -0.172581 -0.207113 0
-0.123200 -0.121697 0.270397 -0.031421 0.422840 -0.059108 0.058765 -0.026581 -0.064537 0
-0.155304 -0.132517 0.716188 0.348962 -1.064081 0.900296 -0.209156 -0.072845 -0.009222 0
0.609460 0.036590 -0.230421 -0.373357 0.669492 0.119302 -0.011475 -0.173366 -0.215992 0
-0.208563 -0.168074 -0.277940 -0.268783 -0.675265 -0.004577 -0.129055 -0.154519 -0.181979 0
0.046605 -0.134766 -0.030541 -0.139258 -0.409323 0.623394 -0.163622 -0.171948 -0.164851 0
-0.676769 -0.204021 1.113643 1.076889 -0.538534 -0.407084 0.003614 0.061547 0.100819 0
-0.029760 -0.128446 0.644205 0.362485 0.400550 -0.400216 0.085624 0.010526 -0.025422 0
0.813066 0.042743 -0.288402 -0.351535 0.571993 -0.309489 -0.109655 -0.179676 -0.195392 0
-0.941728 -0.229396 -0.694350 -0.441387 -1.312099 0.322554 -0.440571 -0.333748 -0.300120 0
0.747646 -0.074271 -0.783662 -0.514990 -0.628738 1.361858 -0.488259 -0.390717 -0.325354 0
0.441350 -0.079493 -0.627547 -0.475804 0.565819 -0.366174 -0.125698 -0.191620 -0.215530 0
-0.543569 -0.195457 0.046428 -0.053943 0.135875 -0.302579 0.038413 -0.071432 -0.129059 1
3.299523 0.760345 -0.355558 -0.335639 -0.128532 0.335081 -0.123558 -0.156713 -0.155183 0
3.116163 0.601716 -0.301379 -0.314537 -0.235604 -0.124491 -0.089378 -0.117842 -0.157305 0
0.047629 -0.150100 -0.506645 -0.412247 0.253190 -0.020589 -0.260776 -0.231639 -0.229041 0
0.529675 -0.093533 -0.069583 -0.021921 -0.886845 -0.343864 -0.146383 -0.107540 -0.107177 0
-0.875707 -0.219673 -0.439799 -0.409318 0.465437 -0.360448 -0.212870 -0.220072 -0.221820 0
-0.544551 -0.202002 -0.335635 -0.283422 0.089835 -0.506534 -0.192580 -0.204192 -0.211855 0
-0.338392 -0.183437 -0.054831 -0.128249 -0.549993 1.934521 -0.104809 -0.153999 -0.168455 0
-0.321377 -0.176060 -0.558592 -0.421973 0.261252 -0.490027 0.019732 -0.185238 -0.224881 0
0.137427 -0.075466 -0.163105 -0.338400 0.647193 0.366991 -0.009219 -0.147601 -0.177592 0
1.039520 0.121514 -0.359345 -0.384110 0.175745 2.601750 -0.093335 -0.223914 -0.188878 0
0.278319 -0.094611 -0.405930 -0.386966 -0.141276 -0.458121 -0.062719 -0.195970 -0.223267 0
0.319882 -0.067287 1.345225 1.281466 0.436494 -0.499117 0.085658 0.141417 0.176629 0
0.374749 -0.081146 -0.546368 -0.446457 0.734782 -0.189161 -0.174998 -0.242647 -0.240952 0
-0.182420 -0.128056 -0.169120 -0.308846 0.670189 -0.189085 0.194032 -0.082726 -0.140269 0
-0.421149 -0.186823 0.004002 -0.072114 0.131114 1.607864 -0.081764 -0.050206 -0.077589 0
-0.808853 -0.215782 -0.437529 -0.404429 0.454206 -0.255141 -0.145788 -0.227179 -0.264583 0
-0.186280 -0.158826 -0.275059 -0.312090 -0.146511 -0.497824 -0.337341 -0.258779 -0.239213 0
0.024314 -0.119445 0.603339 0.435122 0.561839 -0.504031 0.033714 0.016890 0.028566 0
-0.441266 -0.186801 0.046960 -0.019678 0.133745 0.007908 -0.081930 -0.074130 -0.081324 0
0.752545 -0.012573 -0.500724 -0.441436 -0.211465 0.089387 -0.220889 -0.250663 -0.231658 0
-0.205117 -0.158434 0.739391 0.660177 0.149850 -0.048285 -0.040019 0.026290 0.070207 0
-0.566268 -0.197328 -0.438049 -0.414307 0.200327 -0.504860 0.021837 -0.144102 -0.209231 0
3.725166 0.644551 -0.618898 -0.422318 -0.571567 0.074734 -0.205239 -0.208238 -0.217046 0
-0.592756 -0.193944 0.018681 -0.160590 -0.361995 1.366512 -0.040092 -0.115738 -0.150371 0
1.146829 0.096994 -0.419315 -0.412558 0.768150 2.693881 -0.081474 -0.178415 -0.200926 0
-0.653571 -0.207129 -0.225121 -0.145056 -0.611096 -0.290596 -0.186379 -0.161384 -0.127618 0
-0.479286 -0.179624 0.321611 0.033749 0.716031 -0.457801 0.033139 -0.098992 -0.098487 1
-0.462320 -0.181247 -0.032920 -0.251248 0.169658 1.691725 0.024977 -0.108846 -0.191811 0
0.125156 -0.111870 0.112825 -0.114807 0.119554 0.027869 -0.162565 -0.094555 -0.131432 0
-0.369259 -0.168530 0.789731 0.499921 -0.186473 -0.484333 0.042483 0.043917 0.058903 0
-0.116787 -0.151107 0.084155 -0.074414 -0.044490 0.321240 -0.175946 -0.081808 -0.076812 0
0.767593 0.020199 -0.265675 -0.348224 -0.315398 0.380196 -0.061655 -0.188182 -0.218995 0
0.472755 0.012246 -0.257066 -0.356901 0.443156 -0.470600 0.211424 -0.012516 -0.088557 0
-0.286831 -0.162309 -0.113477 -0.239704 0.259963 -0.430268 -0.206137 -0.179142 -0.174164 0
0.446294 -0.073767 -0.645732 -0.485283 0.298803 -0.398068 -0.296531 -0.244874 -0.247662 0
0.139281 -0.124477 0.381919 0.296003 -0.147413 -0.358740 -0.049354 -0.059745 -0.049855 0
-0.112914 -0.142970 -0.180641 -0.316809 0.187596 -0.314744 -0.104251 -0.151848 -0.179515 0
-0.510855 -0.197200 0.204180 0.184455 -0.424153 0.937359 -0.151160 -0.109444 -0.088759 0
0.605944 -0.022627 0.070994 -0.058764 0.734186 -0.490722 0.026533 -0.019238 -0.050193 0
0.223586 -0.115327 -0.539004 -0.428500 -0.103517 -0.497419 -0.186975 -0.252677 -0.249185 0
1.277058 0.047239 -0.137562 -0.209692 0.563748 -0.207888 -0.169648 -0.187774 -0.194844 0
-0.848133 -0.224770 -0.763620 -0.477344 -1.582542 -0.275386 -0.518600 -0.368950 -0.291769 0
-0.224002 -0.173554 0.034904 -0.026368 0.173206 -0.452037 -0.183046 -0.096395 -0.108135 0
-0.158303 -0.154362 -0.135988 -0.234820 0.424400 -0.373978 -0.221364 -0.205648 -0.196240 0
-0.877759 -0.226969 -0.743709 -0.459454 -1.558904 0.463792 -0.490165 -0.354525 -0.291327 0
-0.296129 -0.158115 0.082298 -0.106715 0.124462 -0.280617 -0.164239 -0.115341 -0.086140 0
-0.847992 -0.213357 -0.179919 -0.330940 0.718064 -0.450701 -0.015043 -0.119932 -0.205500 0
1.902008 0.600043 0.410231 -0.004510 -1.985019 -0.484548 0.383116 0.098011 0.010061 0
-0.680274 -0.212180 -0.285547 -0.248006 -0.311595 -0.483243 -0.355627 -0.279832 -0.213808 0
-0.357836 -0.152372 2.251056 2.115355 -1.313727 -0.492497 0.125017 0.302130 0.421344 0
0.243923 -0.124483 -0.717691 -0.500893 -0.725924 1.424007 -0.424500 -0.336698 -0.302183 0
-0.200449 -0.152693 0.326888 0.116512 0.138383 -0.490577 -0.053873 0.020246 0.015147 0
-0.580503 -0.203425 -0.348043 -0.301182 0.064653 0.090079 -0.217880 -0.231777 -0.226445 0
-0.272540 -0.151148 0.198837 -0.030707 0.191936 -0.423041 -0.132146 -0.100660 -0.075028 0
1.164282 0.188545 0.492187 0.089905 -0.454105 -0.481116 -0.014314 -0.087647 -0.091591 0
-0.504014 -0.183833 0.362130 0.126702 -0.507825 -0.438200 -0.119279 -0.074495 -0.047452 0
-0.870561 -0.224998 -0.829864 -0.500493 0.140701 -0.503936 -0.361852 -0.308056 -0.293815 0
-0.048258 -0.118355 -0.229328 -0.356283 -0.725983 1.671457 -0.424500 -0.267410 -0.219873 0
-0.699135 -0.199880 1.284323 1.157734 0.265592 -0.495269 0.051187 0.118089 0.170297 0
0.089376 -0.146480 -0.651416 -0.461267 0.164897 0.150408 -0.312683 -0.294263 -0.262023 0
-0.355367 -0.183750 -0.370327 -0.319032 -0.263357 -0.468709 -0.280484 -0.237953 -0.214870 0
0.049535 -0.143342 -0.451584 -0.379374 -0.496820 0.015076 -0.329144 -0.228276 -0.218465 0
2.839096 0.499020 -0.410173 -0.360254 0.421849 -0.467972 -0.179653 -0.188100 -0.180056 0
-0.081755 -0.136752 0.087052 -0.113949 0.775514 -0.481329 -0.212687 -0.158452 -0.140072 0
-0.143039 -0.151127 0.094191 -0.114785 -0.112343 0.149082 -0.096369 -0.109576 -0.120504 0
2.635407 0.316334 -0.741418 -0.495271 0.135134 -0.347370 -0.332892 -0.320826 -0.296705 0
0.773628 -0.021091 -0.256361 -0.302025 0.665616 4.107531 -0.069403 -0.154177 -0.198483 0
-0.226102 -0.149407 0.012061 -0.227292 0.042478 -0.280960 -0.267593 -0.190846 -0.177441 0
-0.059424 -0.136637 0.507338 0.296703 0.207286 0.061076 -0.020018 0.028512 0.033826 0
-0.643092 -0.201615 0.404039 0.189271 -0.570750 -0.201105 -0.309026 -0.170531 -0.107701 0
-0.028815 -0.115565 0.516659 0.226972 -0.770940 0.070629 0.402164 0.167563 0.034672 0
-0.880752 -0.222500 -0.206300 -0.180561 -0.311125 1.078200 -0.205007 -0.136876 -0.130949 0
0.183277 -0.138920 -0.660163 -0.449522 -0.189659 -0.506489 -0.357285 -0.317919 -0.290912 1
-0.430516 -0.173913 0.361137 0.056032 -0.035546 -0.412237 -0.145111 -0.101174 -0.073541 0
0.788713 0.045221 -0.146462 -0.305065 -0.449864 0.172095 -0.103653 -0.188555 -0.209597 0
1.574030 0.178367 -0.372418 -0.392277 -0.369592 -0.459562 -0.154153 -0.226139 -0.214772 0
-0.805570 -0.214793 -0.460611 -0.389701 -0.414746 -0.042481 -0.207523 -0.219610 -0.199420 0
-0.632366 -0.206958 -0.040384 -0.100610 0.050348 0.006286 -0.152513 -0.150379 -0.153087 0
0.112695 -0.143044 -0.616983 -0.451035 -0.282082 -0.166283 -0.328768 -0.319999 -0.291857 0
-0.255329 -0.163420 -0.097035 -0.231194 0.037388 0.485153 -0.111796 -0.126649 -0.163471 0
0.581437 -0.052371 -0.382613 -0.382398 -0.041090 -0.445720 -0.276366 -0.256961 -0.238125 0
-0.758197 -0.217731 -0.779352 -0.518779 0.219903 -0.504887 -0.295915 -0.299418 -0.289572 0
-0.337958 -0.175840 -0.176294 -0.279275 0.296915 0.561679 -0.143828 -0.142520 -0.186069 0
-0.733255 -0.213797 -0.345085 -0.309233 -0.681638 -0.249187 -0.354821 -0.267964 -0.220818 0
-0.607284 -0.207723 -0.549583 -0.407718 -0.439190 0.244954 -0.331791 -0.260609 -0.230203 0
-0.679983 -0.199859 0.340344 0.188846 -0.230617 -0.503492 -0.024659 -0.012208 0.020425 0
0.457759 -0.007621 0.131278 -0.152770 0.128331 -0.173084 0.026463 -0.164001 -0.204839 0
-0.555109 -0.203713 -0.481856 -0.384746 -0.264653 -0.464334 -0.392310 -0.306205 -0.267929 0
-0.343200 -0.176156 -0.091584 -0.237543 0.332649 -0.131373 -0.249112 -0.222037 -0.197162 0
0.083218 -0.127119 -0.337736 -0.363119 -0.723023 -0.441476 -0.389156 -0.271627 -0.227075 1
1.577510 0.148684 -0.525684 -0.436364 -0.263866 -0.196000 -0.257007 -0.286567 -0.257588 0
-0.814418 -0.223642 -0.798931 -0.486652 -0.450091 0.565419 -0.387590 -0.324618 -0.291097 0
-0.830490 -0.215933 0.188824 0.105928 -1.069787 -0.000567 -0.052863 -0.036032 -0.022708 0
-0.098299 -0.162361 -0.468205 -0.368830 0.061299 -0.479236 -0.311887 -0.265746 -0.236910 0
-0.386483 -0.160230 0.838393 0.488690 -0.277238 0.013161 -0.093395 0.012254 0.073660 0
-0.616323 -0.207887 -0.185205 -0.068073 0.009112 0.610780 -0.250958 -0.164964 -0.122024 0
-0.681809 -0.211011 -0.520920 -0.425421 -0.347091 -0.238174 -0.502889 -0.317523 -0.254831 0
-0.430541 -0.197642 -0.476571 -0.363335 -0.772891 -0.316056 -0.337814 -0.268652 -0.238218 0
-0.231761 -0.174391 -0.399498 -0.337026 0.034398 0.208334 -0.310413 -0.247273 -0.210857 0
-0.715158 -0.213497 -0.532690 -0.403435 -1.216170 -0.053014 -0.351920 -0.285892 -0.264184 0
-0.644735 -0.203366 0.333757 0.195044 -0.358291 -0.505610 -0.147115 -0.077677 -0.026379 0
-0.723417 -0.216459 -0.031277 0.022854 -0.148354 0.812656 -0.222858 -0.147232 -0.122587 0
-0.772430 -0.213232 -0.300038 -0.331106 0.037329 -0.502572 -0.206268 -0.236085 -0.225711 0
-0.301974 -0.176604 0.103848 0.114625 -0.229786 -0.395088 -0.187573 -0.083943 -0.050319 0
-0.120747 -0.170903 -0.385795 -0.296983 0.008395 -0.198415 -0.292144 -0.236031 -0.209492 0
0.727027 0.038026 -0.405505 -0.417760 0.896193 0.564246 -0.169842 -0.213767 -0.209509 0
-0.749493 -0.217813 -0.645031 -0.441379 -0.566699 -0.314043 -0.292998 -0.242294 -0.244798 0
-0.381412 -0.181436 -0.094552 -0.186141 -0.272807 -0.462114 -0.328172 -0.214582 -0.167780 0
-0.380679 -0.148500 0.360336 -0.042892 0.031678 -0.369875 -0.090408 -0.048203 -0.051106 0
-0.616706 -0.211495 -0.329899 -0.257277 -0.065953 -0.482643 -0.209814 -0.202369 -0.191617 0
-0.867046 -0.225798 -0.618952 -0.434898 -0.570138 0.592935 -0.454734 -0.337813 -0.276105 0
-0.885633 -0.223904 -0.406452 -0.349880 -0.300860 -0.045470 -0.282794 -0.264637 -0.256755 0
-0.546596 -0.202020 -0.454010 -0.385448 0.164045 -0.313464 -0.284473 -0.227138 -0.217279 0
-0.335008 -0.181696 -0.301648 -0.310409 -0.500208 0.869364 -0.349665 -0.259382 -0.232401 1
-0.295003 -0.178861 -0.536534 -0.428812 0.124131 -0.326464 -0.326214 -0.274798 -0.259584 0
-0.428595 -0.201915 -0.741759 -0.486275 -0.122483 -0.229287 -0.365623 -0.323715 -0.296521 0
0.262140 -0.089340 -0.471487 -0.403812 0.304516 -0.232263 -0.162093 -0.199848 -0.204422 0
-0.348276 -0.181573 -0.428211 -0.363543 -0.490942 0.091958 -0.239799 -0.239085 -0.228312 0
-0.831682 -0.219129 -0.435907 -0.343116 -0.299143 0.274380 -0.123356 -0.208133 -0.213662 0
-0.844671 -0.224802 -0.817457 -0.515384 -0.064625 -0.219217 -0.383309 -0.316191 -0.290457 0
1.572221 0.189916 -0.350019 -0.388007 -0.722995 -0.130479 -0.096114 -0.155973 -0.193616 0
-0.479717 -0.182945 0.297177 0.118119 -0.085196 -0.330483 -0.168920 -0.098658 -0.065278 0
0.110612 -0.139851 -0.506795 -0.374987 -0.179902 0.960109 -0.353752 -0.276148 -0.235707 0
-0.587988 -0.207843 -0.308791 -0.214199 -0.411980 0.139103 -0.234579 -0.200203 -0.176981 0
-0.539851 -0.185832 0.719729 0.536981 -0.181458 -0.457747 -0.094137 -0.026690 0.038700 0
-0.411742 -0.180928 -0.398032 -0.382808 -0.113594 1.463594 -0.312090 -0.235217 -0.214448 0
-0.587464 -0.202157 0.299894 0.242092 -0.014071 -0.221212 -0.173462 -0.099961 -0.068868 0
-0.372210 -0.174861 0.296138 0.075081 -0.315927 -0.224049 -0.263417 -0.159770 -0.118406 0
2.713411 0.357981 -0.569993 -0.397290 0.078824 0.641888 -0.225953 -0.225120 -0.218146 0
-0.144723 -0.171933 -0.507347 -0.382759 -0.107199 -0.199857 -0.296915 -0.245704 -0.229839 0
-0.438271 -0.185130 0.310279 0.115009 0.116563 0.724341 -0.189861 -0.107230 -0.082257 1
-0.527974 -0.200263 -0.128705 -0.143757 -0.138096 3.041263 -0.280789 -0.192467 -0.184747 0
0.380406 -0.072738 0.327114 0.256351 -0.053923 0.114228 -0.181353 -0.101516 -0.043808 0
-0.629538 -0.205099 -0.151815 -0.220157 -1.114109 -0.429607 -0.288266 -0.222430 -0.199333 0
-0.425891 -0.182542 0.248621 0.189098 -0.106121 -0.505679 -0.171084 -0.073246 -0.021086 0
-0.608454 -0.216452 -0.876261 -0.510121 0.128743 -0.387170 -0.272938 -0.305683 -0.293303 0
-0.730025 -0.214693 -0.360675 -0.300823 -0.221798 -0.019366 -0.217387 -0.197827 -0.188477 0
-0.504798 -0.194960 -0.104000 -0.129727 -1.022744 -0.500895 -0.239569 -0.147455 -0.116361 0
2.339966 0.265408 -0.253931 -0.244535 -0.357064 -0.140938 -0.385089 -0.278240 -0.232304 0
0.272230 -0.121239 -0.311177 -0.289360 -0.246721 -0.054636 -0.307197 -0.242347 -0.217777 0
-0.227259 -0.130779 1.012834 0.515656 -0.402057 -0.166382 0.071839 0.088894 0.089150 0
-0.081000 -0.158764 -0.419747 -0.360704 -0.063489 -0.241551 -0.358546 -0.272648 -0.225711 0
0.070133 -0.170118 -1.025567 -0.557519 -0.235608 -0.394738 -0.465503 -0.373412 -0.331609 0
-1.065350 -0.232688 -0.508386 -0.337710 -0.439294 -0.212512 -0.333897 -0.238778 -0.210818 0
-0.011190 -0.172617 -0.761694 -0.448945 -0.632873 -0.027938 -0.408488 -0.303284 -0.272656 0
-0.482120 -0.203625 -0.520093 -0.340485 -0.501067 -0.140114 -0.316444 -0.243419 -0.211377 0
-0.288751 -0.190986 -0.803161 -0.485989 0.268024 -0.497210 -0.330870 -0.302999 -0.275656 0
-0.593944 -0.210784 -0.693397 -0.478066 -0.805345 -0.428817 -0.379773 -0.285482 -0.274377 0
-0.689253 -0.211073 -0.169112 -0.216409 -0.229152 -0.469902 -0.314979 -0.245519 -0.187475 0
-0.602273 -0.212029 -0.787739 -0.491114 -0.350971 -0.506291 -0.343046 -0.288316 -0.274495 0
-0.361969 -0.190260 -0.391115 -0.282410 0.058180 -0.505169 -0.307020 -0.238711 -0.200151 0
0.275747 -0.082369 0.139746 -0.090835 -0.278068 -0.051492 -0.233071 -0.134397 -0.102244 0
-0.797716 -0.220610 -0.600227 -0.417272 0.085597 -0.444032 -0.359129 -0.275008 -0.236785 0
-0.683130 -0.212662 -0.084030 -0.020124 -0.395814 -0.504498 -0.278449 -0.161782 -0.121619 0
-0.125630 -0.148294 -0.238472 -0.290976 -0.217538 -0.323621 -0.324129 -0.202472 -0.148358 0
-0.497441 -0.203963 -0.356673 -0.173560 -0.153331 -0.451837 -0.268254 -0.199766 -0.161699 0
-0.490952 -0.202239 -0.687883 -0.454774 -0.818792 -0.142937 -0.459722 -0.343161 -0.291222 0
-0.534173 -0.200567 -0.597896 -0.455909 -0.313244 0.475928 -0.167151 -0.234904 -0.262083 0
-0.571983 -0.200637 -0.559221 -0.453108 -0.544987 -0.147542 -0.127079 -0.238216 -0.265452 0
2.027214 0.558350 -0.051954 -0.274580 -0.212329 -0.190162 0.555070 0.086364 -0.066141 0
-0.607230 -0.199236 -0.373433 -0.354004 -0.478840 -0.404746 -0.136315 -0.187384 -0.188924 0
-0.013594 -0.143118 0.033627 -0.080885 -0.613826 -0.417773 -0.294405 -0.169244 -0.125244 0
-0.746996 -0.218692 -0.659434 -0.460525 -0.314265 0.543124 -0.389980 -0.315747 -0.283016 0
-0.184846 -0.184975 -0.709191 -0.432784 -0.378232 -0.430304 -0.376156 -0.287737 -0.249432 0
-0.835283 -0.222469 -0.520841 -0.377160 -0.732627 -0.218711 -0.405042 -0.299598 -0.256755 0
0.015358 -0.156154 -0.470924 -0.369761 -0.447048 -0.506029 -0.333331 -0.257306 -0.238705 0
-0.623892 -0.212033 -0.627486 -0.449394 -0.087247 -0.443974 -0.401401 -0.350485 -0.278800 0
-0.156707 -0.165719 -0.440055 -0.394823 0.016427 -0.317326 -0.305118 -0.255809 -0.249448 0
1.165565 -0.039541 -0.828241 -0.497610 -0.543418 -0.493464 -0.389414 -0.309159 -0.285626 0
-0.651715 -0.194468 0.572493 0.234334 -0.881150 -0.506161 0.121001 0.025932 0.015868 0
0.094002 -0.119915 -0.139628 -0.244702 -0.936038 -0.486084 -0.207534 -0.140834 -0.130546 0
-0.801788 -0.223707 -0.757037 -0.487347 -0.418124 0.037140 -0.486642 -0.363416 -0.312610 0
-0.621980 -0.209087 -0.647007 -0.466959 -0.229227 -0.434729 -0.404549 -0.319449 -0.266463 0
-0.027285 -0.167793 -0.632768 -0.444067 -0.058370 -0.030992 -0.391072 -0.317911 -0.286357 0
-0.640654 -0.202332 1.350838 1.320029 0.006016 -0.493118 -0.020798 0.084133 0.149428 0
0.177546 -0.096045 -0.387336 -0.404042 -0.136122 1.349415 -0.205288 -0.188717 -0.216765 0
-0.734075 -0.210819 0.034388 -0.068287 -0.607084 0.032824 -0.169791 -0.091978 -0.070526 0
-0.364087 -0.190604 -0.757752 -0.516115 -0.424145 0.214801 -0.367062 -0.327503 -0.301262 0
-0.282693 -0.199161 -0.988283 -0.531783 -0.411514 -0.383347 -0.378319 -0.328449 -0.311707 0
-0.356865 -0.188980 -0.226703 -0.238617 -0.460320 -0.405800 -0.309121 -0.223607 -0.184073 0
0.066030 -0.127095 -0.314809 -0.328498 0.130773 -0.198002 -0.312919 -0.230192 -0.194396 0
-0.259677 -0.172405 -0.064030 -0.120631 -0.462202 -0.261104 -0.290536 -0.183335 -0.150090 0
-0.529274 -0.203545 -0.747329 -0.508081 -0.055182 -0.465882 -0.319536 -0.281587 -0.278233 0
-0.520508 -0.192114 -0.174095 -0.246269 -0.078189 2.327836 -0.244917 -0.219567 -0.178047 0
-0.126601 -0.134420 -0.196311 -0.320533 -1.012355 -0.398148 0.136211 -0.078570 -0.160862 0
-0.746390 -0.218088 -0.419150 -0.362604 -0.298760 -0.388107 -0.336448 -0.280092 -0.252605 0
-0.867505 -0.222831 -0.447013 -0.365013 -0.011631 1.160190 -0.307789 -0.301215 -0.267438 0
-0.398997 -0.193097 -0.483274 -0.337174 -0.139074 -0.400176 -0.396105 -0.279483 -0.228829 0
-0.589117 -0.206722 -0.399370 -0.301982 -0.295683 0.228956 -0.313755 -0.218170 -0.192140 0
-0.583542 -0.197446 -0.355836 -0.380356 0.082966 0.071585 -0.142299 -0.229610 -0.245086 0
0.149335 -0.126404 -0.226538 -0.255334 -0.234264 -0.017605 -0.298531 -0.202806 -0.165617 0
-0.156576 -0.151750 0.057614 -0.137585 -0.400840 -0.501163 -0.307407 -0.236327 -0.177603 0
0.010710 -0.137368 -0.564719 -0.450616 0.300098 -0.314274 -0.253961 -0.251658 -0.233125 0
-0.280072 -0.180052 -0.641490 -0.479331 -0.220164 -0.433112 -0.379598 -0.341538 -0.302396 0
-0.233554 -0.187098 -0.859998 -0.521224 -0.755689 1.706453 -0.425569 -0.314469 -0.290247 0
0.441483 -0.119331 -0.547059 -0.408863 0.028687 -0.505441 -0.351744 -0.284318 -0.255123 0
0.747503 0.004612 -0.075855 -0.227702 -0.030770 2.661293 -0.267158 -0.185114 -0.152200 0
-0.931263 -0.226961 -0.700275 -0.470499 -1.051138 0.455877 -0.381181 -0.308111 -0.276042 0
-0.562710 -0.196013 -0.064428 -0.161562 -0.598290 0.924978 -0.212298 -0.215673 -0.167218 1
-0.428289 -0.198234 -0.516581 -0.384615 -0.473099 -0.424620 -0.333634 -0.282626 -0.247277 0
-0.955305 -0.223627 -0.374271 -0.375231 -0.028340 -0.245448 -0.167842 -0.214268 -0.216124 0
0.569233 -0.057154 -0.586181 -0.466310 -1.427762 0.554253 -0.129489 -0.218205 -0.251673 0
-0.433451 -0.196390 -0.509148 -0.420106 -0.452905 0.049627 -0.328383 -0.281377 -0.265977 0
0.183839 -0.113798 -0.109324 -0.216138 -0.363723 -0.501236 -0.275620 -0.192541 -0.156968 0
-0.508332 -0.206877 -0.627757 -0.424363 -0.371387 -0.475482 -0.441176 -0.327829 -0.277830 0
-0.893545 -0.222869 0.141440 0.084559 -0.282697 -0.268343 -0.236140 -0.157457 -0.110774 0
-0.689773 -0.211801 0.289118 0.290948 -0.248894 0.107718 -0.264568 -0.123708 -0.056751 0
0.033972 -0.159568 -0.577097 -0.396212 -0.665841 -0.443730 -0.365703 -0.264357 -0.236252 0
-0.737669 -0.218866 -0.757600 -0.500066 -1.457324 -0.432102 -0.348482 -0.314272 -0.302788 0
0.226894 -0.138233 -0.633865 -0.431289 -0.893718 -0.364689 -0.462413 -0.329467 -0.258307 0
-0.675006 -0.213182 -0.396609 -0.303694 -0.172188 -0.502340 -0.415054 -0.311022 -0.261464 0
-0.873349 -0.225881 -0.597317 -0.434592 -0.973597 -0.506256 -0.393190 -0.309583 -0.283575 0
0.274253 -0.114638 -0.184991 -0.170319 -0.117478 -0.264656 -0.330739 -0.213028 -0.169107 1
-0.552900 -0.206901 -0.757912 -0.485700 -0.370390 -0.482620 -0.400790 -0.299778 -0.268220 0
-0.571989 -0.205167 -0.431546 -0.304157 -0.381718 -0.443193 -0.425440 -0.291505 -0.227269 0
-0.773726 -0.209821 -0.361783 -0.352453 -0.973785 0.842777 -0.349337 -0.240021 -0.181219 0
-0.687799 -0.218863 -0.851701 -0.500260 -0.322671 0.493286 -0.386603 -0.309786 -0.286741 0
-0.918894 -0.227917 -0.847022 -0.508921 -0.993403 -0.482607 -0.435119 -0.342558 -0.308406 0
-0.669678 -0.209123 -0.392289 -0.366651 -0.081236 -0.289333 -0.328769 -0.290904 -0.266022 0
-0.859842 -0.225930 -0.802959 -0.483599 -0.573743 -0.505546 -0.491031 -0.356321 -0.294139 0
-0.622771 -0.211321 -0.489458 -0.351165 -0.316444 2.156200 -0.458860 -0.329999 -0.265102 0
1.042901 -0.019270 -0.496678 -0.359231 -0.202872 -0.369467 -0.324058 -0.233435 -0.202211 0
-0.786267 -0.217511 -0.460228 -0.401669 -0.450650 -0.388403 -0.358293 -0.286580 -0.264999 0
-0.011251 -0.135136 -0.131922 -0.260876 0.000926 0.223026 -0.160314 -0.201749 -0.197345 0
-0.113787 -0.168137 -0.666127 -0.451930 -0.334931 0.077851 -0.434770 -0.342328 -0.291528 0
-0.473351 -0.193018 -0.304999 -0.322556 -0.309001 1.365831 -0.320130 -0.214638 -0.190330 0
0.257449 -0.113934 -0.230244 -0.253204 -0.953835 -0.505531 -0.366728 -0.246456 -0.202074 0
-0.375262 -0.189963 -0.428330 -0.312599 -0.553812 -0.475730 -0.319962 -0.222371 -0.188450 0
0.774267 -0.055158 0.280823 0.323097 -0.336200 1.495749 -0.238813 -0.132279 -0.070760 0
-0.684063 -0.213275 -0.523316 -0.397813 -0.258917 -0.482355 -0.287005 -0.239056 -0.240108 0
-0.812704 -0.221421 -0.738256 -0.478542 -0.313695 1.161307 -0.403985 -0.323905 -0.278341 0
-0.746117 -0.221211 -0.867112 -0.513218 -0.240790 -0.460670 -0.410186 -0.359766 -0.318703 0
4.885713 1.108862 -0.637431 -0.473630 -0.704042 -0.207222 -0.342016 -0.288185 -0.274133 0
-0.178911 -0.154560 -0.080573 -0.217588 -0.177399 -0.141334 -0.155676 -0.182116 -0.149116 0
-0.745989 -0.214155 -0.240589 -0.291653 -0.250960 -0.447577 -0.309503 -0.221997 -0.196388 0
-0.601756 -0.207983 -0.548014 -0.413345 -0.606475 -0.504321 -0.369993 -0.273204 -0.253233 0
0.042599 -0.157747 -0.538222 -0.413492 -0.669985 0.746214 -0.415771 -0.329776 -0.289577 0
-0.654024 -0.211462 -0.443542 -0.389680 -0.392127 -0.410265 -0.382301 -0.297916 -0.272810 0
1.284153 0.021575 -0.651957 -0.457902 -0.658898 -0.244682 -0.436537 -0.336090 -0.287437 0
-0.461192 -0.204853 -0.645864 -0.424747 -0.204191 0.120217 -0.395049 -0.292617 -0.261306 0
2.402463 0.333641 -0.544956 -0.433018 -0.847262 -0.199456 -0.292436 -0.252052 -0.251705 0
-0.595531 -0.201644 0.137264 0.012822 -0.590523 -0.158861 -0.295117 -0.156180 -0.098679 0
-0.856620 -0.225751 -0.765424 -0.468132 -1.237779 -0.382709 -0.546121 -0.383206 -0.309807 0
-0.627054 -0.209916 -0.398126 -0.294386 -0.231828 -0.257222 -0.350219 -0.267823 -0.225043 0
-0.023814 -0.150901 -0.108987 -0.109292 -0.349232 -0.498382 -0.295163 -0.180783 -0.127247 0
-0.477314 -0.196412 -0.254145 -0.289464 -0.050481 -0.504391 -0.375559 -0.239626 -0.205074 0
-0.656830 -0.210802 -0.478701 -0.359931 0.052099 0.327486 -0.392283 -0.299921 -0.261740 0
3.168016 0.514577 -0.514797 -0.402071 -0.847598 -0.490757 -0.308772 -0.240278 -0.227555 0
-0.764291 -0.219191 -0.546132 -0.415130 0.033354 -0.503264 -0.317271 -0.277033 -0.249324 0
-0.710722 -0.213729 -0.635487 -0.475760 -0.611414 0.765840 -0.415148 -0.363908 -0.299521 0
-0.771392 -0.220716 -0.638389 -0.458205 -0.264185 -0.504090 -0.420161 -0.324691 -0.280012 0
0.225851 -0.129373 -0.694341 -0.474081 -0.252346 -0.148513 -0.384804 -0.332959 -0.294941 0
-0.492205 -0.186459 -0.254533 -0.297675 -0.513852 0.518156 -0.283123 -0.240253 -0.198446 0
-0.599005 -0.209755 -0.655785 -0.456985 -0.674099 0.088988 -0.447516 -0.320044 -0.265595 0
0.037723 -0.155004 -0.572474 -0.417563 -0.889268 -0.394572 -0.373512 -0.263659 -0.246757 0
-0.125750 -0.152778 0.079804 -0.030413 -0.048682 -0.142026 -0.303396 -0.205356 -0.147744 0
-0.613737 -0.211936 -0.509591 -0.317061 -0.518308 -0.504990 -0.394767 -0.251471 -0.206966 0
-0.349459 -0.188338 -0.536983 -0.387070 -0.846636 0.777658 -0.310046 -0.263721 -0.234055 0
0.626604 -0.056677 -0.142268 -0.169997 -0.864798 -0.501096 -0.281560 -0.220977 -0.188733 0
-0.818732 -0.220513 -0.567990 -0.411272 -1.205617 -0.505555 -0.476890 -0.338112 -0.272314 0
-0.337493 -0.184156 -0.274805 -0.235677 -0.097801 -0.338544 -0.337129 -0.237612 -0.174647 0
-0.623642 -0.212483 -0.743349 -0.471113 -0.325100 -0.204990 -0.439859 -0.330438 -0.284784 0
-0.901157 -0.227815 -0.884730 -0.527891 -1.194492 0.643572 -0.537432 -0.404649 -0.336788 0
-0.650291 -0.205814 -0.300305 -0.322028 -0.287738 0.052549 -0.350454 -0.283076 -0.245852 0
-0.212697 -0.177527 -0.226442 -0.145541 -0.386503 0.646088 -0.365258 -0.236988 -0.183138 0
0.003151 -0.134044 0.443081 0.346221 -1.084781 0.535710 -0.098096 -0.081782 -0.028240 0
-0.541199 -0.203084 -0.500002 -0.420306 -1.278473 0.268785 -0.382613 -0.302248 -0.276257 0
-0.033996 -0.143231 -0.036831 -0.153698 -0.515926 -0.122342 -0.303125 -0.172311 -0.128181 0
-0.559869 -0.206776 0.095504 0.201002 -0.462406 -0.506543 -0.302175 -0.180671 -0.120098 0
-0.425458 -0.198830 -0.625393 -0.441078 -0.375779 -0.492618 -0.409533 -0.284152 -0.248448 0
0.388198 -0.133997 -0.869257 -0.511462 -0.758867 -0.357491 -0.468116 -0.376079 -0.318650 0
-0.274223 -0.181759 -0.344429 -0.283300 -0.183177 -0.391272 -0.373458 -0.247887 -0.221033 0
-0.449836 -0.202197 -0.718397 -0.462822 -0.636058 0.053634 -0.384824 -0.307896 -0.261793 0
-0.597967 -0.212619 -0.591343 -0.357231 -0.404415 -0.480355 -0.423905 -0.276511 -0.219614 0
-0.439520 -0.195184 -0.298143 -0.254301 -1.079865 -0.442896 -0.394515 -0.244242 -0.187917 0
-0.602064 -0.211212 -0.712887 -0.469838 -0.456072 -0.457372 -0.401770 -0.318858 -0.291177 0
-0.510402 -0.192938 -0.095993 -0.166176 -0.513164 -0.285051 -0.314713 -0.210955 -0.163614 0
-0.306483 -0.177441 -0.514249 -0.427885 -0.268944 -0.402191 -0.262060 -0.299231 -0.283727 0
-0.769095 -0.220384 -0.618146 -0.414804 -0.351949 -0.487706 -0.357713 -0.294508 -0.261641 0
-0.093687 -0.172719 -0.556790 -0.417130 -0.602791 -0.374876 -0.434426 -0.334401 -0.285762 0
-0.489324 -0.196721 -0.049069 -0.064483 0.104439 -0.496079 -0.241621 -0.167425 -0.134368 0
-0.464899 -0.202084 -0.713422 -0.462468 -0.864425 -0.437873 -0.472355 -0.330507 -0.274583 0
0.493199 -0.081176 0.393522 0.282649 -0.173193 -0.498761 -0.322352 -0.168584 -0.105483 0
-0.238345 -0.183196 -0.671822 -0.449635 -0.911408 -0.208095 -0.433269 -0.334804 -0.292759 0
-0.093987 -0.150200 -0.312414 -0.339724 0.045704 0.052491 -0.225966 -0.233558 -0.218488 0
-0.231418 -0.186073 -0.767489 -0.488055 -0.330501 -0.502291 -0.373167 -0.286184 -0.270064 0
-0.506889 -0.197615 -0.260911 -0.251081 -0.194076 -0.273706 -0.255194 -0.220739 -0.186120 0
0.073832 -0.112421 0.658724 0.489716 -0.187880 -0.300988 -0.201169 -0.147232 -0.081390 0
-0.164712 -0.173616 -0.649859 -0.467290 -0.489669 1.552938 -0.368987 -0.306439 -0.267750 0
-0.320586 -0.185832 -0.252524 -0.205551 -0.563066 -0.349878 -0.341262 -0.208258 -0.168533 0
-0.784529 -0.222270 -0.749297 -0.486485 -1.037032 -0.160394 -0.533695 -0.360574 -0.300291 0
-0.296545 -0.169140 0.338379 0.165577 -0.442951 -0.505991 -0.307500 -0.156301 -0.105497 0
-0.451960 -0.182678 0.130762 -0.024321 -0.280914 -0.498661 -0.269378 -0.173594 -0.121628 0
-0.699530 -0.211914 -0.316304 -0.281646 -0.427729 -0.462380 -0.326170 -0.250369 -0.206923 0
-0.947568 -0.230707 -0.967914 -0.540348 -0.325920 -0.336391 -0.440240 -0.380881 -0.328513 0
-0.474764 -0.200584 -0.459540 -0.360897 -0.465234 -0.500005 -0.308615 -0.257794 -0.248791 0
0.139090 -0.144261 -0.566806 -0.404112 -0.237430 1.963940 -0.386566 -0.300037 -0.256899 0
-0.635954 -0.206340 -0.322837 -0.301338 -0.669254 -0.004232 -0.302842 -0.184908 -0.162175 0
-0.533285 -0.198100 -0.294717 -0.291089 -0.489377 -0.468717 -0.351063 -0.214979 -0.170934 0
-0.505099 -0.202093 -0.300895 -0.257525 -0.579170 -0.505899 -0.335935 -0.269626 -0.209877 0
-0.736788 -0.216281 -0.758170 -0.504156 -0.936752 -0.262886 -0.406058 -0.366185 -0.310045 0
-0.453763 -0.203713 -0.705460 -0.448927 -0.598257 0.000536 -0.428719 -0.315169 -0.267822 0
0.875411 -0.062065 -0.850731 -0.519987 -0.758300 -0.487689 -0.493767 -0.378537 -0.325045 0
0.579507 -0.089394 -0.722003 -0.495350 -0.376407 -0.204694 -0.339872 -0.276768 -0.261073 0
-0.511697 -0.200708 -0.544866 -0.372075 -0.398921 -0.492440 -0.345741 -0.238776 -0.203681 0
-0.815451 -0.223441 -0.624664 -0.405657 -0.371640 -0.471770 -0.428751 -0.304154 -0.254834 0
-0.561548 -0.201120 -0.232678 -0.255084 -0.008143 -0.475361 -0.299468 -0.242388 -0.206580 0
0.160260 -0.144780 -0.743850 -0.485915 -0.353943 -0.413647 -0.402243 -0.321610 -0.278030 0
-0.530853 -0.196581 0.062038 -0.044055 -0.719049 -0.485478 -0.136042 -0.125609 -0.115073 0
2.796178 0.663944 -0.055864 -0.228702 -1.719378 0.067161 0.071814 -0.109866 -0.156068 0
-0.619487 -0.209856 -0.177650 -0.225878 -0.650181 0.023359 -0.320645 -0.231730 -0.216906 0
4.723704 1.222036 -0.179253 -0.204277 -0.798248 -0.506464 -0.199411 -0.181333 -0.173471 0
-0.688604 -0.213325 -0.417279 -0.308001 -0.723482 -0.486027 -0.418538 -0.268486 -0.208540 0
-0.224226 -0.177272 -0.412364 -0.375453 -0.275158 -0.237498 -0.345013 -0.257189 -0.232687 0
0.120275 -0.157329 -0.878197 -0.521157 -0.511658 -0.505644 -0.429341 -0.364107 -0.310220 0
-0.607378 -0.204494 -0.225063 -0.240431 -0.645945 0.364309 -0.377340 -0.255002 -0.188779 0
-0.868528 -0.223910 -0.697908 -0.473558 -0.466695 -0.229429 -0.442504 -0.331407 -0.285232 0
-0.485596 -0.175428 0.242212 -0.016371 -1.054707 -0.505860 -0.058992 -0.096633 -0.038274 0
-0.629737 -0.212204 -0.578848 -0.404308 -0.363918 -0.502076 -0.392735 -0.313273 -0.261395 0
-0.369659 -0.188750 -0.545154 -0.395338 -0.461939 -0.506453 -0.308709 -0.236663 -0.229063 0
-0.243549 -0.181274 -0.563236 -0.410096 -0.648810 -0.408156 -0.409922 -0.299033 -0.266170 0
-0.674549 -0.214193 -0.468707 -0.266807 -0.930967 -0.365260 -0.452053 -0.288448 -0.205816 0
-0.853530 -0.225187 -0.890783 -0.523485 -0.042891 -0.447662 -0.427559 -0.373944 -0.323536 0
