1.416406 0.408097 2.962269 2.755042 -0.283885 0.283788 5.905514 5.099775 4.139374 1
1.177233 0.437129 5.711358 6.625427 4.235030 -0.296425 6.089581 6.949200 7.581297 1
0.786113 0.240778 3.336541 2.918420 4.201578 2.818387 5.377762 4.888074 3.931438 1
15.953277 29.880976 5.724794 6.889663 -2.597593 -0.638168 12.482919 13.684623 14.263863 0
0.155540 0.085196 5.096833 5.947406 3.220125 -0.684965 4.238840 4.741618 5.076833 1
0.077048 0.065739 3.547951 3.364122 3.856391 -0.219310 4.081759 4.200703 3.931257 1
-0.400379 -0.048503 0.660111 0.253784 2.148529 -0.555879 2.033970 1.275247 0.596316 0
0.113430 0.012362 1.986247 1.617964 0.758204 -0.356633 2.575615 2.142331 1.595941 1
-0.348539 -0.046420 0.662223 0.274193 1.884813 -0.697894 1.510058 0.799778 0.388051 0
0.076462 0.025662 4.486404 5.280635 2.642798 -0.406239 2.352407 2.870529 3.335378 1
0.312147 0.054184 4.512927 5.311433 1.933495 -0.230546 2.741528 2.924386 3.103012 1
2.553043 0.228371 0.051344 -0.279064 1.312748 -0.669974 1.389139 0.553184 0.017915 0
0.461596 -0.002759 0.355941 0.125457 1.956255 -0.527478 0.982376 0.540164 0.215693 1
-0.308167 -0.044912 0.885608 0.500665 1.463991 -0.702661 0.900026 0.755291 0.615027 0
0.671544 0.009531 0.748684 0.588891 2.070540 -0.637955 1.126762 0.745587 0.492598 0
0.963791 0.031246 0.323826 0.078342 1.506050 -0.042649 1.335773 0.825038 0.453787 0
-0.064331 -0.029042 1.084961 0.882575 2.065702 0.670710 1.404243 0.991836 0.695606 0
-0.441429 -0.047392 2.470414 2.331444 1.547251 -0.464265 1.406567 1.627775 1.543261 0
1.390586 0.065529 -0.003344 -0.228268 0.405390 -0.673365 0.965646 0.370504 0.024536 0
-0.141101 -0.050035 -0.244399 -0.388709 1.037368 -0.142717 0.591432 0.130929 -0.189053 0
-0.395603 -0.054604 0.304887 0.006721 -2.692677 -0.424902 0.365493 0.319556 0.168856 0
0.134779 0.005163 3.531494 4.050850 1.307781 -0.117251 1.377709 1.735190 2.070335 1
1.627871 0.118446 1.104621 1.124922 0.433827 -0.573306 1.168150 0.886663 0.805050 0
0.213899 0.019175 2.053152 1.729795 2.416673 -0.664841 1.673399 1.626647 1.718009 0
-0.139751 -0.046506 -0.035512 -0.193840 1.426465 0.444891 0.397562 0.111803 0.010737 0
-0.406270 -0.055310 0.860349 0.492394 -1.086150 1.752713 0.662375 0.406574 0.164306 0
-0.869047 -0.075155 1.262261 0.810472 0.879296 -0.144206 0.993619 0.704978 0.332862 0
-0.850456 -0.067313 1.787867 1.311373 1.099376 0.766152 1.159142 1.242422 1.137171 0
0.447998 -0.019873 0.481101 0.362249 0.528428 -0.633752 0.570645 0.448726 0.300844 0
1.741413 0.064706 0.228253 0.070775 -0.603643 -0.654027 0.452073 0.164113 0.022916 0
-0.168063 -0.034393 0.912115 0.776686 0.984586 -0.435640 0.962330 0.680082 0.606142 0
0.200889 -0.020969 1.068310 0.815940 1.046411 -0.516758 0.675255 0.687455 0.640914 0
0.495960 0.022486 0.397369 0.111164 1.205027 -0.702335 0.693815 0.713453 0.539849 0
0.045755 -0.028417 -0.085643 -0.321290 2.009048 -0.596935 0.500907 0.099024 -0.095039 0
0.527678 0.015158 1.251042 0.898619 0.394214 -0.667426 1.018833 0.441453 0.374466 0
0.613415 0.010679 -0.315436 -0.486099 0.697752 1.246449 0.787317 0.091386 -0.240458 1
-0.469238 -0.065584 1.116948 0.933372 0.837880 -0.692902 0.711847 0.582647 0.420091 0
-0.265952 -0.044523 0.709177 0.466500 1.176612 0.955625 0.672956 0.496926 0.479362 0
0.970721 0.023563 0.068668 -0.085315 0.049523 -0.451621 0.692784 0.193203 -0.045784 0
0.806969 0.009939 -0.016942 -0.256437 -0.701035 -0.677331 0.149922 -0.030877 -0.122946 0
-0.506572 -0.062451 0.705395 0.469752 0.070867 0.562059 0.310223 0.357960 0.305991 0
-0.004672 -0.035543 0.224269 -0.122331 2.069457 -0.570027 0.632326 0.289527 0.041517 0
-0.661418 -0.068776 -0.025342 -0.224800 0.688922 -0.404008 0.259751 0.194871 -0.011168 0
-0.553289 -0.060410 1.232113 1.051227 -0.707388 1.601220 0.639010 0.680117 0.660518 1
0.159090 -0.030420 0.682438 0.428324 1.300398 0.209105 0.456414 0.371539 0.244458 0
-0.430453 -0.044273 1.905799 1.369145 -0.897010 -0.249522 1.330002 1.199699 0.827303 0
-0.387738 -0.066045 0.296091 0.183954 1.290627 -0.588216 0.451927 0.222508 -0.012439 0
-0.438689 -0.058251 0.522309 0.156727 0.015315 -0.673663 0.699551 0.541364 0.353320 0
0.381765 -0.015992 0.011376 -0.086031 1.117112 -0.448586 0.667951 0.284442 0.111993 0
-0.566968 -0.064329 0.845075 0.546562 0.538798 -0.702387 0.489992 0.425818 0.313669 0
-0.270200 -0.054954 0.422577 0.367030 1.147271 -0.502641 0.320237 0.252830 0.224098 0
0.192803 -0.056082 -0.999034 -0.737868 -0.753531 0.055542 -0.210074 -0.355064 -0.449818 0
0.233944 -0.024416 -0.175992 -0.379261 0.557689 -0.368354 0.410110 0.198154 0.001218 0
-0.381707 -0.052279 -0.244367 -0.484429 1.510572 0.387557 0.411948 0.008267 -0.196865 0
1.051811 0.024003 0.294259 0.091258 1.922164 -0.460340 0.527330 0.186640 0.072604 0
1.066649 0.021995 -0.627006 -0.645236 2.124752 -0.677614 0.352808 -0.173635 -0.330969 0
0.214005 -0.043977 -0.086171 -0.125398 -0.258514 0.661985 0.089177 0.013400 -0.088398 0
0.327710 -0.025868 -0.268623 -0.415261 -0.197965 -0.654661 0.591817 0.161337 -0.121006 0
-0.270722 -0.062510 -0.088814 -0.181162 0.503854 -0.642028 0.140430 0.006299 -0.188693 0
-0.551272 -0.060367 1.085426 0.768357 1.096857 -0.491346 0.602901 0.445291 0.433395 0
0.393302 -0.012019 0.513302 0.243603 1.926593 -0.357784 0.296510 0.062293 -0.030117 0
0.261575 -0.033199 -0.475241 -0.514989 1.416763 1.602767 0.310888 -0.070288 -0.239507 0
-0.329188 -0.057442 0.424610 0.148573 0.152335 -0.610282 0.113884 -0.011961 -0.021808 0
0.350159 -0.023647 -0.555303 -0.596268 1.212580 0.759793 0.101379 -0.230555 -0.315522 0
0.193015 -0.039665 -0.056176 -0.052476 1.153934 1.292927 0.158847 0.037812 0.002181 0
0.267656 -0.026054 0.157171 -0.021625 0.426068 0.508136 0.502110 0.387747 0.215148 0
0.437688 -0.022272 -0.286536 -0.391343 -0.613618 -0.548053 0.369325 -0.122436 -0.254911 0
0.104804 -0.036660 -0.492845 -0.537108 -0.726001 3.903975 -0.084091 -0.197950 -0.234949 0
-0.155177 -0.053813 -0.160481 -0.319712 0.471313 -0.699145 -0.039095 -0.161062 -0.215481 1
-0.678401 -0.065823 1.868966 1.864382 -0.101008 -0.687710 0.343164 0.606032 0.826767 0
-0.847956 -0.075408 0.294841 0.136950 0.905552 -0.304688 0.120292 0.069393 0.124574 0
0.449183 -0.003547 0.532887 0.405410 -0.461298 -0.474969 0.544273 0.470536 0.477633 0
0.006275 -0.055217 -0.740356 -0.629752 0.852688 -0.492913 -0.049573 -0.154818 -0.331348 0
0.497547 -0.006275 0.236489 -0.094907 1.255016 0.409387 0.378339 0.098209 -0.033837 0
0.683871 0.008939 0.557879 0.438551 1.667656 -0.610189 0.767941 0.500942 0.354101 0
-0.818243 -0.076690 0.984023 1.013820 -0.077929 4.138703 0.136914 0.167111 0.207971 0
-0.646335 -0.069481 0.666666 0.649689 0.016230 0.346665 0.355193 0.307722 0.316047 0
-0.960891 -0.082422 0.040337 -0.042555 0.444834 -0.692936 0.174628 0.155186 0.006171 0
0.145269 -0.033612 0.004086 -0.222212 -0.138906 -0.622517 0.103452 0.060640 -0.102356 0
-0.335602 -0.055738 0.067677 -0.136908 0.802490 0.123070 0.358275 0.270036 0.131102 0
0.269988 -0.004160 0.692180 0.316708 1.525106 1.220082 0.498097 0.316374 0.221037 0
-0.048479 -0.039325 0.288909 -0.020098 1.363084 -0.647144 0.096862 0.177850 0.148478 0
0.159415 -0.028619 0.560530 0.314774 -0.615759 -0.701817 -0.279150 -0.198693 0.081436 0
-0.251958 -0.055530 0.530493 0.365449 -0.824174 -0.285007 0.200219 0.042442 -0.000935 0
-0.045216 -0.041036 0.012900 -0.209105 1.593723 -0.438612 0.651683 0.079357 -0.062714 1
-0.124621 -0.047733 0.357877 0.191167 0.366311 -0.490370 0.221102 0.202586 0.174557 0
-0.300934 -0.055210 0.396116 0.122058 -0.426116 -0.701608 0.207108 0.202577 0.134708 0
0.454826 -0.034044 0.154369 0.008061 0.522008 0.272270 -0.045198 0.016232 -0.067627 0
0.066515 -0.035958 0.145662 -0.115657 0.598268 0.918234 -0.099585 -0.088164 -0.102687 0
-0.567362 -0.067702 0.593613 0.291626 0.390944 -0.571573 0.329096 0.342212 0.230764 0
-0.597305 -0.060062 1.920764 1.757589 0.699783 -0.140244 0.474392 0.805428 0.939568 0
-0.483202 -0.065309 0.287100 0.022724 1.208537 0.244095 0.440624 0.279304 0.070621 0
-0.226919 -0.042547 -0.191799 -0.347977 0.363198 0.210907 0.501784 0.273107 0.100620 0
-0.696172 -0.074191 0.320092 0.070953 0.832107 -0.013857 -0.006917 -0.084529 -0.161804 0
-0.096465 -0.052437 -0.023046 -0.211957 -1.234576 1.054291 -0.207123 -0.250602 -0.287160 0
-0.564985 -0.058419 0.880745 0.421754 0.107814 -0.578059 0.274944 0.524923 0.484574 0
-0.076131 -0.053228 0.054465 -0.032949 0.897619 1.968877 0.046235 0.031571 -0.015418 0
-0.691009 -0.069841 0.427012 0.104723 1.076952 -0.281501 -0.073875 -0.091367 -0.039426 1
-0.692767 -0.074537 0.449878 0.314153 0.061342 -0.179713 -0.056108 -0.045504 -0.051817 0
-0.317300 -0.057237 -0.591571 -0.625360 0.702770 0.509225 -0.078873 -0.337311 -0.395166 0
0.327450 -0.035775 -0.178434 -0.223966 -0.422841 0.414253 0.120340 -0.056744 -0.173883 0
4.330347 0.234607 -0.994068 -0.791983 1.075763 -0.008570 0.034216 -0.274254 -0.448764 0
0.294182 -0.028801 -0.465569 -0.597447 0.000991 -0.702797 0.089517 -0.172779 -0.323698 0
-0.438093 -0.068654 -0.363666 -0.314424 -2.481398 0.490592 -0.470757 -0.395183 -0.246736 0
-0.262959 -0.056961 0.031226 -0.139173 1.236216 -0.698362 0.025844 -0.061742 -0.137614 0
-0.186735 -0.058116 -0.163032 -0.208271 0.376285 -0.529498 -0.074563 -0.067522 -0.140135 0
-0.755945 -0.077449 0.236652 0.079145 0.019525 -0.355234 0.022269 -0.100878 -0.200256 0
-0.120291 -0.059320 -0.534834 -0.470852 0.823005 -0.006023 -0.170189 -0.245518 -0.312794 0
1.143394 0.004944 -0.609449 -0.588010 1.328556 -0.688360 -0.012487 -0.232729 -0.330839 0
0.094715 -0.041806 -0.299196 -0.410862 0.105757 -0.659015 -0.025075 -0.194641 -0.242416 0
-0.213981 -0.058080 -0.087854 -0.244955 -0.134904 1.624308 -0.100966 -0.276083 -0.300182 0
-0.158977 -0.054937 -0.187085 -0.299628 0.434340 -0.693897 -0.219044 -0.236094 -0.264072 0
-0.475580 -0.041727 1.118497 0.616118 -1.191960 -0.339086 0.370113 0.456642 0.650744 0
-0.460347 -0.063483 0.195048 0.042345 1.868532 -0.110444 0.288027 0.010643 -0.049157 0
0.449120 -0.018048 -0.099384 -0.233013 0.786324 -0.685591 -0.008068 -0.198685 -0.198979 0
-0.676424 -0.071341 0.629634 0.313562 0.040772 0.114835 0.013932 0.105739 -0.001557 0
0.221052 -0.045605 -0.845337 -0.737554 0.856602 -0.696315 -0.331358 -0.419957 -0.477582 0
-0.510019 -0.065483 1.407549 1.297316 0.394200 -0.442175 0.527906 0.521901 0.469599 0
0.457150 -0.034755 -0.648328 -0.523847 1.233236 -0.696875 -0.144211 -0.268767 -0.321798 1
-0.835475 -0.074714 0.704297 0.539141 0.798968 -0.391686 0.042240 0.220920 0.321521 0
-0.353961 -0.062666 -0.297270 -0.365761 -1.130215 -0.235832 -0.290269 -0.324568 -0.287259 0
-0.623710 -0.065146 1.238777 0.774139 0.898053 -0.262315 0.497285 0.470587 0.417690 0
-0.004889 -0.050338 -0.507266 -0.488467 0.982471 -0.567387 0.014626 -0.140858 -0.204224 0
0.229219 -0.041619 -0.113211 -0.135345 0.005331 -0.520699 -0.168672 -0.105155 -0.084804 0
0.062080 -0.042046 -0.370344 -0.338457 0.100187 -0.606413 -0.054071 -0.073094 -0.067218 0
0.119344 -0.036235 0.418731 0.272005 0.727007 1.872362 0.134438 0.224757 0.187597 0
0.447420 -0.001471 -0.130976 -0.282755 -0.052813 -0.547455 0.095026 0.063225 0.048028 0
0.203135 -0.049015 -0.987523 -0.794759 0.901859 -0.628906 -0.035311 -0.354653 -0.482520 0
-0.150471 -0.061512 -0.787516 -0.643259 0.320043 -0.679433 -0.190345 -0.284453 -0.347340 0
-0.611980 -0.063390 0.810416 0.534433 0.294430 -0.116708 0.200578 0.356971 0.461405 0
1.048030 -0.013923 -0.567182 -0.445932 0.520938 1.879364 -0.266123 -0.344256 -0.329743 0
-0.013354 -0.040550 -0.149157 -0.313833 0.582525 -0.696102 0.181473 -0.088384 -0.191952 0
-0.611885 -0.066343 0.648049 0.452908 0.442825 -0.650717 0.332289 0.445881 0.430441 0
-0.605370 -0.078289 -0.233982 -0.058389 0.064231 3.452900 -0.204873 -0.216337 -0.184428 0
0.846294 -0.010823 -0.985938 -0.788541 0.552694 -0.581475 -0.233746 -0.352949 -0.416949 0
-0.216314 -0.064781 -0.358300 -0.399979 0.756611 0.300810 -0.025489 -0.276218 -0.356416 0
-0.270272 -0.050726 0.530489 0.289835 -0.106822 -0.389105 -0.122083 0.181162 0.311233 0
-0.363877 -0.061077 0.774154 0.613140 -0.285716 0.955830 0.417188 0.425778 0.308388 0
0.986624 -0.002049 -0.893636 -0.704096 -1.104320 -0.591515 -0.112279 -0.315271 -0.349507 0
1.105939 -0.005711 -0.419231 -0.266383 0.383189 0.081881 0.005332 -0.152991 -0.156064 0
0.001932 -0.041642 0.397328 0.183205 0.468768 0.576276 0.156853 0.290194 0.239115 0
0.049657 -0.037704 -0.104047 -0.277657 -0.428940 -0.693959 -0.173658 -0.092922 -0.090236 0
0.027164 -0.047507 -0.338335 -0.382101 -0.245211 1.065210 -0.056743 -0.135706 -0.225724 0
-0.222313 -0.060926 -0.617734 -0.481006 -1.727508 -0.259355 -0.458902 -0.353434 -0.272969 0
-0.658216 -0.063428 0.837322 0.553217 -0.339010 -0.603777 0.229205 0.375705 0.505776 0
0.648004 -0.020277 -0.919682 -0.731167 0.486718 -0.644096 -0.208702 -0.285697 -0.315874 0
-0.180235 -0.057814 -0.028865 -0.115842 0.384633 -0.698286 -0.209876 -0.130394 -0.097285 0
-0.653095 -0.070325 0.737049 0.590403 0.334420 -0.674885 -0.056167 0.109291 0.212981 0
-0.869021 -0.073092 0.341215 -0.026754 0.327650 -0.692526 -0.153692 -0.053992 0.115540 0
-0.020185 -0.044677 -0.540313 -0.621759 0.112528 -0.602388 -0.245586 -0.330256 -0.356544 0
-0.531828 -0.071792 -0.264482 -0.291436 -2.008111 -0.246394 -0.408123 -0.234026 -0.245426 0
-0.616439 -0.066789 2.113382 2.412424 0.490190 0.018042 0.434638 0.500429 0.600941 0
-0.018344 -0.045511 0.844194 0.857694 0.933365 -0.590533 0.108412 0.217545 0.232382 0
-0.848100 -0.083313 0.297341 0.394339 -1.915652 -0.645996 -0.559839 -0.347568 -0.215577 0
0.106580 -0.046797 0.201309 0.235211 0.550543 -0.623066 -0.078937 -0.064557 0.041031 0
-0.027515 -0.034085 -0.125952 -0.216620 0.607349 -0.397378 0.077616 0.063615 0.126869 0
0.850327 -0.019719 -0.990731 -0.770413 0.095155 -0.594404 -0.378755 -0.391750 -0.465254 0
-0.543317 -0.061903 1.756803 1.817064 0.568238 -0.619951 0.441094 0.454204 0.521307 0
-0.505304 -0.062181 -0.321863 -0.430976 -1.249746 -0.525922 -0.212479 -0.262467 -0.256019 0
0.743723 -0.026712 -1.157945 -0.859026 0.924882 -0.284928 0.133252 -0.271712 -0.451691 0
-0.963981 -0.081060 0.700423 0.546224 0.592755 -0.597592 -0.067103 0.080622 0.193203 0
0.136474 -0.042565 -0.744299 -0.667174 0.254349 -0.550863 -0.222606 -0.380430 -0.394632 0
1.087566 0.012131 -0.423381 -0.470926 -0.409162 0.745852 -0.494692 -0.431627 -0.390162 0
-0.182475 -0.054803 1.474577 1.690144 -0.088208 -0.491423 0.030942 0.259659 0.421582 1
-0.682214 -0.069884 1.457332 1.411465 0.218083 -0.632908 0.417612 0.507431 0.533330 0
-0.240965 -0.053624 0.420927 0.331306 -0.098147 0.240490 0.109402 0.127416 0.241907 0
-0.308196 -0.059534 -0.544721 -0.593322 -0.674471 -0.393866 -0.113075 -0.320046 -0.378711 0
0.436984 -0.033538 -0.961662 -0.764144 1.199633 -0.484580 -0.024954 -0.259420 -0.327834 0
-0.872665 -0.081752 0.202326 0.275335 -0.140360 -0.631890 -0.146952 -0.062422 -0.051913 0
-0.387408 -0.071210 -0.726545 -0.570815 0.944558 1.138986 -0.307328 -0.355719 -0.382658 1
-0.205658 -0.066650 -0.530138 -0.424803 -0.113460 -0.697570 -0.360975 -0.321217 -0.344350 0
1.039487 -0.001423 -0.436411 -0.281654 0.720351 -0.323958 0.030051 -0.132325 -0.108374 0
-0.373000 -0.066657 -0.217194 -0.243394 0.056699 0.174168 -0.075830 -0.035896 -0.097959 0
-0.019787 -0.048624 -0.362392 -0.405650 0.075965 0.819306 -0.135874 -0.108925 -0.124990 0
0.079119 -0.053043 -0.502331 -0.381220 0.435626 0.651049 -0.204888 -0.140686 -0.152394 0
-0.066947 -0.056293 -0.859779 -0.727332 0.974313 1.283704 -0.104320 -0.435859 -0.461681 0
0.404676 -0.032519 -0.556526 -0.536142 0.482031 -0.701614 -0.197561 -0.206712 -0.241929 0
1.796641 0.062243 -1.237785 -0.931181 0.374712 -0.302215 0.067254 -0.364503 -0.515820 0
0.368745 -0.052551 -1.036999 -0.681539 -1.275732 -0.272440 -0.386839 -0.378642 -0.384315 0
-0.526914 -0.068961 -0.365863 -0.477113 -0.490431 -0.138530 -0.075531 -0.255467 -0.364411 0
0.996979 0.006157 -1.061279 -0.841905 0.087831 -0.673967 0.034808 -0.394635 -0.485604 1
-0.353873 -0.062966 0.245081 0.041668 -0.656647 -0.213108 -0.063953 -0.042030 -0.047312 0
-1.099407 -0.088004 -0.590498 -0.430377 -0.664367 -0.435041 -0.560282 -0.461379 -0.438279 0
1.664658 0.019349 -0.676632 -0.444144 0.478619 -0.447184 -0.157462 -0.311937 -0.291752 0
-0.233649 -0.060732 -0.076989 -0.161378 0.879848 -0.692958 -0.119530 -0.251817 -0.338441 0
-0.497696 -0.070622 -0.091248 -0.152536 -0.589719 -0.671166 -0.361798 -0.199678 -0.150462 0
-0.111578 -0.053576 -0.061752 -0.118146 0.025596 -0.533391 -0.203368 -0.191607 -0.221977 0
-0.197214 -0.049966 -0.047642 -0.280719 -0.238609 0.321144 -0.283405 -0.176780 -0.168015 0
-0.360726 -0.064945 -0.102353 -0.105530 0.154339 -0.669509 -0.216773 -0.133767 -0.103794 0
-0.416849 -0.065077 -0.550834 -0.576647 -1.063877 2.573275 -0.126960 -0.312446 -0.398047 0
-0.492847 -0.069251 0.059402 -0.028474 -0.776824 -0.669118 -0.303735 0.025771 0.071499 0
-0.665162 -0.075145 -0.131208 -0.233532 -0.669809 -0.696314 -0.228173 -0.188523 -0.166568 0
-0.409745 -0.066656 0.250311 0.081798 0.377069 -0.425890 -0.130705 -0.164424 -0.158977 0
-0.678808 -0.074024 -0.149250 -0.301755 -0.309561 0.385780 0.095296 -0.239916 -0.355691 0
0.350959 -0.011706 -0.400066 -0.549125 -1.539932 1.346707 0.075311 -0.213698 -0.310393 0
-0.532004 -0.075838 -0.790591 -0.559818 -1.149893 3.896912 -0.358960 -0.429443 -0.425123 0
0.314702 -0.042403 -0.689223 -0.600206 -0.219096 -0.700949 -0.424919 -0.338907 -0.339859 0
-0.251643 -0.066482 -0.468055 -0.334147 -0.035253 -0.081875 -0.390266 -0.410948 -0.375741 0
0.045293 -0.037522 0.404037 0.413534 -0.175782 -0.120057 0.115602 0.075953 0.227587 0
0.308697 -0.038807 -0.120588 -0.148108 -0.903690 -0.149680 -0.378122 -0.293684 -0.210166 0
-0.461326 -0.069645 -0.234740 -0.189903 0.182048 -0.570707 0.064586 0.053540 -0.051362 0
0.285988 -0.042473 -0.770630 -0.632510 -0.507856 -0.087085 -0.220613 -0.172695 -0.198035 0
-0.762355 -0.075104 0.370868 0.147124 0.184121 1.483752 -0.203859 -0.086941 0.030335 0
-0.474613 -0.063495 0.677489 0.573280 -0.125545 -0.702189 0.088369 0.131251 0.238166 0
-0.509488 -0.067289 0.289110 0.088344 -0.491528 -0.128550 -0.221407 -0.225365 -0.178991 0
-0.404518 -0.063196 0.048491 -0.187526 -0.972042 -0.570302 -0.153044 -0.232810 -0.257930 0
-0.382289 -0.061740 -0.560054 -0.590716 0.201738 -0.440686 -0.239295 -0.235655 -0.298221 0
-0.109587 -0.055625 -0.099430 -0.081558 0.072914 -0.498036 -0.153641 -0.015226 0.005255 0
-0.296579 -0.058823 -0.269213 -0.474166 -0.997525 -0.537017 -0.561577 -0.423257 -0.400468 0
2.136846 0.059837 -0.678901 -0.592290 0.527416 0.071521 -0.290715 -0.416096 -0.384935 0
0.517250 -0.027013 -0.640910 -0.582837 -0.077587 0.803636 -0.330682 -0.384001 -0.373988 0
0.691583 -0.009903 0.494516 0.551092 -0.153340 -0.633792 0.005854 0.065526 0.151525 1
-0.007910 -0.049587 0.356304 0.344906 -0.119229 1.249887 -0.055481 0.041715 0.095497 0
0.555367 -0.041660 -1.067037 -0.798460 -0.003998 -0.096229 -0.439485 -0.477027 -0.522214 0
0.002950 -0.041541 -0.109488 -0.315864 0.819487 -0.607018 0.011332 -0.019470 -0.179758 0
-0.196438 -0.054374 -0.465223 -0.499278 -1.127374 -0.563358 -0.499075 -0.408484 -0.307715 0
0.033778 -0.053074 -0.436116 -0.364868 0.359043 -0.655380 -0.414474 -0.335664 -0.250547 0
4.053460 0.183103 -1.114774 -0.802388 0.286303 -0.289069 -0.258017 -0.402446 -0.455136 0
-0.385961 -0.065504 -0.434430 -0.438645 0.001537 -0.651403 -0.309390 -0.300500 -0.251294 0
1.137882 -0.019504 -1.327887 -0.921932 -0.477408 -0.574296 -0.589255 -0.603168 -0.607813 0
-0.409490 -0.068440 -0.308554 -0.323069 0.334893 1.961278 -0.317512 -0.159272 -0.166553 0
-0.321686 -0.068072 -0.513169 -0.503870 -1.253536 -0.170254 -0.535167 -0.438269 -0.442935 0
-0.185092 -0.057181 -0.022963 -0.184864 -0.390810 0.636845 -0.493884 -0.406776 -0.371790 0
0.262983 -0.043052 -0.709042 -0.619107 0.160086 -0.066075 -0.321959 -0.405013 -0.391125 0
1.575730 0.002820 -1.229621 -0.810547 -0.199484 -0.545014 -0.295549 -0.506369 -0.494478 0
-0.185268 -0.059943 -0.849106 -0.725556 0.153282 -0.664546 -0.436455 -0.534498 -0.430906 0
-0.172626 -0.059715 0.156916 0.088630 -0.336466 0.931270 0.026613 -0.152876 -0.166129 0
0.163982 -0.039986 -0.173064 -0.325645 0.567476 -0.701807 -0.108646 -0.228659 -0.227809 0
-0.338323 -0.065135 -0.242397 -0.300362 0.436074 0.170898 -0.332580 -0.332297 -0.293519 0
0.334177 -0.048556 -1.163651 -0.843853 -0.148966 6.808520 -0.731453 -0.609443 -0.543848 0
-0.188745 -0.066780 -0.382544 -0.243639 -0.117264 -0.702796 -0.312528 -0.295109 -0.283930 0
-0.803290 -0.081653 -0.460921 -0.353743 -0.339180 0.007114 -0.364435 -0.266612 -0.288021 0
0.015417 -0.044578 -0.134006 -0.308425 0.676297 0.176826 -0.259778 -0.191339 -0.227406 0
-0.377494 -0.069612 -0.663856 -0.532416 -0.491130 0.839377 -0.390202 -0.336870 -0.308961 0
0.550137 0.011138 0.288289 0.025983 -0.147304 1.855074 0.263382 0.241679 0.229292 0
1.694243 0.015427 -1.448804 -0.998332 0.590517 -0.696531 -0.332872 -0.573953 -0.614398 0
0.039904 -0.056579 -0.864364 -0.639969 -0.814869 -0.700687 -0.820760 -0.647139 -0.463306 0
-0.447530 -0.068985 -0.020797 -0.040525 -0.812279 -0.266915 0.039758 -0.026525 -0.095192 0
-0.344809 -0.054585 0.785458 0.716143 -1.345175 -0.389040 0.030129 0.186633 0.198392 0
-0.466979 -0.064026 -0.420795 -0.539094 -1.244109 -0.283791 -0.626057 -0.303318 -0.241632 0
0.090065 -0.039074 0.800311 0.658786 -0.562439 -0.679221 -0.364153 -0.090775 0.086645 0
-0.139087 -0.043630 0.739103 0.474270 0.337684 1.377553 -0.099224 0.016571 0.159561 0
-0.366737 -0.064551 -0.191877 -0.299146 0.327105 -0.530662 -0.203241 -0.251522 -0.257366 0
0.430660 -0.051140 -1.072702 -0.758649 0.340045 -0.652298 -0.469156 -0.507074 -0.510381 0
-0.663267 -0.078439 0.187971 0.243789 -0.029219 -0.657123 -0.238460 -0.165236 -0.134454 0
-0.122966 -0.056960 -0.381755 -0.353746 -0.423650 0.476971 -0.257601 -0.251691 -0.208948 0
-0.282768 -0.055650 -0.031669 -0.076108 -1.472866 -0.122534 0.130860 0.059580 0.040956 0
-0.063748 -0.048907 -0.449249 -0.552183 0.259750 -0.408340 -0.261641 -0.304021 -0.309547 0
0.187101 -0.043667 -0.550206 -0.544433 0.588936 1.106190 -0.238625 -0.346732 -0.373836 0
-0.718520 -0.070191 0.319418 0.036440 0.032253 1.209725 0.250464 -0.062785 -0.169010 0
-0.267135 -0.063727 -0.466723 -0.446608 -0.053762 0.960138 -0.186732 -0.159475 -0.212939 0
4.983398 0.309348 -1.397587 -0.954588 0.279801 1.429210 -0.293918 -0.475306 -0.538022 0
-0.150273 -0.057084 -0.417789 -0.336370 -1.536401 -0.362826 -0.390976 -0.227436 -0.172870 0
-0.305337 -0.066366 -0.422657 -0.325311 -0.168630 0.327343 -0.411017 -0.238452 -0.174011 0
-0.661349 -0.076281 -0.569173 -0.534150 -2.278419 -0.271633 -0.826524 -0.563160 -0.405405 0
-0.097673 -0.060980 -0.752345 -0.625551 0.168737 -0.042827 -0.533331 -0.517931 -0.472741 0
0.434835 -0.042977 -1.114197 -0.851078 0.417259 -0.695546 -0.610894 -0.627329 -0.559607 0
-0.097622 -0.044027 -0.329530 -0.434203 -0.527338 0.850117 0.138902 -0.094175 -0.134263 0
-0.158778 -0.049099 0.631654 0.415775 -0.184502 0.753286 -0.291574 0.030855 0.197562 0
-0.237662 -0.061382 -0.505896 -0.405537 0.972635 0.290659 -0.124327 -0.256010 -0.232936 0
-0.616345 -0.078961 -0.505007 -0.436502 -1.233074 -0.403232 -0.279257 -0.174449 -0.271677 0
-0.577630 -0.071682 1.159622 1.235496 -0.225884 -0.635840 -0.020767 0.107603 0.245941 0
0.217538 -0.031149 0.579878 0.566145 0.265463 0.239358 0.016912 0.068440 0.152578 0
0.167743 -0.043232 -0.530155 -0.486179 -0.057358 -0.007769 -0.366646 -0.209615 -0.190434 0
-0.900596 -0.084904 -0.559392 -0.481851 -0.284778 -0.635790 -0.435813 -0.413491 -0.461711 0
-0.488178 -0.076410 -0.687823 -0.452736 -0.776320 -0.134459 -0.650666 -0.520949 -0.434320 0
0.449222 -0.026259 -0.355450 -0.437300 0.081464 -0.702782 -0.111331 -0.114778 -0.148589 0
0.377076 -0.037278 -1.008403 -0.816203 -1.597894 1.687967 -0.743074 -0.655807 -0.578560 0
-0.518960 -0.075585 -0.147661 0.015488 0.111216 -0.619575 -0.263518 -0.179465 -0.161813 0
0.261292 -0.027336 0.142711 -0.000735 -0.153036 0.373966 -0.104801 -0.066831 -0.016918 0
-0.621096 -0.070660 -0.095917 -0.228299 0.092607 0.986455 -0.220725 -0.151504 -0.085232 0
-0.227139 -0.070394 -0.918774 -0.694963 0.303965 -0.032133 -0.428555 -0.454417 -0.466638 0
4.429123 0.267578 -0.233306 -0.043186 -0.842183 -0.556804 -0.130261 -0.172404 -0.139544 0
0.438626 -0.030361 -0.273602 -0.284366 1.116599 -0.699821 -0.232038 -0.318177 -0.298851 0
0.113499 -0.026068 0.280712 0.036057 -1.313158 -0.568176 -0.135882 0.028288 0.116053 0
-0.933906 -0.086798 -0.870132 -0.597486 -0.386603 -0.206476 -0.693737 -0.543310 -0.470227 1
-0.592421 -0.067250 0.323786 0.116059 -0.280196 -0.397835 0.012529 0.140757 0.223652 0
-0.199597 -0.057535 -0.610192 -0.594968 -0.075630 -0.702104 -0.407369 -0.405567 -0.387432 0
0.112651 -0.051190 -0.997358 -0.802955 -0.298091 1.070988 -0.490449 -0.512966 -0.508819 0
-0.398513 -0.064127 0.983333 0.973580 -0.199865 0.205257 -0.199562 0.068852 0.181248 0
-0.180577 -0.058662 -0.449662 -0.456007 0.373194 -0.568623 -0.228743 -0.168497 -0.222202 0
-0.728568 -0.078269 -0.046815 -0.070782 0.042357 -0.626787 -0.135140 -0.123807 -0.223149 0
-0.937566 -0.084474 -0.657217 -0.587292 0.165846 -0.400979 -0.402128 -0.391552 -0.470183 0
-0.174475 -0.063602 -0.658398 -0.521555 -0.156230 2.075743 -0.423739 -0.310084 -0.284094 0
-0.202584 -0.062513 -0.485222 -0.481127 0.281934 -0.685618 -0.493812 -0.458157 -0.432275 0
-0.238344 -0.060130 -0.186594 -0.316102 0.042617 -0.684286 -0.125031 -0.149824 -0.229697 1
-0.388430 -0.070924 -0.642392 -0.511571 0.012780 -0.499143 -0.186736 -0.262254 -0.308674 0
-0.364348 -0.065701 0.007198 -0.125992 -0.727119 -0.425908 -0.362028 -0.142141 -0.135879 0
0.059050 -0.045913 -0.592948 -0.634890 -0.477062 1.377267 -0.616636 -0.495430 -0.447078 0
-0.096255 -0.055322 -0.049899 -0.055715 -0.195982 -0.397234 -0.130046 -0.133544 -0.093223 0
-0.577053 -0.070407 0.136272 0.010130 -1.839875 -0.688133 -0.258552 -0.147458 -0.110918 0
-0.579879 -0.060623 0.522830 0.235367 -0.329415 0.358725 -0.008111 0.157449 0.248205 0
-0.388934 -0.074384 0.310955 0.407411 -0.603145 -0.538724 -0.322035 -0.223798 -0.201155 0
0.286800 -0.032692 -0.230815 -0.323787 -0.101602 -0.603313 -0.255420 -0.308494 -0.310010 0
0.393114 -0.036492 -0.263126 -0.287052 -0.101738 -0.657932 -0.536346 -0.360230 -0.230956 0
3.132537 0.071129 -1.283161 -0.839300 0.017831 -0.239229 -0.481303 -0.505577 -0.518869 0
-0.598999 -0.076501 0.066906 0.018793 -0.728618 -0.697126 -0.390331 -0.358826 -0.259827 0
0.070528 -0.054563 -0.740311 -0.616358 -0.513420 -0.329611 -0.523115 -0.466713 -0.456900 0
-0.433388 -0.070119 -0.564550 -0.496500 0.050710 -0.574500 -0.573232 -0.366288 -0.282807 0
-0.805351 -0.081074 -0.516343 -0.467872 0.149983 -0.240599 -0.346438 -0.335708 -0.328999 0
-0.847895 -0.073562 1.258107 0.873777 -0.442316 0.689432 -0.038027 0.234498 0.354749 0
-0.632991 -0.076580 0.093649 0.259580 -0.694471 2.431941 -0.227309 -0.183326 -0.069670 0
-0.425155 -0.054864 0.318496 -0.034976 -2.493181 -0.530294 -0.353365 -0.343270 -0.212823 0
-0.171492 -0.063526 -0.065958 -0.097040 0.020085 0.065255 -0.220589 -0.172746 -0.163719 0
-0.403737 -0.066873 -0.283450 -0.304703 -0.019467 -0.605841 -0.330733 -0.307433 -0.232886 0
-0.740147 -0.074237 1.786829 1.963487 0.018788 -0.678725 0.186169 0.442711 0.558488 0
-0.101687 -0.057759 -0.502077 -0.490539 0.353925 -0.684213 -0.366142 -0.411551 -0.392986 0
0.177032 -0.047957 -0.756922 -0.639789 -0.643131 1.345241 -0.385978 -0.344224 -0.348828 0
-0.333865 -0.065626 0.673672 0.630047 -0.047719 -0.692793 -0.271584 0.014732 0.125256 0
-0.074567 -0.064802 -1.096462 -0.714963 -0.489452 -0.020588 -0.695161 -0.529010 -0.437745 0
0.446031 -0.025873 -0.865331 -0.750051 0.103232 0.076788 -0.495679 -0.528814 -0.478726 0
-0.175212 -0.058768 0.630786 0.504115 -0.303716 -0.172587 -0.023389 0.128515 0.149028 0
0.155556 -0.049490 -0.906889 -0.717269 -0.069015 -0.375149 -0.510813 -0.507557 -0.459052 0
-0.332313 -0.067869 -0.487843 -0.419676 -1.149048 1.742069 -0.630550 -0.486143 -0.395115 0
0.717587 0.005978 0.226101 0.166392 -0.350572 -0.531304 0.021317 0.154240 0.224865 0
-0.444148 -0.078777 -1.500166 -0.978380 -0.076700 0.364503 -0.573034 -0.625632 -0.642617 1
2.489309 0.074029 -1.077620 -0.808222 1.014704 -0.103636 -0.210651 -0.427503 -0.520740 0
-0.717662 -0.077166 0.063929 -0.059976 -0.385226 0.104592 -0.236518 -0.175444 -0.110735 0
-0.124537 -0.064599 -0.959655 -0.715323 0.325761 2.872325 -0.454240 -0.419472 -0.397861 0
0.136792 -0.046963 -0.900415 -0.772473 -1.120123 -0.317258 -0.155602 -0.407431 -0.507392 0
0.288680 -0.032276 0.020678 0.043732 0.023894 0.799138 -0.352701 -0.125078 -0.011600 0
-0.222686 -0.071483 -0.938470 -0.701032 -0.487602 -0.690519 -0.495464 -0.539676 -0.525848 0
-0.504703 -0.063810 0.215188 0.171632 -0.409792 -0.701827 -0.337243 -0.071309 0.126875 0
-0.304116 -0.056358 0.058260 -0.002761 -0.543883 -0.520164 -0.105369 -0.060485 0.037105 0
-0.162438 -0.058010 0.270309 0.336439 -0.086607 -0.332466 -0.211259 -0.040352 0.066047 0
-0.030071 -0.052534 -0.821285 -0.723306 0.854184 2.187285 -0.372053 -0.367053 -0.368017 0
0.093745 -0.052343 -0.733897 -0.530368 -0.522351 0.576173 -0.371118 -0.386108 -0.357816 0
0.173118 -0.048904 -0.730847 -0.678038 -0.160954 -0.660499 -0.639556 -0.588928 -0.529854 0
-0.458021 -0.070991 -0.761938 -0.700669 -0.945326 -0.640574 -0.432176 -0.445479 -0.433726 0
-0.751591 -0.077430 0.549928 0.435081 0.006047 0.510186 -0.293752 -0.206747 -0.099063 0
-0.594767 -0.056501 1.377333 0.867165 -0.357062 -0.701594 0.330712 0.378725 0.570372 1
0.075373 -0.056142 -0.764835 -0.676241 -1.379784 0.115135 -0.797057 -0.608395 -0.543443 0
0.028560 -0.050836 0.276817 0.122674 -0.368865 -0.488118 -0.291425 -0.165627 -0.082360 0
-0.437460 -0.063933 1.436424 1.163593 -0.882977 -0.130426 -0.444033 -0.030044 0.173706 1
0.912856 0.019405 0.340692 0.092633 0.034957 -0.621077 -0.050855 0.064500 0.098405 0
-0.382123 -0.057700 0.338078 0.112743 -1.728033 -0.611292 -0.194371 -0.020583 0.085564 0
-0.530809 -0.069950 0.156152 0.144631 -0.155112 -0.682906 -0.294397 -0.193200 -0.099251 0
-0.037702 -0.051979 0.077540 0.028966 -0.700352 -0.667505 -0.467766 -0.250892 -0.163969 0
-0.768102 -0.071481 1.693862 1.466591 0.095459 -0.702157 -0.086790 0.234859 0.382530 0
-0.474323 -0.066438 0.289018 0.230059 -2.280399 2.015883 -0.218576 -0.075589 0.033749 0
-0.209276 -0.059986 0.908425 1.074758 -0.199370 -0.632774 -0.237052 0.000379 0.203517 0
-0.799527 -0.084731 -1.168748 -0.782271 -1.548866 -0.635816 -0.614532 -0.570220 -0.559035 0
-0.515232 -0.073201 -0.898464 -0.727542 -0.162142 -0.293989 -0.557778 -0.507575 -0.463196 0
-0.746209 -0.083708 -0.751875 -0.469611 -1.175789 -0.687376 -0.580891 -0.441573 -0.404049 0
0.254649 -0.035740 -0.545172 -0.528738 -0.086575 0.988042 -0.356063 -0.393986 -0.346617 0
-0.114375 -0.051696 -0.242101 -0.366594 -0.147058 0.909738 -0.667901 -0.441092 -0.323047 0
0.913710 -0.009039 -0.791204 -0.626458 -0.234017 -0.020492 -0.307819 -0.473462 -0.403294 0
-0.851109 -0.072333 1.812304 1.868579 -1.852552 2.047847 -0.188629 0.206282 0.580601 0
2.926739 0.083120 -1.292861 -0.913636 -0.618508 0.641528 -0.350828 -0.557251 -0.571634 0
-0.268029 -0.067082 -0.826949 -0.660552 -1.432360 3.179588 -0.496221 -0.502773 -0.475743 0
-0.714967 -0.078259 -0.499482 -0.469181 -0.484616 3.060802 -0.535755 -0.400409 -0.319626 0
-0.360578 -0.071932 -0.561844 -0.483830 -1.193177 -0.699468 -0.462055 -0.429817 -0.410416 0
0.169519 -0.033469 0.444888 0.304449 -0.177033 -0.435286 -0.102746 -0.083254 -0.006000 0
-0.488659 -0.074528 -0.950094 -0.769780 -0.569174 5.853053 -0.513089 -0.588130 -0.566285 1
0.135866 -0.052157 -0.743485 -0.586937 -0.771011 1.998577 -0.517553 -0.454921 -0.379520 0
-0.874667 -0.077725 0.153108 -0.137502 -1.705016 0.878696 -0.444452 -0.230591 -0.218156 0
-0.504191 -0.074876 -0.701402 -0.589140 -0.027303 -0.298705 -0.663448 -0.545744 -0.512740 0
-0.000150 -0.060910 -0.982679 -0.725706 -0.514237 -0.590807 -0.525354 -0.447167 -0.426025 0
-0.392778 -0.071364 -1.170849 -0.870232 -0.856254 1.970184 -0.501701 -0.606172 -0.553452 0
-0.139990 -0.058943 -0.334156 -0.366759 0.234862 -0.689021 -0.223919 -0.312883 -0.349785 0
-0.772848 -0.081275 -0.222043 -0.152167 -0.185998 0.707328 -0.484111 -0.416156 -0.327718 0
-0.472500 -0.073899 -0.233470 -0.219838 -1.084139 -0.443711 -0.723608 -0.495856 -0.360450 0
-0.459740 -0.069623 -0.359448 -0.338062 -1.022912 -0.574199 -0.442990 -0.346368 -0.273179 0
-0.623432 -0.075549 0.052241 -0.103845 -0.008131 -0.676159 -0.415122 -0.308407 -0.279942 0
0.573670 -0.037346 -1.103933 -0.848611 -0.333614 -0.267581 -0.651038 -0.593653 -0.566135 0
-0.229277 -0.068862 -0.949389 -0.695205 -0.499945 0.181406 -0.609446 -0.543150 -0.505221 0
-0.084963 -0.062707 -0.977056 -0.739597 -0.417217 0.184532 -0.733024 -0.582916 -0.489163 0
-0.345131 -0.066678 -0.103495 -0.066045 -0.227446 -0.410248 -0.335268 -0.200827 -0.088384 0
-0.479149 -0.072490 -0.498302 -0.457103 0.118269 -0.700349 -0.468183 -0.327028 -0.250496 0
0.154218 -0.041182 -0.282969 -0.292244 -0.153179 -0.455328 -0.486628 -0.275275 -0.153489 0
-0.427710 -0.065588 0.069839 -0.069430 -1.211331 3.573944 -0.645862 -0.369621 -0.150654 0
-0.072641 -0.055377 -0.554201 -0.523931 -0.034155 -0.550719 -0.471599 -0.418870 -0.322568 0
-0.673437 -0.083006 -1.088681 -0.690711 -0.350661 -0.657907 -0.655190 -0.575100 -0.519452 0
0.749135 -0.043986 -1.616757 -1.022614 0.595001 0.325131 -0.525798 -0.631408 -0.656545 0
0.784811 -0.031243 -1.295346 -0.915232 0.433674 0.124982 -0.436387 -0.524439 -0.529339 0
-0.106467 -0.051439 -0.713618 -0.681167 -1.623814 0.516387 -0.446913 -0.448421 -0.438977 0
-0.075745 -0.052593 -0.621824 -0.605893 -1.154880 2.950691 -0.242893 -0.265202 -0.323961 0
0.455373 -0.054211 -1.247935 -0.819346 -0.857591 0.000058 -0.636498 -0.612167 -0.549742 0
0.133841 -0.040902 -0.707148 -0.700483 -0.650243 -0.029122 -0.412163 -0.480000 -0.441730 0
-0.292904 -0.065576 -0.280852 -0.340330 -1.408584 -0.701486 -0.854265 -0.649322 -0.490982 0
0.050623 -0.054661 -1.104669 -0.885309 0.412931 -0.619228 -0.366638 -0.529784 -0.591519 0
0.422713 -0.034393 -0.750332 -0.621587 0.153837 -0.186782 -0.569111 -0.542151 -0.467376 0
-0.470045 -0.071888 -0.473610 -0.490305 -1.395433 0.019647 -0.519627 -0.400833 -0.366568 0
-0.618403 -0.078349 -0.019569 0.046839 -0.034237 -0.237720 -0.434727 -0.295539 -0.202738 1
-0.452154 -0.066078 0.019644 -0.097859 0.396034 1.313861 -0.256852 -0.127869 -0.098749 0
-0.757461 -0.074317 0.015187 -0.134210 -0.329728 -0.005320 -0.430384 -0.264638 -0.182835 0
-0.619040 -0.078073 -0.385597 -0.338179 -0.603229 0.195053 -0.541918 -0.321521 -0.268849 0
0.251306 -0.040174 -0.867748 -0.746494 -0.199517 0.060483 -0.681482 -0.627876 -0.559042 0
-0.310367 -0.067196 -0.481258 -0.434360 0.256246 0.422869 -0.461445 -0.377598 -0.322757 0
-0.142649 -0.054440 0.085259 -0.033213 -0.795262 -0.491606 -0.340773 -0.283312 -0.222634 0
-0.586558 -0.069404 0.742337 0.528247 -0.367600 -0.537769 -0.421757 -0.149513 -0.018935 0
-0.049058 -0.054379 -0.297657 -0.353688 -0.411936 -0.701916 -0.493029 -0.328862 -0.240720 0
-0.553444 -0.069482 0.236121 0.005807 -0.620114 0.491740 -0.803808 -0.477420 -0.326533 0
0.332164 -0.017320 -0.013013 -0.254519 0.023601 -0.497627 0.153658 -0.045957 -0.205716 0
0.476838 -0.045121 -0.076608 0.078047 -0.074794 -0.458867 -0.625575 -0.394972 -0.225437 0
0.763385 -0.020703 -0.638003 -0.504768 0.153935 -0.692532 -0.311886 -0.402478 -0.323831 0
-0.165196 -0.057994 -0.334338 -0.367008 0.167997 -0.701251 -0.473712 -0.308290 -0.254642 0
-0.456492 -0.062319 0.737363 0.704616 -1.167556 -0.488820 -0.433834 -0.011458 0.236671 0
-0.623020 -0.078048 -0.714195 -0.611595 -1.475519 -0.613251 -0.785110 -0.659517 -0.574836 0
-0.537244 -0.075598 -0.163482 -0.055804 -0.483238 -0.691108 -0.346769 -0.230511 -0.187178 0
-0.131050 -0.062797 -0.802321 -0.669343 -1.757075 -0.676192 -0.798909 -0.623257 -0.560478 0
-0.312591 -0.071399 -0.664679 -0.559858 -0.051997 -0.660090 -0.611299 -0.514164 -0.506084 0
-0.080442 -0.057396 -0.381538 -0.357931 0.141958 -0.696987 -0.358788 -0.248202 -0.222499 0
0.053247 -0.040629 -0.435590 -0.521126 -0.191565 -0.701970 -0.459847 -0.342904 -0.249345 0
-0.666095 -0.079810 -0.640919 -0.535914 -0.473420 0.250296 -0.554957 -0.478267 -0.471894 0
0.620217 -0.004691 -0.129107 -0.308854 -0.473644 -0.627007 -0.359642 -0.215185 -0.120673 0
0.173897 -0.050421 -0.461920 -0.401384 -0.806199 0.831774 -0.671783 -0.474486 -0.389561 0
0.725964 -0.015222 -0.605214 -0.491875 -0.407261 1.175442 -0.358638 -0.421524 -0.271922 0
-0.222442 -0.056600 -0.436116 -0.555842 -1.393238 -0.562464 -0.517505 -0.313164 -0.334255 0
-0.486126 -0.073266 -0.657607 -0.471521 -0.837504 -0.568760 -0.568526 -0.438170 -0.381853 0
-0.768932 -0.082371 0.383253 0.694463 -0.416911 -0.628889 -0.523950 -0.239729 -0.078158 0
-0.333364 -0.065331 0.109972 0.114866 -0.491000 -0.629746 -0.560856 -0.283780 -0.107758 0
-0.208775 -0.054372 0.357302 0.118574 -0.949820 -0.562111 -0.436034 -0.152867 0.030006 0
-0.011339 -0.041382 -0.293082 -0.455695 -0.901569 -0.301471 -0.472873 -0.416440 -0.360438 1
-0.281511 -0.063020 -0.789927 -0.699994 -0.261546 -0.700684 -0.502473 -0.511622 -0.469092 0
-0.095194 -0.056073 -0.613053 -0.604330 -0.394889 -0.447357 -0.463256 -0.407921 -0.346869 1
-0.403964 -0.074938 -0.280305 -0.116591 -0.658842 -0.702355 -0.651456 -0.411613 -0.308329 0
-0.405681 -0.055528 0.543936 0.315622 1.220034 0.133760 -0.117381 -0.050523 0.064817 0
-0.641827 -0.077776 0.890637 1.091116 -0.551116 -0.549029 -0.375043 -0.146073 -0.030936 0
-0.800797 -0.080989 0.009185 0.016020 -0.300072 -0.306235 -0.682467 -0.435670 -0.322478 1
-0.753082 -0.082605 -0.147584 0.027450 0.073642 -0.397278 -0.499186 -0.355013 -0.272316 0
-0.805954 -0.084125 -0.936840 -0.693637 -0.915086 -0.702148 -0.640657 -0.587775 -0.511648 0
-0.647230 -0.078306 0.958051 1.244204 -0.141383 -0.702771 -0.252902 -0.063315 0.100936 0
-0.719048 -0.079246 -0.632223 -0.560213 -0.498808 -0.698543 -0.594480 -0.432839 -0.347634 0
-0.354150 -0.071637 -0.648325 -0.468945 -0.309122 -0.442460 -0.481861 -0.346411 -0.308655 0
0.076161 -0.046013 -0.433778 -0.451771 -0.370224 3.096925 -0.541438 -0.438908 -0.325588 0
-0.694281 -0.078688 -0.715274 -0.632756 -0.303010 -0.486467 -0.686136 -0.501624 -0.420160 0
-0.173706 -0.070298 -0.971004 -0.750671 -0.576566 -0.375913 -0.633823 -0.622645 -0.548701 0
0.851884 -0.041639 -1.495935 -0.974396 -0.244932 -0.702795 -0.761821 -0.713375 -0.659487 0
-0.236293 -0.069861 -1.044151 -0.833644 -0.136359 -0.700140 -0.813078 -0.720048 -0.604931 0
-0.572588 -0.076436 -0.469118 -0.359810 -0.975173 -0.647728 -0.484585 -0.412924 -0.391810 0
-0.245029 -0.059843 0.215872 0.062415 -0.833069 3.069476 -0.533857 -0.290786 -0.131203 0
-0.469484 -0.068646 -0.240323 -0.355988 -0.029914 -0.700045 -0.629300 -0.487976 -0.370893 0
-0.158600 -0.042243 -0.528177 -0.598719 -0.382582 -0.648264 0.206514 -0.024001 -0.179404 0
-0.526677 -0.075076 -0.383452 -0.225266 0.176050 -0.701794 -0.473465 -0.289681 -0.188969 0
0.237674 -0.032075 0.054865 0.001134 -0.335017 -0.349126 0.017482 -0.013518 -0.001043 0
0.091709 -0.053507 -0.396429 -0.344507 -0.649486 -0.122241 -0.758614 -0.491402 -0.323394 0
-0.540767 -0.071147 0.500891 0.457155 -0.956315 -0.448054 -0.532765 -0.221418 0.012651 0
-0.628102 -0.075114 -0.107346 -0.155769 -0.373604 -0.685460 -0.694151 -0.419748 -0.258036 0
-0.914990 -0.088753 -1.277002 -0.602033 -1.924369 -0.699034 -1.162381 -0.838000 -0.656851 0
-0.316701 -0.068432 -0.427932 -0.380642 -0.635023 -0.451696 -0.349092 -0.349115 -0.315834 0
-0.409014 -0.074566 -1.012491 -0.762869 -0.605537 1.953090 -0.856655 -0.726888 -0.606328 0
0.222828 -0.045730 -0.830834 -0.744241 -0.319412 0.309182 -0.553639 -0.560076 -0.529028 0
0.480896 -0.034596 -0.885108 -0.728856 -1.509689 0.500393 -0.660852 -0.533344 -0.490322 0
-0.283375 -0.064642 -0.226368 -0.170443 -0.261173 2.244974 -0.546308 -0.316801 -0.158648 0
-0.353473 -0.075681 -1.030506 -0.668501 -0.751116 -0.598383 -0.715521 -0.551902 -0.477516 0
-0.060996 -0.062309 -0.810508 -0.616400 -0.162411 1.415500 -0.646914 -0.568555 -0.450953 0
-0.447384 -0.070823 -0.070480 -0.023417 -1.283006 -0.679994 -0.787712 -0.394173 -0.200765 0
-0.003370 -0.071626 -1.535422 -0.951558 -0.983710 -0.572092 -0.865996 -0.743622 -0.680190 0
