5.634312 26.281028 6.482351 7.722991 10.135818 14.187716 17.187633 18.303600 18.425495 0
5.058435 22.172139 6.460247 7.636114 9.107782 35.822231 15.725402 17.460192 18.841115 0
2.925956 8.180462 5.868546 6.553277 7.965445 0.418030 12.150655 12.662298 12.367272 0
-0.039728 0.559873 5.064425 5.215768 4.204316 -0.262127 4.717021 4.796469 4.569028 0
-1.211624 -0.038705 5.194772 5.967569 2.341832 0.032105 2.521653 2.841181 3.063819 0
0.061156 0.572205 2.918170 2.210389 3.796360 -0.342563 4.203524 3.601468 2.893168 0
-1.329705 -0.123383 4.192062 4.345863 2.332038 0.367829 2.257496 2.205025 2.106009 1
-0.854870 0.025645 4.754882 5.192932 2.347454 -0.210889 2.672408 2.661059 2.654276 0
-1.464418 -0.153193 4.104614 4.284679 2.320950 -0.401006 2.130354 2.040288 1.878756 1
-0.817737 -0.053312 3.722664 3.895616 1.834666 0.058594 1.710934 1.625009 1.480169 0
-0.611467 -0.021796 3.571234 3.734135 1.423899 -0.131792 1.060626 1.353223 1.472141 0
-1.017786 -0.119775 2.620719 2.275728 2.549525 0.581232 1.675575 1.230487 0.837807 0
1.085480 0.320988 1.640766 1.494634 1.762594 -0.279424 1.224446 1.009272 0.827464 0
-1.672559 -0.211771 3.917814 4.518790 0.868649 -0.132278 0.850397 0.902265 0.958350 1
0.631476 0.226350 2.106290 2.020874 1.208009 -0.395078 0.965629 0.893452 0.851886 0
-0.075893 0.051436 3.215247 3.498416 1.055277 -0.342886 0.969512 1.012795 1.111724 0
0.323454 0.086618 3.276355 3.596676 1.692121 -0.345203 1.189385 1.081669 0.998513 0
-1.110636 -0.134916 2.707616 2.524396 1.080966 -0.290541 0.872098 0.959289 0.969691 0
-1.122473 -0.118602 1.153620 0.530134 3.567115 -0.121009 2.239383 1.235741 0.677223 0
-0.538132 0.026417 2.382461 1.921482 1.765957 -0.321662 1.650022 1.423676 1.235059 0
-0.565718 -0.102406 2.548566 2.667438 1.426344 0.275044 0.906011 0.760265 0.676933 0
0.890175 0.191022 1.650376 1.599858 0.891219 1.176707 0.456444 0.509277 0.522030 0
1.012643 0.280016 2.328121 2.461306 0.856599 0.062217 0.618392 0.771976 0.842062 0
0.028041 -0.010535 2.285542 2.249111 0.839577 -0.383110 0.733784 0.748927 0.700763 0
-0.175786 -0.032379 1.601266 1.355776 0.872946 -0.383498 0.764545 0.744652 0.611310 0
0.939596 1.165874 2.482978 1.852908 -2.123736 -0.382554 3.794482 3.326153 2.819021 0
0.886847 0.206326 1.440545 1.221998 1.136298 -0.395413 0.706604 0.738016 0.650651 0
-1.558858 -0.209011 2.047393 1.898319 0.038778 -0.308477 0.181129 0.376139 0.447784 0
-0.269688 -0.026911 2.227319 2.125563 2.188200 -0.400673 1.111452 0.869030 0.722076 0
1.082212 0.233853 1.329386 1.110477 -0.190022 -0.275587 0.107022 0.329271 0.435629 0
-0.146405 0.150931 2.169533 1.691963 1.888229 -0.105193 1.807684 1.412825 1.219578 0
-1.217534 -0.170963 0.967278 0.471047 1.987763 0.287104 1.128478 0.693864 0.326804 0
0.875527 0.374468 1.970010 1.530436 -0.036290 -0.089832 0.580037 0.714787 0.784537 0
-0.622039 -0.123387 1.298963 1.182726 1.540302 0.355021 0.636172 0.512130 0.398229 0
-1.613147 -0.211415 1.808164 1.457306 0.460690 -0.352837 0.503087 0.399579 0.334114 1
-0.075486 0.138924 2.004314 1.421934 1.975224 -0.264712 1.431548 1.229167 1.000295 0
-1.170612 -0.156510 2.283886 2.046933 0.683218 1.108041 0.681480 0.693297 0.747839 0
0.781265 0.116774 0.550314 0.341371 0.902619 -0.380878 0.276701 0.302246 0.192796 0
-1.680840 -0.226771 2.386609 2.815222 0.068692 0.713951 0.220779 0.343759 0.403273 1
-0.920767 -0.137039 1.054364 0.606666 -0.178646 -0.309815 -0.156537 0.087153 0.187954 0
-0.892052 -0.097381 1.584574 1.239227 1.477053 0.205050 1.059259 0.781927 0.724170 1
-0.750493 -0.111493 1.254545 0.889136 0.950870 -0.399123 0.389169 0.400470 0.367036 0
0.479786 0.110783 0.904856 0.464227 2.133470 -0.277232 1.158303 0.717599 0.328561 0
1.129307 0.209425 0.757836 0.550147 0.537281 0.238626 0.307162 0.391759 0.352278 0
0.326820 -0.012393 1.545386 1.524006 0.131079 -0.265066 0.221517 0.307467 0.296489 0
-0.297678 -0.089946 1.736266 1.700889 0.314197 -0.110577 0.455044 0.476692 0.426628 0
-0.212485 0.111540 1.847758 1.191667 1.684998 0.865620 1.463061 0.909197 0.584770 0
-0.359832 -0.071291 1.862979 1.531731 0.226743 -0.322410 0.247249 0.396557 0.480010 0
-1.125430 -0.185398 2.402988 2.578380 0.035828 0.332823 0.311065 0.372763 0.424242 1
0.070145 0.162253 1.904147 1.585561 0.773131 0.855843 1.063544 1.077126 1.085475 0
-0.049424 0.092358 1.275800 0.908099 0.598791 -0.100681 0.712537 0.593947 0.591850 0
-0.119492 -0.088519 1.294445 1.403026 -0.210465 -0.382475 -0.019503 0.127796 0.171977 0
-1.061139 -0.162983 1.628024 1.660071 0.432001 -0.076521 0.488201 0.467119 0.501262 0
0.038018 -0.034676 1.284834 1.243207 0.682015 -0.316168 0.143190 0.259730 0.318496 0
-1.525695 -0.217729 2.008010 2.176727 0.441425 -0.361285 0.168706 0.256732 0.290357 1
-1.536872 -0.217927 1.796366 1.792156 -0.158102 0.013052 -0.020552 0.204910 0.287031 1
-0.282374 0.059235 1.528369 0.925461 1.715356 1.079982 0.877851 0.778881 0.762826 0
-0.663691 -0.139821 1.219471 1.160844 1.046880 -0.153191 0.341953 0.232220 0.183363 0
0.092561 -0.004422 0.285846 0.092623 1.714082 0.322603 0.711651 0.409777 0.177105 0
-1.231735 -0.201492 1.216931 1.281474 0.570508 0.420130 0.174363 0.208079 0.203172 1
0.336220 0.159281 1.087904 0.603256 2.358674 1.375326 1.032956 0.777124 0.580436 0
-0.914182 -0.136081 0.781921 0.406783 1.260187 -0.063293 0.699143 0.519071 0.359079 0
-1.312190 -0.198730 1.606439 1.510621 0.374713 0.186585 0.282186 0.328754 0.328296 0
-1.222389 -0.191164 1.275643 1.301320 -0.057831 -0.349599 -0.016322 0.172989 0.293276 0
-1.749441 -0.238417 1.394985 1.722316 -0.166233 -0.400123 -0.148678 0.030896 0.140425 1
1.421590 0.219006 0.577580 0.528127 0.570990 -0.326418 0.225326 0.266044 0.256295 0
0.501839 0.011971 1.035727 0.968330 0.024214 -0.392678 0.067096 0.192569 0.257339 0
-0.745054 -0.120052 0.672282 0.518170 0.856475 1.272791 0.607582 0.396208 0.299415 0
-1.211708 -0.188074 1.183881 1.132511 0.671788 -0.239488 0.383981 0.341006 0.272166 0
0.332285 -0.005318 0.102784 -0.003085 0.852816 0.898720 0.114829 0.092542 0.048374 0
-1.218128 -0.164784 1.923274 1.512409 -0.253506 -0.399538 0.180121 0.372473 0.452957 0
-1.578964 -0.220180 1.177845 1.216044 -0.043536 0.131799 -0.012170 0.121684 0.145991 0
-0.894084 -0.162657 0.825170 0.873533 -2.116503 -0.176534 0.272586 0.240112 0.180992 0
0.870705 0.084010 0.316332 0.197322 -0.210081 -0.285665 -0.134913 0.003711 0.052748 0
-0.512407 -0.144716 0.287251 0.208290 0.236967 -0.399768 -0.059006 -0.017104 -0.037241 0
-1.020190 -0.171671 0.890826 0.731355 0.229486 -0.386268 0.135446 0.226648 0.224608 0
-0.747454 -0.122964 1.582777 1.287898 0.300142 -0.400079 0.419306 0.354281 0.338158 0
-1.067076 -0.151241 0.637598 0.160240 -2.253896 -0.229948 0.186457 0.028914 0.003062 0
-0.902886 -0.175266 0.877982 0.847502 0.692445 -0.170060 0.263549 0.248788 0.199937 0
-1.106892 -0.192214 0.623982 0.475574 -0.551992 0.448788 -0.112990 0.046811 0.085013 0
2.947233 0.737456 1.101773 0.893859 0.425592 -0.191272 0.159832 0.253197 0.331818 0
-1.061648 -0.187916 1.386584 1.526707 0.114217 -0.400734 0.076698 0.124629 0.163545 0
-0.131482 0.131399 1.644052 0.974166 2.061809 0.468897 1.287246 0.814540 0.521239 1
0.599493 0.055883 0.919268 0.772417 1.137071 -0.390008 0.740120 0.523520 0.339772 0
-0.948090 -0.148757 0.254575 -0.055230 0.644954 -0.129306 0.037535 0.035496 0.044147 0
0.229294 -0.050918 0.584206 0.409178 0.578167 -0.373011 0.128796 0.142846 0.091701 0
-0.845544 -0.121450 0.792915 0.355283 0.292652 0.111811 0.256489 0.229404 0.192857 0
0.567064 0.147005 2.395209 2.377656 -0.263937 0.647412 -0.078579 0.116811 0.382764 0
-1.166416 -0.198879 0.751018 0.837568 -0.477893 -0.047112 -0.280144 -0.047741 0.067861 0
-0.121110 -0.075409 0.098148 -0.133447 0.568792 -0.309399 0.330723 0.200430 0.017777 0
-0.917581 -0.155449 0.994063 0.924284 0.313294 -0.396720 0.231226 0.237200 0.249757 0
-0.005639 -0.042245 0.737801 0.559266 -1.384311 -0.400777 -0.107980 0.008332 0.075352 0
-0.043172 0.160976 0.709462 0.129273 1.250335 -0.399090 1.117283 0.721617 0.485247 0
-1.274423 -0.182432 1.659643 1.339539 -0.411970 -0.025785 -0.061623 0.208064 0.344060 0
-0.949049 -0.183430 0.222184 0.306284 0.054268 -0.401048 -0.184759 -0.057982 0.017932 0
0.460187 0.043861 0.716874 0.331787 0.757939 -0.179155 0.479775 0.213571 0.142231 0
0.653407 0.155589 1.866819 1.529213 -0.099777 -0.289050 0.093019 0.264068 0.301142 0
-0.556452 -0.108424 0.174137 -0.047660 0.510476 0.103026 0.420670 0.249199 0.109831 0
-1.266699 -0.188855 0.841391 0.599169 0.193656 -0.338584 -0.036995 0.094124 0.160356 0
-1.159478 -0.208168 1.045227 1.304009 0.182294 -0.308091 0.068356 0.096178 0.065484 0
-0.606061 -0.132467 0.397064 0.314610 0.566644 -0.115506 0.290037 0.143171 0.110500 0
1.228658 0.128794 1.027540 0.956245 0.356660 -0.066108 -0.013949 0.092838 0.170482 0
-0.424543 -0.133440 1.059114 1.058281 -0.012249 -0.300026 -0.013441 0.108085 0.177957 0
-0.356158 -0.135661 0.610811 0.665190 0.910207 1.111855 0.240024 0.162395 0.095678 0
0.845292 0.076736 0.731068 0.533304 -0.355002 -0.203225 -0.023369 0.038161 0.102455 0
1.420018 1.063047 0.778924 0.084904 -2.732430 -0.399257 1.798562 1.054330 0.679358 0
1.218419 0.080895 0.261769 0.293253 0.550831 0.078847 -0.086783 0.022579 0.041475 0
1.426192 0.077524 0.846631 0.934345 -0.608291 0.031013 -0.244832 -0.069854 -0.006439 0
-0.650979 -0.139855 0.282850 0.080032 0.810856 -0.155837 0.307825 0.171962 0.051339 0
-1.613485 -0.231659 0.820262 0.905659 0.327446 -0.383847 0.150259 0.119292 0.082793 0
0.120999 0.312772 1.452430 0.715406 2.726083 -0.262448 1.824469 0.962711 0.658406 0
-0.006897 -0.073434 0.399127 0.321176 0.356625 -0.130960 0.116197 0.118069 0.075043 0
-0.737014 -0.113705 0.375263 -0.097588 2.938570 -0.396950 1.138044 0.401454 0.022032 0
-0.612713 -0.105097 0.662828 0.498527 0.258930 -0.392667 0.105670 0.183221 0.226112 0
0.068216 -0.050208 0.612156 0.550065 0.313141 2.257879 0.201828 0.175302 0.163732 0
-1.333652 -0.194732 1.745153 1.547951 0.258686 0.126958 0.078178 0.147976 0.212639 0
0.374152 0.008856 0.730596 0.518763 1.053830 -0.398258 0.486455 0.246783 0.097717 0
0.207971 -0.066128 -0.071533 -0.114672 -2.224361 -0.396850 -0.255611 -0.068274 -0.024909 0
-0.008315 0.069060 0.346624 -0.096720 1.743908 -0.102772 0.986189 0.620940 0.298966 0
1.825321 0.218410 0.179631 0.084561 1.583156 0.054781 0.482243 0.163943 0.060487 0
-0.657976 -0.113849 0.722531 0.504153 1.115753 -0.324720 0.297511 0.183319 0.200926 0
-1.460658 -0.220905 0.533185 0.473308 -0.150361 -0.338848 -0.336543 -0.155927 -0.057082 0
1.237237 0.130166 0.324581 0.213124 -0.252583 -0.400564 -0.111018 -0.028830 -0.003279 0
0.184917 0.127045 0.467214 -0.007767 2.131993 -0.374247 0.830737 0.504807 0.269842 0
0.040817 -0.042052 0.499719 0.320726 1.265721 -0.386428 0.428757 0.245115 0.140018 0
1.234625 0.209884 0.340922 0.168054 0.161602 -0.137828 -0.014949 0.101195 0.129110 0
1.083315 0.120847 0.091722 0.035028 0.065635 -0.038728 -0.082671 0.002351 0.052471 0
0.886812 0.017896 -0.054469 -0.147365 0.562821 -0.302051 0.002873 -0.013136 -0.058354 0
0.283134 -0.063895 0.111063 0.127967 0.360320 -0.400919 0.081199 -0.008726 -0.070668 0
-0.538292 -0.143252 0.518678 0.612228 -0.459239 -0.286701 -0.317292 -0.097090 0.014101 0
1.085316 0.112110 -0.152327 -0.214392 0.312815 -0.375706 -0.011586 -0.020952 -0.061544 0
-0.557654 -0.113170 0.458527 0.166973 -0.192850 0.241730 -0.016250 0.130373 0.146720 0
0.473779 -0.005848 -0.361215 -0.372461 -1.640097 -0.202892 -0.040145 -0.049274 -0.086669 0
-0.227393 -0.052389 0.829604 0.459813 0.314682 -0.279963 0.144503 0.203470 0.205951 0
-0.523311 -0.150479 0.658884 0.723950 0.307271 -0.162937 0.164582 0.096897 0.063351 0
-0.851110 -0.185554 0.214683 0.271833 0.794616 -0.200201 -0.004056 -0.039111 -0.075449 0
-1.336869 -0.202380 0.984577 0.979119 -0.359533 -0.373181 -0.114372 0.078196 0.159826 0
0.953793 0.066980 0.191483 0.175983 -0.482851 -0.313738 -0.258604 -0.032269 0.022168 0
-1.579636 -0.230739 0.245230 0.289736 0.018799 0.233545 -0.095467 -0.064262 -0.076819 0
-1.163830 -0.175168 1.920978 1.656262 -0.374050 -0.174500 -0.012866 0.247708 0.380711 0
-0.648625 -0.154005 0.299928 0.321937 0.091216 0.061350 0.020321 0.027219 0.068951 0
-0.661851 -0.164307 0.331324 0.359326 -0.423770 0.214075 -0.333121 -0.108253 -0.021148 0
0.314282 0.224807 0.492671 -0.025613 1.475465 -0.389034 0.913557 0.458443 0.223976 1
-0.035102 -0.027224 0.375424 0.192653 0.333814 -0.399033 -0.085630 0.058141 0.113970 0
0.318374 -0.043184 0.722084 0.753711 0.016938 -0.362398 0.008355 0.088178 0.090188 0
0.651696 0.082847 0.152714 0.082860 -0.235827 1.444965 -0.101175 -0.021701 0.069039 0
-0.181258 -0.103201 0.472666 0.481910 -0.022115 -0.399595 -0.116873 -0.029030 0.037758 0
-1.361023 -0.220195 0.235153 0.214257 -0.057585 -0.285313 -0.253333 -0.087542 -0.043150 0
-0.843504 -0.161879 1.137657 0.952770 0.144386 -0.390460 0.026159 0.111184 0.186635 0
0.161496 -0.010665 0.173869 0.095628 2.300765 0.011092 0.616645 0.242676 0.071167 0
2.929695 0.554365 -0.372094 -0.411588 0.559043 -0.336935 0.080018 0.015569 -0.053878 0
-0.379279 -0.138179 0.128209 0.154984 0.723131 -0.245678 0.201012 0.109869 0.011921 0
1.061930 0.129728 0.002420 -0.084394 0.962617 -0.326040 0.005140 -0.051308 -0.031414 0
0.010320 -0.060884 0.268792 0.097126 0.590769 -0.107334 0.131492 0.024936 -0.018338 0
-1.307021 -0.194031 0.716917 0.420509 0.539816 -0.373528 0.316714 0.152149 0.027548 0
-1.256276 -0.202581 -0.044965 -0.186680 0.413729 0.073702 0.010632 -0.038700 -0.135255 0
1.830548 0.188568 -0.139480 -0.168816 0.875345 -0.337859 0.204618 0.034711 -0.072716 0
-0.631359 -0.160899 -0.038973 -0.009379 0.814291 -0.390804 0.118023 0.018376 -0.036592 0
0.195345 -0.015249 -0.028001 -0.050923 0.627216 -0.400710 0.171829 0.034068 0.000278 0
-0.458784 -0.131798 0.091843 -0.076477 -0.216351 0.937248 -0.257676 -0.086732 -0.056330 0
1.030551 0.059623 0.640424 0.654341 0.479379 -0.390062 0.195956 0.078806 0.050146 0
0.121410 -0.076784 0.183368 0.100577 -0.226767 0.206257 -0.070534 0.034281 0.020456 0
-1.027940 -0.201638 0.283865 0.430667 -0.225295 -0.023058 -0.262730 -0.131218 -0.067448 0
-0.962249 -0.191005 0.057842 0.067255 0.265541 -0.240730 0.019841 0.003031 -0.049432 0
-0.427033 -0.133832 0.544754 0.569087 -0.557234 -0.243713 -0.368013 -0.120171 -0.024576 0
0.776379 -0.016926 -0.009855 0.069139 0.521797 -0.060517 -0.075355 -0.055976 -0.068374 0
2.576429 0.586429 0.439455 0.276257 0.294036 -0.373290 0.221248 0.206457 0.176753 0
-0.777165 -0.180816 -0.095780 -0.168760 0.127670 -0.388481 -0.090987 -0.086045 -0.135314 0
-0.086059 -0.074269 0.472330 0.337861 -0.244742 -0.401035 -0.257731 -0.073504 0.038743 0
0.152051 -0.031279 0.488239 0.209234 0.164001 -0.324637 -0.069635 -0.029166 -0.031996 0
0.529608 -0.050797 0.287747 0.432324 -0.299506 -0.400810 -0.281465 -0.098706 -0.017245 0
0.932444 0.151840 0.355731 0.134939 -0.644025 -0.289860 -0.261320 -0.060887 0.013455 0
0.432999 -0.012584 0.107460 0.056701 0.304717 -0.395920 0.213264 0.076405 0.000780 0
0.513809 -0.008586 0.136094 -0.034085 -0.638076 -0.347113 -0.044539 -0.065079 -0.097974 0
-1.224379 -0.207043 0.398592 0.457131 0.479779 -0.400155 0.039470 0.000999 0.029727 0
0.141665 -0.009454 0.625923 0.273188 -1.633141 -0.401015 0.583640 0.231661 0.135727 0
0.893672 0.004176 0.294274 0.376632 -0.089621 -0.386200 -0.160969 -0.044043 -0.007794 0
-0.697651 -0.147818 0.113033 0.065091 0.514686 -0.309168 0.041109 0.066085 0.043835 0
-1.458266 -0.213844 0.040852 -0.221043 0.416045 -0.331033 0.249287 0.043363 -0.085679 1
-0.567147 -0.105439 -0.396736 -0.514621 2.552511 -0.319925 0.723580 0.123721 -0.119275 0
0.074079 -0.074528 -0.079041 -0.116974 0.843370 -0.400761 0.191727 0.068571 -0.017793 0
-1.593138 -0.233629 0.125780 0.257277 -0.294640 0.395229 -0.223692 -0.086833 -0.050872 0
-1.641941 -0.233527 0.143238 0.146878 0.044342 -0.005051 -0.205263 -0.101252 -0.071132 0
-0.327433 -0.113854 -0.551420 -0.518528 1.257997 -0.076599 0.267895 0.051541 -0.106411 0
-1.462816 -0.211740 0.363503 0.054417 1.104550 0.393393 0.178749 0.022346 -0.060481 0
0.155854 -0.028736 0.344798 0.158383 -0.323926 -0.401034 -0.110565 -0.079719 -0.025198 0
-1.043675 -0.203521 0.453466 0.566727 -0.141861 -0.077513 -0.145868 -0.085488 -0.035620 1
-0.764123 -0.179791 0.191773 0.285444 0.372912 -0.117193 -0.035892 -0.027675 -0.036173 0
-0.191538 -0.121594 0.367207 0.392322 0.242437 -0.366363 -0.004425 0.011142 0.029360 0
0.125775 -0.013836 0.600147 0.357230 -2.095122 -0.339128 -0.087325 -0.088174 0.009466 0
2.999455 0.367057 -0.124980 -0.040431 0.993914 -0.359833 0.245535 0.070057 -0.039266 0
0.228096 -0.033587 -0.190878 -0.336970 0.089333 -0.395197 -0.092860 -0.047754 -0.109837 0
0.434979 -0.006013 0.590954 0.325815 -0.772575 -0.181144 -0.306997 -0.150851 -0.089467 0
1.775551 0.207670 0.185426 0.102529 -0.732934 -0.295226 -0.347947 -0.145374 -0.015116 0
0.532037 -0.022837 0.124639 0.085352 0.160364 -0.239975 -0.031104 -0.065140 -0.045759 0
0.275896 -0.078979 0.078508 0.191509 -0.535215 -0.368838 -0.257212 -0.120539 -0.053039 0
-1.782459 -0.240709 0.200855 0.376678 -0.300470 -0.249799 -0.215980 -0.099941 -0.054618 1
0.254191 -0.045706 0.333303 0.234905 -0.419557 -0.377574 -0.092346 -0.012521 0.038241 0
-0.507080 -0.151053 -0.094875 -0.087631 -0.383760 -0.401011 -0.340844 -0.214360 -0.169656 0
-1.175632 -0.189547 0.553071 0.359621 0.544934 -0.333725 0.299904 0.174954 0.129162 0
-1.421997 -0.225694 0.420826 0.655149 -0.465973 -0.400082 -0.331488 -0.150539 -0.042056 0
-1.036530 -0.185303 0.202129 0.106879 -0.148700 0.667616 -0.082981 -0.039980 -0.007982 0
0.033419 -0.092835 0.219289 0.284364 0.574290 -0.394571 0.160545 0.039086 0.016776 0
-1.537406 -0.227491 0.099283 0.034026 0.094812 -0.269575 -0.030290 0.015317 -0.036512 0
1.025319 0.047080 -0.163012 -0.249920 0.536867 0.405334 -0.113785 -0.115796 -0.134720 0
0.275935 -0.062548 0.129782 0.078312 -0.065422 -0.299541 -0.201301 -0.107705 -0.083226 0
0.963269 -0.000882 0.053517 0.024288 0.088222 -0.362997 -0.173456 -0.100414 -0.109422 0
0.529987 0.006006 0.229794 0.034178 -0.875138 0.817375 -0.461427 -0.175192 -0.075838 0
-1.134683 -0.196986 0.062428 -0.032943 1.036318 -0.117859 0.112062 -0.007747 -0.040316 0
-1.100117 -0.176793 0.830945 0.563421 0.284208 0.404978 0.091063 -0.032327 0.107857 0
-0.245187 0.071287 0.841039 0.291658 0.946708 -0.311891 0.737497 0.357616 0.323684 0
-0.985168 -0.180807 0.254157 0.236600 -0.130746 -0.137767 -0.055055 -0.007635 0.043295 0
-0.757424 -0.169063 -0.301897 -0.335205 0.451728 -0.373262 -0.001201 -0.036446 -0.115467 0
-0.081979 -0.071528 0.052496 -0.157836 0.807299 0.075119 0.153935 0.024730 -0.082178 0
1.240014 0.132137 0.409475 0.235904 -0.514225 -0.312474 -0.134405 -0.082343 -0.044795 0
-0.541708 -0.127687 0.032718 -0.067700 0.480994 -0.365873 0.271121 0.074709 -0.041081 0
1.286469 0.100013 -0.291253 -0.301153 0.449179 -0.354252 -0.014736 -0.063234 -0.120313 0
1.245972 0.150187 0.338432 0.224893 -1.199816 -0.253369 0.574421 0.264178 0.114933 0
0.459742 -0.061924 -0.290985 -0.277785 0.042959 -0.366969 -0.060234 -0.067259 -0.137038 0
1.430309 0.153124 -0.145651 -0.282364 -0.108630 0.817360 -0.377263 -0.248543 -0.188267 0
-0.657154 -0.153708 0.299891 0.108683 0.674393 -0.163759 0.192583 0.043478 -0.101887 0
-0.286580 -0.086844 -0.118441 -0.259642 0.387130 0.894554 0.050172 0.015884 -0.031989 0
0.180546 -0.076210 -0.046554 -0.051939 -0.161617 -0.212425 -0.372294 -0.191240 -0.135381 0
-1.089715 -0.186736 0.406616 0.321692 -0.200101 -0.226084 -0.169886 -0.016190 0.064839 0
-0.365850 -0.158047 -0.022467 0.069498 -0.350444 0.050593 -0.324802 -0.183971 -0.129140 0
1.049125 0.028032 0.272314 0.239893 -1.033366 -0.189328 -0.386027 -0.255608 -0.117665 0
0.130869 -0.041376 0.079256 -0.084769 0.624394 0.178187 0.173526 0.041120 -0.009712 0
-1.136722 -0.183251 0.469570 0.222604 0.260141 -0.061448 -0.021747 -0.013880 0.029398 0
1.551858 0.199806 0.316026 0.110030 -0.383868 0.231948 -0.302254 -0.166486 -0.109927 0
0.154270 -0.092179 -0.146762 -0.113448 -0.267247 0.479846 -0.279602 -0.152991 -0.104056 0
-1.750417 -0.243104 0.232108 0.458007 -0.185530 0.276153 -0.238950 -0.127339 -0.087078 0
-0.825781 -0.183591 0.376900 0.352288 -0.613042 -0.295918 -0.309807 -0.145093 -0.061774 0
0.346459 -0.042839 -0.279255 -0.269969 0.495947 1.168302 -0.184582 -0.157324 -0.131025 0
0.476462 -0.008131 0.063288 -0.009928 -0.113349 0.539059 -0.105417 -0.103412 -0.066476 0
0.707510 -0.011913 -0.528911 -0.432590 -1.387562 -0.100879 -0.408715 -0.289169 -0.263015 0
0.139188 -0.061374 0.906105 1.082116 -1.912857 0.310658 0.067148 0.120344 0.193704 0
0.592428 -0.005868 -0.459552 -0.447301 0.921613 -0.280671 0.056383 -0.073933 -0.113061 0
0.823674 0.109483 -0.341870 -0.432503 0.160865 -0.310242 -0.141264 -0.139375 -0.147392 0
0.264615 -0.083584 -0.073327 -0.040712 0.673600 -0.392811 -0.106616 -0.153430 -0.168194 0
-0.224521 -0.055495 -0.380884 -0.476419 0.770687 1.029910 0.462998 0.152318 -0.050793 0
-0.238178 -0.097264 -0.075852 -0.139534 0.328625 1.630062 0.112582 0.010453 -0.029776 0
-0.001827 -0.073731 0.178323 0.060741 0.597354 -0.278435 0.203564 0.073829 0.007394 0
1.210353 0.074278 -0.003588 -0.084468 -0.640183 -0.400715 -0.405716 -0.219425 -0.131534 0
0.778532 -0.016491 -0.307395 -0.200722 -0.332362 -0.392873 -0.301023 -0.157312 -0.097609 0
0.764805 0.109726 0.158023 -0.049192 -0.779020 -0.369573 0.375728 0.141369 0.087969 0
-1.388924 -0.217185 0.177886 0.006476 0.093063 -0.400449 -0.121720 -0.109259 -0.152283 0
0.860705 0.098496 0.799667 0.472173 0.180457 -0.000165 -0.047403 0.030245 0.016508 0
-1.373991 -0.228458 0.223297 0.484221 -0.253871 -0.237764 -0.295897 -0.177741 -0.111933 0
-0.737584 -0.154731 0.521120 0.273303 -0.403622 0.993999 -0.044863 -0.058053 0.001219 0
0.602459 0.057563 0.297298 0.107244 0.257256 0.067455 0.062304 0.056423 0.058057 0
-1.269829 -0.196304 -0.021053 -0.229391 -0.433044 -0.339708 -0.286170 -0.189451 -0.122641 0
-0.069399 -0.067938 0.570936 0.353674 -0.101497 -0.368767 -0.133840 -0.026938 0.001483 0
0.701146 0.821759 1.695833 0.938431 -0.005304 0.935336 3.037799 2.349544 1.819240 0
0.750937 -0.009823 -0.034643 -0.135402 -0.072330 0.152322 -0.028819 -0.032400 -0.083325 0
-0.332771 -0.146269 -0.248389 -0.146179 0.084051 0.740116 -0.090292 -0.081221 -0.094167 0
1.115099 0.699530 1.223043 0.571892 0.221127 2.716881 0.981056 0.786047 0.827859 0
0.318693 -0.022175 0.627052 0.430179 0.196791 0.106973 -0.091535 -0.089437 -0.049822 0
-0.528587 -0.006142 1.989014 1.744344 -0.541311 -0.070287 1.007057 0.904551 0.871549 1
-0.000785 0.040739 1.891617 1.574484 -0.692395 -0.374110 0.777727 0.676988 0.601197 0
-1.367741 -0.213663 0.363576 0.332439 -0.413126 -0.352167 -0.366867 -0.144522 -0.052418 1
-1.329551 -0.224477 -0.244565 -0.076834 -0.217968 0.517084 -0.210716 -0.139367 -0.154596 0
-0.020872 -0.114515 -0.174597 -0.078791 -0.632468 -0.400956 -0.364016 -0.172706 -0.131287 0
0.834112 0.053987 -0.059691 -0.264094 0.005149 0.930828 -0.255766 -0.145892 -0.168741 0
1.463540 0.189060 -0.223481 -0.301155 0.550877 -0.354106 0.333870 0.098949 -0.007161 0
-0.082525 -0.082383 0.209976 0.035739 0.313394 1.055855 -0.119097 -0.114048 -0.066222 0
0.015190 -0.100191 -0.132506 -0.088787 -0.070369 -0.366627 -0.271848 -0.200116 -0.120529 0
0.364239 -0.069501 0.355629 0.455849 -0.423029 -0.305526 -0.215045 -0.117039 -0.029528 0
1.238015 0.194256 0.144877 -0.157346 -0.634653 0.547726 -0.217965 -0.151973 -0.110254 0
-0.613186 -0.158394 0.392073 0.422486 -0.646833 -0.392842 -0.299013 -0.154794 -0.048013 0
-0.380924 -0.167397 -0.314210 -0.069577 -0.912727 -0.393134 -0.525517 -0.285228 -0.176750 0
-0.213094 -0.104787 -0.478885 -0.544337 1.080784 -0.088377 0.161808 -0.017634 -0.156193 0
0.706504 0.015386 -0.444542 -0.424387 -0.420260 -0.169084 -0.306229 -0.190937 -0.142672 0
0.370658 -0.072090 -0.225348 -0.185788 -0.416377 -0.364076 -0.331355 -0.166520 -0.115906 0
0.458534 -0.021356 0.143952 0.014418 -0.350499 -0.389673 -0.230974 -0.066471 -0.017134 0
1.387698 0.081809 0.193324 0.294372 -0.495993 -0.039947 -0.364495 -0.173348 -0.077146 0
-1.304821 -0.218427 -0.378755 -0.255186 0.277855 -0.055928 -0.090592 -0.130659 -0.142791 0
-1.442979 -0.189777 1.211471 0.631525 0.143472 -0.086761 0.189654 0.133320 0.144140 0
0.734232 0.097989 -0.019952 -0.295163 2.226715 -0.144676 0.499349 0.047499 -0.097161 0
3.699931 0.561479 -0.456575 -0.431574 0.754768 -0.326956 0.189313 -0.075201 -0.185715 0
0.632295 -0.020946 0.076628 -0.002555 0.490762 -0.134031 -0.241386 -0.161314 -0.131568 0
1.284565 1.533553 1.305395 0.476428 -3.469682 -0.401047 2.313040 1.577009 1.338715 0
-0.511490 -0.112999 -0.175029 -0.250031 -0.067642 -0.284243 0.008391 -0.049160 -0.071184 0
0.170111 -0.098425 -0.230957 -0.019888 -0.989516 0.936539 -0.291991 -0.187576 -0.144749 0
0.642011 -0.000570 -0.080099 -0.129018 -0.157582 -0.372328 -0.080486 -0.073360 -0.081205 0
1.111316 0.051663 -0.358601 -0.224539 0.922141 -0.397780 0.055052 -0.041225 -0.075787 0
-0.071651 -0.090360 -0.132155 -0.227887 0.748941 -0.342176 0.396408 0.103512 -0.059854 0
-1.369582 -0.211858 -0.047019 -0.048132 -0.373236 -0.235839 -0.028801 -0.050243 -0.044193 0
0.320180 -0.005923 0.140798 -0.152675 -0.097657 0.867625 -0.254664 -0.183768 -0.165006 0
-0.837151 -0.161410 -0.038803 -0.216033 0.600864 0.162778 -0.036969 -0.091602 -0.177728 1
1.768638 0.181555 -0.419619 -0.390056 0.728539 1.055564 0.220142 -0.009993 -0.127868 0
0.149618 -0.028042 0.592015 0.225782 -0.124397 0.210318 0.057884 0.014126 0.006580 0
-0.396730 -0.091049 0.379043 0.163010 -0.250247 -0.342971 0.067119 -0.018086 0.046624 0
0.768478 0.024727 -0.002753 -0.070410 -0.027791 -0.338200 -0.126755 -0.038816 -0.018073 0
1.748040 0.091914 -0.571858 -0.385500 -0.006853 -0.024098 -0.365915 -0.262479 -0.201861 0
2.366845 0.477155 -0.128385 -0.387828 1.974265 -0.372723 0.721813 0.093871 -0.142239 0
-0.910315 -0.170098 0.015140 -0.133972 0.182859 0.002920 0.304181 -0.014036 -0.071746 0
-1.710069 -0.241909 -0.432270 -0.247180 -0.299358 -0.337357 -0.484663 -0.277056 -0.197118 0
-0.528706 -0.129839 -0.146204 -0.226065 -0.941479 -0.208358 -0.334304 -0.251469 -0.160026 0
-0.708740 -0.174421 0.070373 0.115892 -0.090908 -0.140598 -0.331818 -0.213763 -0.147944 0
2.016996 0.082073 -0.649252 -0.417466 -0.328148 1.868447 -0.341026 -0.213103 -0.193947 0
1.543252 0.172044 -0.210746 -0.309993 -0.258391 -0.396469 -0.106484 -0.091561 -0.133110 0
-0.240086 -0.106739 -0.065424 -0.186063 0.623384 0.113995 0.136728 -0.067486 -0.144063 0
-0.491172 -0.145190 -0.287420 -0.318423 -0.134050 -0.317813 -0.115331 -0.100148 -0.115084 0
0.465055 -0.021900 -0.337585 -0.384856 0.340423 -0.277546 -0.063759 -0.071316 -0.122392 0
1.327546 0.058481 -0.084100 0.048426 -0.024784 -0.286137 -0.239622 -0.178424 -0.136525 0
-1.051776 -0.199876 -0.084293 0.054134 -0.334665 1.737729 -0.365929 -0.192329 -0.090583 0
1.271420 0.177095 0.086424 -0.109875 0.221002 0.976345 -0.031475 -0.094723 -0.075096 0
0.506651 -0.019716 0.146245 0.084497 -1.189095 0.433120 -0.499761 -0.230580 -0.108852 0
-1.504061 -0.219377 -0.238832 -0.312631 1.119615 -0.398356 0.405087 0.024632 -0.104951 1
-1.202199 -0.221077 -0.002818 0.278506 -0.237785 -0.389937 -0.353887 -0.221285 -0.139812 0
-0.027218 -0.025067 -0.374158 -0.529925 2.583894 -0.003328 0.882166 0.243505 -0.104495 0
1.058090 0.070963 0.573819 0.365405 0.091311 -0.399367 -0.368144 -0.233287 -0.143654 0
1.085254 -0.016456 -0.251890 -0.031443 -0.813236 -0.398565 -0.542331 -0.282836 -0.158680 0
1.171160 0.051441 -0.373586 -0.336295 0.549135 -0.094159 -0.016204 -0.018790 -0.105031 0
1.325004 0.043578 -0.178670 -0.117241 0.075926 -0.399781 -0.349200 -0.202149 -0.131262 0
0.878968 0.087799 0.514411 0.246557 -0.757060 1.088532 0.267867 0.200966 0.117404 0
-0.028581 -0.069574 -0.039639 -0.148194 0.525190 -0.104941 0.019099 -0.037171 -0.072008 0
-0.681267 -0.130061 -0.060123 -0.252357 -0.145801 0.082277 -0.109443 -0.071861 -0.064289 0
0.925115 0.073322 -0.421420 -0.357274 -0.395921 -0.190679 -0.145504 -0.181236 -0.156805 0
0.843353 -0.000605 -0.396453 -0.344495 -0.012503 -0.380363 -0.368646 -0.231730 -0.163029 0
-0.345617 0.065267 1.599714 0.941049 0.527217 -0.226676 1.021903 0.855137 0.826197 0
0.307198 -0.080026 -0.389824 -0.334997 0.228996 -0.193278 0.031364 -0.072236 -0.155058 0
0.643942 -0.025067 -0.119333 -0.102486 -0.452678 -0.135654 -0.233428 -0.132401 -0.081109 0
1.585059 0.062591 -0.344693 -0.243966 -0.416899 -0.228332 -0.346083 -0.229536 -0.185869 0
-0.470155 -0.145536 0.008618 -0.020018 -0.030336 -0.312662 -0.227457 -0.142748 -0.088745 0
0.735925 0.026191 -0.037319 -0.097004 0.009322 -0.381257 -0.242534 -0.135712 -0.078205 0
0.668323 -0.010283 -0.059543 -0.108602 -0.332662 -0.290969 -0.228520 -0.154603 -0.094914 0
0.058753 -0.087189 0.072055 -0.009853 0.533390 0.154163 -0.033026 -0.078350 -0.072710 0
0.760188 0.042548 0.305813 0.162926 0.093882 0.218520 -0.030674 -0.044148 -0.036179 0
-0.129831 -0.133449 -0.411299 -0.340208 -0.062189 -0.374120 -0.243518 -0.169895 -0.167307 0
-1.468799 -0.221586 -0.327128 -0.314767 0.076303 2.997134 -0.007827 -0.089466 -0.129034 0
-1.258242 -0.220912 -0.361826 -0.114476 -0.301820 -0.396403 -0.409766 -0.247436 -0.186252 0
-0.104933 -0.105699 -0.084935 -0.156421 0.883355 0.258576 0.154627 0.011233 -0.075300 0
0.363074 -0.004303 0.087433 -0.164691 0.110386 -0.139214 -0.046057 -0.078013 -0.159584 0
-0.385994 -0.128443 0.165776 0.065183 -0.394788 -0.359181 -0.270268 -0.145111 -0.113114 0
0.419239 0.026354 -0.362029 -0.494509 1.097644 -0.399578 0.410678 0.051954 -0.147041 0
-0.386466 -0.075529 -0.370353 -0.519328 2.319248 -0.128849 0.788095 0.120555 -0.163081 0
0.270223 -0.012131 0.480144 0.287573 0.420663 -0.172357 -0.171687 -0.180162 -0.050632 0
0.167760 -0.026684 -0.366301 -0.496896 0.808918 -0.360493 0.288562 -0.020071 -0.134112 0
-1.498158 -0.214543 0.090139 -0.090199 0.461993 -0.294985 0.296115 0.007365 -0.076788 1
-0.627542 -0.162743 -0.342609 -0.258087 -0.171950 -0.399842 -0.147664 -0.133221 -0.161428 0
1.226827 0.095845 -0.235454 -0.225598 -0.266147 1.368091 -0.248939 -0.173948 -0.131450 0
1.312145 0.092662 0.236306 0.129477 -0.613455 1.125295 -0.392131 -0.242737 -0.151098 0
0.833179 0.045942 -0.090690 -0.161065 0.873561 0.594009 0.008989 -0.086708 -0.095370 0
-0.884007 -0.186121 -0.004547 -0.085634 0.433984 -0.349283 0.054403 -0.072093 -0.185457 0
-1.442988 -0.219159 -0.043186 -0.130562 0.296874 0.435499 -0.052895 -0.111006 -0.106651 1
-0.242117 -0.105237 -0.074449 -0.188167 0.458202 -0.010729 -0.175561 -0.143005 -0.120913 0
-0.993782 -0.196353 -0.190074 -0.139114 -0.623185 -0.027732 -0.222400 -0.178318 -0.138043 0
0.480483 0.070441 1.314941 0.867596 -0.423546 0.067335 0.238665 0.212887 0.150378 0
1.072961 0.002314 -0.440943 -0.360098 -0.631333 -0.149353 -0.380226 -0.227135 -0.179503 0
0.294438 -0.055981 -0.191251 -0.171421 -1.228728 0.068081 -0.530511 -0.310393 -0.172851 0
-0.369938 -0.117722 0.266181 0.096549 -0.164680 -0.399411 -0.257640 -0.091512 -0.050905 0
0.232352 -0.069088 0.107997 0.017180 0.567908 -0.277784 -0.246477 -0.197482 -0.166149 0
0.777324 -0.058881 -0.059032 0.160839 -0.389250 -0.058369 -0.431565 -0.256348 -0.172273 0
0.711850 0.037419 -0.207868 -0.247874 0.292714 0.664266 -0.271388 -0.208931 -0.107872 0
-0.274974 -0.114004 0.570314 0.384355 -0.981040 0.233477 -0.171825 -0.056985 -0.036041 0
-1.225660 -0.202742 -0.162849 -0.279098 -0.095120 -0.316065 -0.133654 -0.145028 -0.126440 0
-0.999503 -0.174188 -0.279280 -0.394119 0.912463 -0.401011 0.211073 0.008143 -0.114559 0
0.997694 0.046012 -0.513950 -0.477626 1.006482 -0.330433 -0.010797 -0.116847 -0.179133 0
-1.175697 -0.196370 0.153560 0.010704 -0.112478 -0.018035 -0.301747 -0.154304 -0.100476 0
-0.130997 -0.125188 0.217356 0.249736 -0.521495 0.270154 -0.421160 -0.273598 -0.202341 0
0.576443 -0.062758 -0.596202 -0.453097 -0.336983 -0.274910 -0.406846 -0.259840 -0.224977 0
0.397673 -0.034626 -0.116857 -0.247184 -0.885886 -0.235425 -0.451692 -0.262044 -0.198817 0
-0.621238 -0.100556 0.281664 -0.037561 0.573836 -0.397249 0.193146 0.140883 0.104870 0
-1.331588 -0.215951 -0.349895 -0.394440 -0.081691 -0.119662 -0.411715 -0.256958 -0.215247 0
-0.153831 -0.115424 -0.113782 -0.245581 -0.814084 -0.286422 -0.355822 -0.216271 -0.170907 0
1.052831 0.005538 -0.430197 -0.327772 -0.180505 -0.401023 -0.366335 -0.249917 -0.180951 0
-0.190360 -0.110183 0.062382 0.016307 0.351674 0.611877 -0.027043 -0.118960 -0.135224 0
0.982415 -0.012780 -0.953460 -0.732391 -2.133360 -0.316021 -0.195163 -0.354875 -0.358449 0
-0.590028 -0.137473 -0.030559 -0.249908 1.045540 -0.151131 0.338479 0.087687 -0.076407 0
-0.791063 -0.188774 -0.471069 -0.376898 -0.500949 -0.369748 -0.355147 -0.241787 -0.217381 0
1.524666 0.110057 -0.392837 -0.357420 0.848591 0.586262 -0.083372 -0.190733 -0.203184 0
-1.048449 -0.191038 -0.511513 -0.517301 0.206061 -0.303917 -0.160412 -0.139377 -0.175082 0
-0.853688 -0.147735 0.317753 0.027859 1.075409 -0.331783 0.198679 0.098780 0.054344 0
-0.965372 -0.180151 -0.080781 -0.197178 0.361311 -0.312991 -0.134305 -0.156643 -0.205708 0
-0.248193 -0.162951 -0.768135 -0.488593 -0.089622 0.137563 -0.250844 -0.193836 -0.219254 0
0.425924 -0.000126 -0.026231 -0.196464 -0.067998 1.013869 -0.106092 -0.145052 -0.157214 0
1.890912 0.133602 -0.355570 -0.257074 0.590413 -0.401049 -0.138202 -0.130107 -0.139644 0
-0.252718 -0.110166 -0.188832 -0.318323 0.526972 0.562892 -0.120748 -0.161547 -0.183239 0
0.583525 0.048643 0.152843 -0.101448 0.740427 -0.395855 -0.013915 0.017531 0.008941 0
-0.362550 -0.109383 -0.632065 -0.621762 1.113925 0.142228 0.422312 0.009793 -0.156667 0
-0.789299 -0.172288 -0.271035 -0.205900 -0.196489 -0.034919 -0.188386 -0.188991 -0.178064 0
1.428589 0.153471 0.006091 -0.187056 -0.104364 0.821927 -0.262763 -0.137567 -0.154230 0
1.020804 0.040656 -0.244346 -0.259383 -0.830886 -0.369077 -0.357316 -0.275610 -0.188992 0
0.285706 -0.040051 -0.042408 -0.161201 -0.221974 -0.277503 -0.124052 -0.079862 -0.122457 0
-1.334452 -0.209708 0.014513 -0.157720 0.246830 -0.395143 0.088057 -0.092078 -0.158032 1
-0.232477 -0.143163 -0.422267 -0.273749 -0.082253 1.413132 -0.246818 -0.225939 -0.201407 0
-1.171579 -0.202650 0.067416 -0.068680 -0.312335 4.189528 -0.263875 -0.213474 -0.158926 0
-0.513512 -0.140701 -0.110401 -0.223295 0.722250 -0.113378 0.000657 -0.093351 -0.151068 0
-1.034196 -0.184994 -0.183762 -0.251757 0.138448 0.062289 -0.186082 -0.159344 -0.156415 0
1.813970 0.326839 -0.219150 -0.350934 -0.321808 -0.399280 -0.082848 -0.057460 -0.052265 0
-1.280673 -0.205064 -0.097844 -0.252270 1.925709 0.366954 0.314832 -0.053083 -0.176423 1
-0.016944 -0.078252 0.357318 0.185340 0.237765 -0.366889 -0.037988 -0.093419 -0.096262 0
-0.086577 -0.106776 -0.583114 -0.502888 0.404974 -0.401034 -0.220714 -0.201638 -0.187327 0
1.098555 0.141859 0.259453 0.067348 -0.466252 0.035252 -0.063217 -0.041125 -0.018370 0
-1.453189 -0.221062 -0.303952 -0.290450 -1.114287 0.007723 -0.371859 -0.286995 -0.182986 1
0.509591 -0.028076 -0.160476 -0.251807 0.473696 -0.054239 -0.098651 -0.118417 -0.135058 0
-0.188091 -0.106381 -0.267881 -0.342331 -0.532672 -0.392079 -0.443955 -0.252912 -0.189386 0
0.324749 -0.102544 -0.427950 -0.142458 -1.417230 1.882436 -0.634682 -0.347714 -0.211896 0
-1.428812 -0.202349 0.231570 -0.129742 0.852245 -0.095954 0.691673 0.142150 -0.077098 1
-1.019247 -0.188432 0.266347 0.175991 -0.445898 0.613981 -0.231624 -0.166410 -0.155632 1
-0.800172 -0.191094 -0.504774 -0.300010 -0.267137 0.967929 -0.366496 -0.282503 -0.232830 0
-0.206314 -0.127866 -0.669610 -0.547213 1.074994 0.053704 -0.065985 -0.187939 -0.221795 0
-1.292575 -0.203060 -0.188799 -0.309351 0.927765 -0.336350 0.391843 0.028939 -0.086785 1
0.115277 -0.027940 -0.201413 -0.331570 -0.287946 -0.129913 -0.307477 -0.186796 -0.092679 0
1.856115 0.162830 -0.626292 -0.508381 -2.356831 -0.084823 -0.371550 -0.297274 -0.204455 0
-0.141261 -0.121069 -0.190533 -0.212416 0.379250 -0.202366 -0.253419 -0.222067 -0.174489 0
-0.373331 -0.121237 -0.441207 -0.443764 -0.515989 -0.370445 -0.227192 -0.137164 -0.143761 0
0.019179 -0.100271 -0.554631 -0.524360 -1.289543 -0.370074 -0.063996 -0.158868 -0.210910 0
-0.571904 -0.174429 -0.696667 -0.393050 -0.429571 -0.251682 -0.420854 -0.258678 -0.194983 0
-0.013931 -0.031370 0.244573 -0.011750 -1.094437 -0.353021 -0.081846 -0.026314 -0.013321 0
-0.634295 -0.147061 -0.276663 -0.342917 -0.267193 -0.266999 -0.291146 -0.259698 -0.203220 0
-0.652904 -0.138396 -0.138313 -0.284661 2.048265 -0.188804 0.290924 -0.021507 -0.124559 0
0.055369 -0.134353 -0.631904 -0.410268 -0.607230 -0.096653 -0.460316 -0.274614 -0.219989 0
0.192163 -0.079176 -0.354520 -0.297763 0.208466 -0.299752 -0.148003 -0.149687 -0.153752 0
1.960019 0.131853 -0.680622 -0.483558 0.040915 1.052728 -0.144756 -0.183276 -0.182964 0
-0.080310 -0.118503 -0.606053 -0.452497 0.981119 -0.057010 0.143490 -0.078842 -0.172443 0
0.023834 -0.066682 -0.530450 -0.564712 -0.089713 0.401517 -0.247406 -0.259478 -0.276385 0
0.973817 0.038739 -0.210900 -0.273124 0.668119 -0.324163 -0.192024 -0.191814 -0.151150 0
0.634786 0.056163 -0.216904 -0.379055 1.842779 -0.356503 0.335266 -0.038638 -0.165586 0
-0.908050 -0.142967 0.183487 -0.121372 0.259122 -0.357031 -0.025809 -0.043396 -0.092089 0
0.434792 0.015753 -0.188554 -0.283265 -1.033740 0.623038 -0.179972 -0.182634 -0.121610 0
-0.710882 -0.188253 -0.478194 -0.313675 -0.092904 -0.400378 -0.284965 -0.242527 -0.246345 0
0.306918 -0.053187 0.082268 0.013432 -0.391209 0.098948 -0.210366 -0.101267 -0.056040 0
-0.529217 -0.021859 0.665470 0.148188 0.769724 -0.318190 1.045047 0.527641 0.213709 0
0.488148 0.090125 -0.010554 -0.272415 0.923346 -0.374412 0.037873 -0.129010 -0.096213 0
-0.226163 -0.094075 0.028448 -0.175364 0.119324 -0.397802 0.148719 -0.012191 -0.054137 0
0.166509 0.334252 1.294509 0.583432 2.265815 0.111527 1.759574 0.914657 0.625516 0
-0.817939 -0.182597 -0.485347 -0.433935 0.390372 0.424215 0.060165 -0.097152 -0.200377 0
0.366861 -0.029128 -0.402287 -0.426693 -0.714497 -0.400801 -0.384596 -0.222087 -0.163413 0
0.544116 -0.063476 -0.338179 -0.302796 -0.055430 -0.339196 -0.250141 -0.219594 -0.194031 0
-1.096062 -0.203346 -0.182244 -0.109606 -1.011482 -0.375500 -0.512161 -0.269872 -0.156080 0
0.538509 0.013820 0.591798 0.364683 -0.564518 0.308994 -0.291266 -0.156820 -0.058323 0
-1.082326 -0.190039 -0.002159 -0.112557 -0.126589 -0.359993 0.039892 -0.076730 -0.160529 0
0.485303 -0.056589 -0.543011 -0.452711 -0.471236 0.880999 -0.251983 -0.209713 -0.199749 0
-0.902008 -0.153206 0.288092 -0.035389 -0.100952 -0.105745 0.183087 -0.004414 -0.091307 0
0.888225 0.025823 -0.617596 -0.510502 0.192840 -0.184108 -0.170561 -0.191704 -0.182697 0
-0.621099 -0.121763 1.443876 1.174727 0.256957 -0.400973 0.217444 0.235356 0.245529 0
-1.750465 -0.240955 -0.506432 -0.424641 0.612886 -0.342751 -0.051683 -0.138835 -0.183219 0
0.550466 -0.041632 -0.384154 -0.342380 0.230365 -0.259688 -0.174700 -0.212393 -0.192885 0
-0.685928 -0.151319 -0.582729 -0.503785 0.758245 -0.379033 0.040251 -0.104176 -0.158920 0
-0.196490 -0.077418 -0.323217 -0.408042 0.390703 -0.328305 0.062214 -0.131717 -0.176986 0
1.092602 0.029026 -0.411289 -0.379892 0.464575 -0.399701 -0.262931 -0.224325 -0.190693 0
0.915707 0.032499 -0.441506 -0.494273 -0.052346 -0.184220 -0.305795 -0.240355 -0.222529 0
-0.371013 -0.154915 -0.492118 -0.357074 -1.022211 -0.259592 -0.576085 -0.331736 -0.230642 0
-1.024977 -0.185689 -0.338043 -0.371240 -0.120948 -0.159793 -0.018540 -0.084703 -0.128525 0
0.315274 -0.056666 -0.153944 -0.211238 0.381048 -0.373411 -0.232694 -0.204936 -0.166979 0
-0.092031 -0.101396 -0.207108 -0.295722 0.817922 -0.241315 0.085230 -0.091731 -0.175782 0
0.795428 -0.056981 -0.429391 -0.208479 -0.558413 -0.260093 -0.470273 -0.335406 -0.262056 0
0.327439 -0.072852 -0.265239 -0.236744 0.069749 -0.400365 -0.141835 -0.158115 -0.189931 0
-0.359437 -0.158207 -0.760147 -0.521996 -0.024390 0.495198 -0.346305 -0.294311 -0.292199 0
0.219350 -0.096912 -0.433460 -0.338203 -0.860847 -0.380032 -0.572655 -0.311494 -0.200053 0
0.291796 -0.081358 -0.472297 -0.375426 -0.116355 -0.333043 -0.318720 -0.225993 -0.177830 0
0.344116 -0.033595 -0.297651 -0.336246 -0.878277 -0.378607 -0.422858 -0.245984 -0.132174 0
-0.628215 -0.150284 -0.567814 -0.546818 1.179299 -0.357218 0.282482 -0.051099 -0.199083 0
1.317727 0.094740 -0.223699 -0.193500 0.186658 0.737115 -0.070781 -0.108303 -0.127869 0
1.392876 0.110504 -0.096555 -0.209223 0.161291 -0.400309 -0.140583 -0.162890 -0.164636 0
2.218255 0.238316 -0.618511 -0.559691 0.543514 -0.158682 -0.162540 -0.238084 -0.284885 0
-1.110674 -0.201034 -0.103624 -0.142967 -0.899391 -0.323884 -0.564899 -0.335405 -0.246999 0
-0.989283 -0.201245 -0.320843 -0.149320 -0.256771 -0.400949 -0.406193 -0.247422 -0.200786 0
-0.030424 -0.028621 -0.084334 -0.326891 2.067316 -0.324413 0.470347 0.016628 -0.120401 0
-0.972163 -0.206982 -0.474737 -0.194644 -0.969979 -0.400657 -0.517842 -0.282476 -0.182990 0
0.014568 -0.039149 0.171402 -0.097887 -0.624475 -0.388533 0.094797 -0.024775 -0.064950 0
-0.431021 -0.139543 -0.615359 -0.541995 -1.419492 -0.395720 -0.144370 -0.267421 -0.254548 0
-0.143647 -0.083339 0.029535 -0.188648 0.460534 -0.388016 0.127999 -0.036894 -0.127963 0
-1.164045 -0.177023 0.902155 0.611048 0.933950 -0.359679 0.205840 0.021523 0.155001 0
0.300583 0.014277 0.296006 -0.017136 -0.295787 -0.383908 -0.062552 -0.068856 -0.087688 0
-1.088471 -0.180945 -0.214689 -0.394184 -1.042625 -0.394661 0.023387 -0.037762 -0.131857 0
0.096502 -0.077876 -0.517424 -0.482437 -0.489529 -0.381420 -0.417318 -0.330595 -0.267103 0
0.934678 0.018959 -0.570661 -0.460685 0.850475 -0.322210 0.023139 -0.139238 -0.192641 0
-1.390015 -0.208638 0.181535 -0.027395 0.310104 -0.306825 0.141522 -0.131827 -0.107632 0
-0.370321 -0.116207 -0.276705 -0.422433 0.014424 0.188554 -0.088731 -0.141922 -0.159787 0
-0.863802 -0.178659 0.045866 -0.031229 -0.788177 -0.354212 -0.291601 -0.183011 -0.127314 0
-0.119185 -0.115129 -0.734223 -0.567688 0.002454 0.335024 -0.485604 -0.327931 -0.264698 0
0.525382 -0.057634 -0.513139 -0.377914 0.050792 -0.034607 -0.208014 -0.234141 -0.222846 0
-0.280451 -0.122911 -0.298466 -0.357472 -0.381545 -0.297785 -0.482171 -0.308469 -0.245960 0
-0.507694 -0.113751 0.301161 -0.016760 -0.473846 -0.388007 0.181749 0.055803 -0.052884 0
-0.880146 -0.165528 -0.329296 -0.413943 -0.526717 -0.383287 0.004921 -0.138969 -0.212525 0
-0.382552 -0.069812 0.315719 0.018867 0.783812 -0.178164 0.137286 0.082502 0.087418 0
1.442886 0.163487 -0.825630 -0.725512 0.953808 0.318854 0.181325 -0.127720 -0.243539 0
0.297614 -0.028101 -0.101609 -0.298033 0.636814 0.172085 0.247972 -0.036138 -0.144322 0
-1.814281 -0.244761 -0.293748 -0.132303 -0.745101 -0.383066 -0.401046 -0.265976 -0.186917 0
-1.211653 -0.188135 0.327049 0.011471 1.608054 -0.057153 0.438556 0.031634 -0.099164 0
1.789984 0.254309 0.103134 -0.145115 -0.183583 1.383202 -0.159466 -0.219794 -0.153438 0
0.465252 -0.018810 -0.383496 -0.400722 0.168510 0.352493 -0.137601 -0.219713 -0.186607 0
-1.148260 -0.215047 -0.392305 -0.154907 -0.556715 0.931462 -0.431126 -0.264074 -0.186208 0
1.061587 0.039334 -0.346316 -0.346545 -0.839937 0.162162 -0.486407 -0.264980 -0.179633 0
-0.621930 -0.080198 0.667456 0.145805 -0.724544 -0.307783 0.855775 0.352236 0.089493 0
0.900033 -0.023217 -0.263427 -0.180775 -0.472746 -0.219504 -0.442994 -0.285447 -0.178007 0
-0.915697 -0.135369 0.114197 -0.223690 1.993098 -0.220899 1.114175 0.361471 -0.003680 0
0.374409 -0.054740 -0.811245 -0.633937 -0.580941 -0.396940 -0.328919 -0.245186 -0.226271 0
-0.104107 -0.147172 -0.625205 -0.327504 -0.208760 -0.316839 -0.330305 -0.252384 -0.223113 0
1.080252 0.001103 -0.679485 -0.494419 -0.982464 -0.148831 -0.539926 -0.351674 -0.239125 0
-0.795370 -0.163702 0.132968 0.001186 0.000270 -0.400296 -0.159843 -0.136100 -0.103638 0
-0.476637 -0.090841 0.061998 -0.161421 1.194221 2.250473 0.072377 -0.123636 -0.048926 0
-0.348509 -0.144308 -0.617611 -0.531064 0.146519 0.235227 -0.215751 -0.260041 -0.260847 0
0.363717 -0.077638 -0.704409 -0.526899 -0.085913 1.038016 -0.290079 -0.279367 -0.263201 0
-1.473819 -0.215516 0.077047 -0.154759 0.283398 0.029635 0.222475 -0.026424 -0.122863 1
0.502450 -0.062033 -0.375071 -0.299336 -0.613808 -0.361250 -0.584273 -0.332510 -0.224308 0
-0.934334 -0.163687 1.257609 1.128833 -0.952985 -0.320555 0.202183 0.217772 0.225094 0
-0.250146 -0.121123 -0.350083 -0.336562 0.372527 0.047778 -0.145467 -0.209211 -0.212648 0
-0.044495 -0.083414 0.116222 0.054634 -0.875224 -0.366789 -0.216162 -0.091272 -0.045875 0
1.308554 0.135430 -0.300618 -0.384585 0.326871 -0.048710 0.044979 -0.119220 -0.166499 0
-0.067709 -0.122496 -0.575949 -0.409820 -0.689653 -0.344582 -0.472291 -0.326051 -0.217686 0
0.330402 -0.066971 -0.644700 -0.526589 0.040386 -0.400107 -0.232797 -0.196359 -0.234136 0
1.067869 0.045736 -0.124097 -0.176614 -0.457737 -0.398079 -0.441496 -0.247682 -0.159302 0
2.501725 0.247585 -0.629138 -0.445173 -0.289734 -0.105126 -0.306488 -0.215456 -0.172124 0
0.823899 0.033080 -0.376243 -0.388222 -0.277472 -0.381936 -0.281450 -0.271244 -0.207795 0
0.136855 -0.113014 -0.512207 -0.393779 -0.188462 0.665989 -0.233141 -0.204544 -0.223848 0
