6.665527 23.708668 7.161281 8.875331 10.155619 -0.566760 19.131352 20.633803 20.699075 0
1.124451 3.289823 7.150818 8.757327 9.006519 0.117527 16.027672 17.556237 17.998825 0
-0.162841 0.178919 5.027779 5.537023 3.011971 -0.585853 3.667073 3.775591 3.500479 0
-0.202128 0.113153 5.313561 6.254829 1.955844 7.597260 2.633766 2.887224 3.110215 0
0.509604 0.320275 4.091351 4.400441 3.744201 -0.572063 3.657068 3.162273 3.032151 0
-0.808511 -0.053292 3.775705 4.098911 1.288681 -0.464192 1.754923 1.914937 1.832456 0
1.268943 0.795794 3.352496 3.195249 2.303699 -0.394873 2.606771 2.851039 3.087133 0
-0.908740 -0.089037 2.772690 2.992365 1.113724 0.064411 1.571035 1.360903 1.210849 0
-1.018579 -0.103605 2.981437 2.912631 2.518836 -0.248044 1.812161 1.422791 1.166373 0
-0.880585 -0.066764 2.596185 2.235398 2.726037 -0.385772 2.117291 1.556531 1.143884 0
-0.137273 0.014361 3.371949 3.686457 1.651659 -0.060963 1.259535 1.333664 1.474793 0
-0.414512 -0.051318 2.774244 2.949372 0.469670 3.231098 0.673222 0.954744 1.106652 0
-0.109305 0.027471 2.681292 2.680590 2.216635 -0.270746 1.667848 1.492405 1.325588 0
-1.436644 -0.147518 2.786639 2.809500 1.314009 -0.468308 1.228966 1.092138 0.957875 0
-1.258804 -0.141760 4.202656 5.100013 1.249092 -0.006421 0.796597 0.927852 0.986875 1
-0.552097 -0.051523 2.343582 2.220559 1.798138 -0.550861 1.664025 1.447117 1.065633 0
1.154789 0.811295 1.727313 1.104156 3.148383 2.156422 3.257097 2.529204 2.168359 0
-0.188264 -0.014845 1.503218 1.099865 2.234313 -0.323317 1.717446 1.232372 0.780414 0
-0.034832 0.010361 2.824643 2.950450 1.024879 1.594836 0.975011 1.045105 1.163933 0
-0.127819 0.068794 1.634682 1.173685 2.019136 0.044178 2.023311 1.328254 0.957038 0
0.946891 0.155829 2.462907 2.637766 1.056408 -0.171722 0.897571 0.810769 0.774800 0
-0.608686 -0.076187 1.888545 1.858119 0.902106 -0.602991 0.904834 0.902339 0.875726 0
-0.961618 -0.119001 2.472907 2.735181 0.921097 -0.389781 0.727861 0.730038 0.743689 0
0.602512 0.442254 2.610420 2.148794 1.865059 -0.239482 2.426060 2.136411 2.164381 0
-0.162710 0.076214 1.921985 1.538345 1.579381 -0.596854 1.620809 1.188196 1.026143 0
-0.453353 -0.056531 2.149585 2.054193 0.713909 0.426056 0.599081 0.728299 0.731827 0
-0.483724 -0.073957 2.423843 2.694651 0.463501 0.971759 0.688836 0.654936 0.678501 0
-0.169479 -0.023583 1.906163 1.913127 1.229919 -0.562897 0.716738 0.796821 0.834890 0
-1.288518 -0.140030 2.293663 2.474848 1.557703 -0.483897 1.022099 0.751197 0.698052 1
-0.621765 -0.064057 1.444986 1.040567 1.524888 -0.424056 0.888120 0.794040 0.658888 0
-0.545467 -0.059761 2.163010 2.109872 2.042003 2.332627 1.109129 0.967382 0.907443 0
-0.942617 -0.120195 2.002925 2.023347 1.000184 3.381887 0.800134 0.753080 0.661022 0
-1.387586 -0.157216 1.251117 0.930736 1.621784 -0.050555 0.995808 0.693857 0.390401 0
-1.038333 -0.109292 2.603847 2.590162 1.171443 0.887018 0.957892 1.008020 1.091478 0
-0.886317 -0.117470 1.354857 1.177328 0.276338 0.127122 0.406623 0.494900 0.411685 0
-0.362022 -0.046290 0.938611 0.570309 -0.595396 -0.519422 0.554443 0.477680 0.395392 0
-1.317348 -0.147072 1.743484 1.571891 1.578830 1.163045 0.959887 0.810151 0.580782 0
-1.073805 -0.111318 1.509169 1.362427 2.060466 -0.531469 1.028710 0.857332 0.748204 1
-0.882038 -0.123756 1.318955 1.240696 1.103857 0.293131 0.629321 0.546024 0.397181 0
-0.891546 -0.101944 1.606336 1.408416 0.518869 2.262275 0.657271 0.713804 0.741067 0
-0.489341 -0.067071 1.706472 1.568790 1.397852 1.599060 0.854104 0.735511 0.572471 0
-0.834347 -0.109755 1.541017 1.433284 0.765521 -0.562719 0.785225 0.520585 0.324493 0
-0.957005 -0.123594 1.928572 2.084794 0.144836 0.002340 0.396462 0.461260 0.560862 0
-1.073711 -0.125890 2.957583 3.114165 0.213847 -0.476679 0.435531 0.591353 0.659586 0
1.015344 0.165662 1.398193 1.106779 0.929842 -0.582866 0.762235 0.700772 0.651973 0
0.146195 0.057295 1.182892 0.987922 0.471175 -0.615346 0.756678 0.798140 0.839248 0
0.640189 0.095634 0.631943 0.383160 1.942774 -0.446352 1.106462 0.770420 0.529663 0
1.051937 0.090309 1.728200 1.914584 -0.223599 -0.087901 0.214284 0.363539 0.497070 0
-1.435926 -0.157600 1.326693 1.204692 0.595764 -0.157380 0.415479 0.422039 0.391495 0
-0.278908 -0.043647 1.413645 1.078897 0.524161 -0.313049 0.631342 0.419038 0.335753 0
-0.481223 -0.097732 0.976195 0.855948 1.536061 -0.362292 0.543376 0.396660 0.289938 0
-0.051974 -0.012540 1.502222 1.179345 0.353792 0.549036 0.374797 0.493130 0.533680 0
0.190918 -0.021925 1.694427 1.833529 0.827425 -0.522576 0.457463 0.465527 0.496790 0
0.732862 0.149968 1.682150 1.484637 1.379298 0.939283 0.788385 0.645591 0.708260 0
0.850309 0.146991 1.515760 1.502993 0.285489 -0.618927 0.469445 0.643873 0.788230 0
0.108236 0.010811 0.690149 0.328936 1.754871 -0.608314 1.033386 0.621015 0.222786 0
1.494711 0.169184 1.159966 1.169948 -0.022650 -0.322925 0.164761 0.266081 0.314758 0
-1.214622 -0.152069 1.075032 0.856834 1.244627 2.494603 0.677731 0.471018 0.221697 0
-0.954588 -0.121435 1.663812 1.479670 0.654566 2.309126 0.406905 0.385940 0.314156 1
-1.379888 -0.153808 2.037312 2.101615 0.440623 -0.127116 0.299731 0.416992 0.426131 0
-1.114208 -0.146046 1.477695 1.468834 0.715176 0.873114 0.480941 0.433069 0.353618 0
1.875443 0.271021 0.758281 0.696712 0.749988 -0.574297 0.534237 0.333654 0.331359 0
0.568538 0.082204 1.682720 1.471768 0.414623 -0.582470 0.428021 0.489718 0.558206 0
1.313596 0.204959 0.711418 0.401349 0.564940 0.524466 0.815931 0.595826 0.413776 0
0.010869 -0.003354 1.009496 0.669563 1.847608 -0.345028 0.979077 0.712783 0.426210 0
-0.255464 -0.050869 1.037760 0.662184 1.988231 -0.551624 0.940248 0.619886 0.321462 0
0.849488 0.093202 0.839143 0.512693 1.260321 1.224135 0.784333 0.457802 0.311235 0
0.238613 -0.012193 1.490615 1.539947 -0.447002 -0.613584 0.173594 0.372533 0.502370 0
-0.234695 -0.043116 1.936992 1.888917 0.099207 -0.338009 0.255177 0.430507 0.544807 0
-0.579927 -0.109160 0.540046 0.535684 0.433413 0.957555 0.404041 0.276737 0.197253 0
-0.960684 -0.128182 1.289586 1.266870 0.567618 2.510456 0.377819 0.379389 0.343441 0
-0.184286 -0.035682 1.580392 1.338998 0.513610 -0.543377 0.375933 0.401345 0.513677 0
1.803426 0.284755 0.432439 0.183365 0.355348 -0.208043 0.404897 0.391445 0.224016 0
-0.902108 -0.124722 1.275229 1.120498 0.134089 -0.225433 0.530613 0.463762 0.324033 0
-0.887794 -0.122595 0.710088 0.450334 1.702208 0.350569 0.853906 0.533116 0.329288 0
0.512253 0.031621 1.070003 0.918480 -0.005448 -0.490565 0.275465 0.332513 0.360889 0
1.224422 0.081340 0.997179 0.953221 1.112266 0.435282 0.338859 0.286858 0.180460 0
1.010879 0.091260 1.037699 0.992416 -0.028140 5.415862 0.264491 0.330306 0.353782 0
-0.822314 -0.122429 1.130985 1.312781 -0.311109 -0.396201 0.137188 0.285021 0.366162 0
-0.826575 -0.064119 1.126084 0.511681 1.103905 -0.487428 1.069692 0.750312 0.502179 0
-0.052175 -0.005637 0.326226 -0.011768 1.600801 -0.477840 0.833353 0.513394 0.257515 0
-0.922140 -0.115705 0.571782 0.494718 -0.105751 -0.619072 0.255682 0.340850 0.330828 0
-0.914168 -0.118279 1.091803 0.908453 -0.027714 -0.320012 0.047176 0.239978 0.324753 0
1.551670 0.239245 1.011265 0.465112 0.765895 -0.619074 0.375587 0.346045 0.182957 0
1.768675 0.254653 -0.074323 -0.282287 2.173394 -0.069705 0.721194 0.339830 0.093778 0
-0.676424 -0.103931 0.538124 0.232160 1.611573 0.802869 0.746142 0.391059 0.141461 0
-0.903576 -0.131723 0.764379 0.769187 -0.185476 -0.611629 -0.074124 0.113483 0.157140 0
-0.544830 -0.104114 0.465102 0.424007 -0.181337 -0.572061 -0.086863 0.071446 0.120081 0
0.226514 -0.011514 0.535745 0.430834 1.207684 -0.591726 0.652534 0.491925 0.332402 0
0.652029 0.063555 1.575162 1.822531 0.304398 -0.150808 0.196302 0.398343 0.598574 0
-0.757570 -0.112728 0.859675 0.784979 0.120899 -0.615273 0.273682 0.280066 0.260941 1
-1.390408 -0.158102 1.584641 1.678145 0.347810 -0.575085 0.208403 0.351400 0.431231 1
-0.642320 -0.109644 1.717679 1.823340 0.334397 -0.617523 0.405363 0.375565 0.419892 0
-0.687716 -0.050899 0.661254 0.164247 0.691726 -0.453307 0.543654 0.442415 0.327289 0
0.063641 0.045002 0.696307 0.280732 0.584800 -0.618902 0.635695 0.524864 0.468022 0
-0.931683 -0.121439 1.526246 1.563302 -0.366702 -0.617900 0.094981 0.245851 0.405544 1
0.592368 0.082834 0.732159 0.436142 1.650807 -0.578406 0.559184 0.337965 0.298442 0
-0.092934 -0.034885 0.542537 0.197857 1.462750 -0.546224 0.628255 0.413826 0.193047 0
0.854861 0.094510 0.755746 0.603344 0.723759 -0.025609 0.485275 0.436527 0.381275 0
-0.875524 -0.101629 1.251116 0.834474 1.646265 -0.121216 0.437050 0.418391 0.384700 0
-0.535444 -0.054941 1.503929 1.168160 -0.164451 -0.543457 0.421788 0.558566 0.660803 0
-1.267116 -0.154521 0.910499 0.960831 0.447375 -0.312587 0.172028 0.190149 0.189730 1
-0.902831 -0.127378 1.083911 1.105882 0.331551 1.608322 0.113511 0.193773 0.306279 0
-0.817005 -0.117433 1.155927 1.062322 -0.016502 -0.619031 0.067428 0.176868 0.184179 0
-0.232394 -0.058327 0.550713 0.363541 0.582710 -0.618586 0.045862 0.192213 0.210740 0
0.453532 0.278446 1.737807 1.069994 1.401289 1.284646 0.682559 0.824295 0.837206 0
0.972106 0.037743 1.008097 1.179554 0.331589 0.003073 0.260533 0.229662 0.246816 0
0.207075 -0.056539 0.698370 0.803494 0.655863 -0.097008 0.275008 0.222826 0.128079 0
-0.349475 -0.074609 0.687950 0.532064 0.080905 -0.594357 -0.028810 0.088589 0.168009 0
1.226633 0.107063 0.636788 0.447855 -0.026567 -0.245205 0.039093 0.098128 0.116798 0
-0.029514 -0.049626 0.391613 0.204944 -0.723039 1.323405 -0.364106 -0.035606 0.047758 0
0.106510 0.120133 3.148976 3.182006 -2.013084 -0.364411 1.943290 1.816693 1.688246 0
-1.405965 -0.166654 1.166007 1.382109 0.594971 1.822561 0.100481 0.095567 0.103224 0
-0.065743 -0.035279 1.178963 1.131287 0.243936 0.319451 0.496743 0.448521 0.481636 0
-0.012534 -0.027535 0.780506 0.462805 0.192766 -0.618973 0.140603 0.239563 0.228231 0
-0.213284 -0.047469 0.442568 0.291961 1.022263 -0.523473 0.592116 0.409362 0.255388 0
-1.196381 -0.156035 0.801423 1.052362 0.180008 -0.468478 0.035768 0.096773 0.134206 1
0.091077 -0.041688 0.113228 0.044263 -0.621149 -0.571080 -0.091987 0.017793 0.060851 0
0.763951 0.122015 0.433454 0.093192 -0.124991 -0.348036 -0.032235 0.108178 0.141171 0
0.488388 0.063533 0.016448 -0.258661 1.382238 0.853993 0.664435 0.317991 -0.019378 0
0.165092 0.034717 0.646250 0.190937 2.554528 -0.288771 1.145355 0.553280 0.228380 0
-0.838227 -0.119227 0.018714 -0.161064 1.645932 -0.200703 0.438616 0.154517 -0.031618 0
-1.098126 -0.138978 0.865633 1.025805 0.726513 0.669997 0.273618 0.196338 0.205744 0
-0.898517 -0.132852 1.089437 1.174568 -0.415326 3.225047 -0.153155 0.052154 0.206823 0
0.027835 0.044719 0.343634 -0.130594 1.168164 -0.578690 0.681177 0.343482 0.033873 0
0.410169 0.030312 0.179430 0.047799 0.904999 1.182459 0.109047 0.133297 0.143443 0
1.749876 0.278072 1.535671 1.246003 -0.036507 -0.614215 -0.021482 0.253411 0.370991 0
-1.675577 -0.176527 1.022844 1.322257 -0.174740 0.852233 -0.141663 0.031298 0.126268 1
-0.492704 -0.106672 0.903024 1.014362 -0.735654 1.714101 -0.239623 0.009533 0.162788 0
-0.657755 -0.093843 0.154472 -0.133585 0.077745 0.869763 0.042571 0.129355 0.118877 0
-1.227990 -0.156106 0.389691 0.373966 -0.653387 -0.565466 -0.394822 -0.154061 -0.050959 1
1.813908 0.311889 1.287226 0.861685 0.841618 0.315642 0.594564 0.489768 0.426853 0
-0.696178 -0.100335 0.936384 0.823171 1.338316 -0.279299 0.439662 0.222467 0.241467 0
-1.305500 -0.152502 0.112337 -0.008599 -0.349456 -0.466689 -0.173763 -0.028857 -0.041069 0
0.243061 -0.008565 0.352326 0.089693 -0.357686 -0.086856 -0.324366 -0.164993 -0.028995 0
0.854152 0.086112 1.055277 1.157474 0.693746 1.676600 0.602909 0.398434 0.403415 0
0.151236 -0.012632 0.554395 0.335071 0.847914 0.320993 0.348433 0.341489 0.263460 0
-0.675161 -0.125635 0.280539 0.412938 0.006203 -0.557793 0.048004 0.107109 0.086756 0
2.212540 0.312601 0.891839 0.820116 0.470002 -0.495534 0.251463 0.215998 0.238068 0
1.304839 0.113672 -0.302550 -0.291079 0.751854 1.087808 0.250296 0.023530 -0.064852 0
0.132180 0.014663 0.699891 0.252078 -0.519108 0.624777 0.475025 0.245376 0.108027 0
-0.367969 -0.075513 0.329910 0.023883 0.052363 -0.397217 0.038020 0.073068 -0.015000 0
0.797600 0.152478 1.045694 0.568157 -0.005487 -0.583408 -0.031788 0.117134 0.215683 0
-1.098395 -0.144400 0.807312 0.842828 0.317822 -0.223848 0.051415 0.185815 0.216571 0
0.517920 0.041593 0.069068 -0.227617 0.074477 -0.619066 -0.095613 -0.004429 -0.018144 0
-0.354696 -0.095883 0.515262 0.504890 0.921612 -0.466272 0.121273 0.054299 0.006976 0
-1.185260 -0.144822 0.880634 0.638029 0.321434 0.157250 0.267695 0.108981 0.029712 0
-0.611903 -0.091489 1.313319 0.967067 0.143471 0.736252 -0.012501 0.088008 0.100325 0
-0.362407 -0.102435 0.368094 0.498908 -0.074262 0.342744 -0.137017 -0.042874 0.031985 0
0.366728 -0.029912 0.089442 0.039119 -0.143875 -0.615459 -0.133430 0.003354 0.048149 0
1.197921 0.096996 0.126955 0.115032 0.300249 0.694314 0.010913 0.017947 0.063251 0
0.255278 0.040150 0.534926 0.107555 1.719444 0.549574 0.985285 0.463383 0.173099 0
2.338323 0.262371 0.921468 0.847059 -0.415028 0.025310 0.172316 0.124012 0.136116 0
1.724899 0.205353 0.271551 0.078839 0.620242 0.299598 -0.069699 -0.018011 0.012194 0
-1.496015 -0.171304 1.111010 1.490625 -0.268511 -0.408821 -0.307448 -0.140825 -0.030649 1
1.402014 0.090076 0.311989 0.304110 0.390317 -0.367332 0.116162 0.100619 0.066817 0
-0.479128 -0.072619 0.027325 -0.232202 0.544457 0.028104 0.593877 0.247010 0.019302 0
-0.984605 -0.147184 -0.014537 -0.024166 -0.163219 1.774632 -0.121808 0.010231 -0.047714 0
-0.293486 -0.087806 0.787696 0.918690 -0.790181 -0.572395 -0.330694 -0.056180 0.084736 0
-0.815762 -0.102325 0.470716 0.197909 0.199298 -0.608000 0.224604 0.208166 0.220717 0
-0.271313 -0.061443 0.116409 -0.004155 0.768942 -0.432881 0.478041 0.246865 0.103650 0
1.008219 0.063259 0.748286 0.566687 0.829594 -0.618419 0.266738 0.143130 0.067114 0
-1.320577 -0.160027 0.863960 0.967746 0.746210 0.847367 0.090242 0.091464 0.120956 0
-0.612987 -0.120701 0.468090 0.595347 0.315241 3.292208 0.110784 0.111485 0.026774 0
-0.751785 -0.127244 0.947316 0.979178 0.067746 0.542138 -0.112349 0.039762 0.142878 0
0.429687 -0.019097 0.019839 -0.060932 0.800002 1.965284 0.217349 0.127971 0.048551 0
-0.347553 -0.052409 0.682555 0.213911 0.915953 -0.589473 0.421613 0.372155 0.210654 0
-0.162111 -0.040490 0.065391 -0.166748 0.916525 -0.264546 0.619324 0.287363 0.113979 0
-1.273012 -0.164233 0.779562 1.145437 -0.255336 1.599209 -0.306755 -0.122817 -0.003896 0
-0.977357 -0.122569 0.369814 0.118049 0.291567 -0.618572 0.095534 0.089812 0.063784 0
0.215981 0.013523 0.578046 0.257896 -0.248466 -0.535777 -0.036759 0.051265 0.168781 0
-0.032553 0.112138 1.574990 0.915566 2.561986 -0.516241 1.018242 0.929475 0.816203 0
-0.851020 -0.123111 0.669729 0.501656 0.098295 -0.478597 0.136848 0.079435 0.071809 0
1.275701 0.057337 0.358367 0.552027 0.465165 -0.188523 -0.030623 0.002877 0.040346 0
0.765103 0.001139 -0.238942 -0.164565 -0.105803 1.079058 -0.209929 -0.113345 -0.096593 0
-0.226491 -0.051026 0.563388 0.420006 -0.340147 -0.611759 -0.064296 0.024599 0.112449 0
-0.179213 -0.035592 0.085086 -0.117686 2.108713 -0.407855 0.539953 0.263992 0.143143 0
-0.416065 -0.070020 0.370776 0.120408 0.967972 -0.129567 -0.014427 0.034342 0.071569 0
0.347399 0.011506 0.378564 0.054105 -0.340199 -0.038773 -0.226739 -0.059435 0.010077 0
0.470003 0.052528 0.953684 0.454375 0.784472 -0.619076 0.347757 0.277413 0.195144 0
1.329436 0.123450 0.187401 0.155880 0.955546 -0.615730 0.323617 0.227721 0.164622 0
-1.712640 -0.179257 0.303900 0.403549 -0.188524 -0.487875 -0.077208 -0.034007 -0.056496 1
-1.041015 -0.111717 0.604661 0.282327 -1.685698 -0.450775 1.075123 0.712062 0.468287 0
-0.329955 -0.105354 -0.061280 -0.004506 -0.995704 1.383804 -0.627805 -0.279486 -0.135473 0
0.948224 0.098307 -0.370529 -0.424304 1.334247 -0.524876 0.611066 0.176684 -0.028415 0
-0.305632 -0.070105 0.217322 0.023154 0.017343 -0.530130 0.148775 0.050425 -0.030046 0
-1.521010 -0.169043 0.790641 0.686607 -0.491097 -0.511853 -0.084995 0.016811 0.056297 0
-1.445781 -0.160785 0.002907 -0.108291 0.127824 0.675549 0.141844 0.105819 0.030620 0
-0.748024 -0.120523 0.088493 0.022211 0.315244 -0.578216 0.089079 0.027089 -0.019347 0
-0.269494 -0.097130 0.120308 0.093720 -0.114017 -0.470643 -0.158460 -0.066747 -0.010194 0
-0.476072 -0.093603 0.411713 0.299114 -0.261806 -0.618999 -0.034738 0.013757 0.049357 0
-0.048580 -0.055695 -0.017515 -0.226018 -0.688549 -0.607073 -0.261063 -0.276195 -0.214918 0
0.861923 0.126617 0.027635 -0.310669 1.859281 0.107120 0.566162 0.232919 -0.039350 0
-1.033552 -0.131269 0.594431 0.412870 0.057519 -0.448428 0.115128 0.222686 0.212280 0
-0.894930 -0.147083 0.307743 0.553408 -0.375975 0.963094 -0.271384 -0.133668 -0.074648 0
1.092550 0.082448 0.224573 0.053312 0.160110 -0.318650 0.125035 0.016876 -0.044930 0
0.954249 0.064545 -0.256882 -0.466956 2.505639 -0.255021 0.634597 0.157095 -0.170600 0
1.343130 0.132329 -0.061164 -0.208058 2.115517 0.707460 0.751335 0.264034 -0.009567 0
-0.069156 -0.047856 -0.048060 -0.160230 0.118922 -0.491704 -0.103794 0.029324 0.071358 0
0.327623 0.087788 1.457975 0.866866 -0.270411 -0.191387 -0.141700 0.169409 0.311884 0
-0.145432 -0.079514 0.312720 0.323862 -2.069430 0.846794 -0.071907 0.029736 0.062731 0
-0.040780 0.013235 1.029637 0.478397 0.624155 -0.270295 0.261011 0.487850 0.439558 0
-0.998353 -0.113651 0.682782 0.212218 0.866509 0.041747 0.856829 0.385828 0.157459 0
-0.539523 -0.110809 0.022164 -0.072115 -0.152381 -0.558777 -0.292475 -0.137242 -0.135581 0
0.238557 0.147941 3.998886 4.304619 -0.916904 -0.034930 1.243918 1.475832 1.675055 0
-0.017853 -0.018413 1.014708 0.584670 -0.544829 0.216189 -0.211935 0.018916 0.128180 0
-0.674637 -0.116548 -0.032979 -0.098576 -0.360290 -0.613839 -0.263064 -0.158842 -0.082239 0
-1.171831 -0.143980 -0.247414 -0.360516 0.707451 -0.497859 0.171783 0.089984 -0.075510 0
1.189542 0.125970 -0.280144 -0.329141 -0.424064 0.599406 0.225188 -0.101652 -0.021525 0
0.215464 -0.043975 0.356261 0.336137 -0.808741 -0.391403 -0.338275 -0.125850 -0.037750 0
-1.501598 -0.172847 0.399096 0.683097 -0.280844 0.950412 -0.274474 -0.137975 -0.031897 1
1.499707 0.122205 -0.231253 -0.279695 0.824853 -0.618904 0.187576 0.065282 -0.029126 0
-1.230303 -0.153526 0.058352 0.075390 0.413230 0.997452 -0.001735 0.018583 0.020134 0
-0.369854 -0.065857 -0.293774 -0.470624 1.154597 -0.577114 -0.036991 -0.117635 -0.147551 0
-0.280424 -0.079139 0.976169 0.900248 -0.254978 -0.611514 -0.229026 -0.004735 0.108469 0
-1.169213 -0.156614 0.139394 0.203996 -0.458614 -0.507710 -0.500125 -0.270175 -0.141471 0
-0.373033 -0.085003 -0.107129 -0.237972 0.928132 -0.556628 0.027213 -0.089702 -0.126028 0
-0.521775 -0.108744 0.124632 0.199530 -0.272618 0.503282 -0.105942 -0.007003 0.047936 0
-0.178575 -0.072891 0.241228 0.105398 -0.754938 -0.262685 -0.324203 -0.061665 0.063117 0
1.353946 0.093370 0.024023 0.027045 -0.905979 0.632361 -0.522475 -0.175115 -0.023976 0
2.602930 2.416620 1.853606 1.076798 2.634745 3.290623 3.653639 3.070054 2.883852 0
-1.200097 -0.149919 0.611058 0.334167 -0.396375 -0.404680 -0.540620 -0.300178 -0.111525 0
0.466554 0.032186 0.358125 0.110085 0.789315 0.951622 -0.088780 -0.082855 -0.040790 0
1.417714 0.062996 0.191452 0.238370 0.771746 0.395571 0.144147 0.025918 -0.007507 0
0.186752 -0.018499 0.478720 0.309932 0.654324 -0.582389 0.396891 0.286094 0.177467 0
0.959374 0.010588 0.091985 0.294548 0.091231 -0.597355 -0.178435 -0.090642 -0.018229 0
-1.002937 -0.102571 0.796434 0.193405 0.094580 2.290799 -0.004772 0.062510 0.076795 0
-0.566523 -0.095293 0.290313 0.041000 0.003501 -0.464636 -0.005662 0.014724 -0.018347 0
-1.324742 -0.158888 0.403101 0.345487 0.289973 0.516379 0.272086 0.087309 0.012761 0
-1.336117 -0.162372 0.208355 0.254242 0.279712 -0.247276 0.142971 0.076751 0.040709 0
-1.177860 -0.159403 0.679831 0.900842 -0.557238 -0.104497 -0.346252 -0.157443 -0.019974 0
-0.191191 -0.001810 0.129507 -0.231776 1.504177 -0.605693 0.664408 0.350525 0.164053 0
-0.695913 -0.133659 -0.471653 -0.321014 0.398485 -0.615843 -0.019410 -0.016923 -0.100795 0
-1.372505 -0.157389 0.417216 0.324417 -0.694724 0.364017 -0.349383 -0.156653 -0.016566 0
-1.109725 -0.137076 0.575533 0.382541 0.295844 0.781153 0.255656 0.138513 0.161240 1
0.324891 -0.007196 0.166848 -0.072799 -1.104063 -0.082981 -0.449554 -0.246622 -0.110938 0
0.705591 0.064694 -0.217529 -0.387961 0.525212 -0.437838 0.195169 0.050247 -0.017417 0
-0.090496 -0.077442 0.240427 0.154467 0.313930 -0.596656 0.146480 -0.001940 -0.085283 0
-0.567831 -0.105782 -0.014027 -0.129238 1.509671 -0.498946 0.144445 -0.033459 -0.169070 0
0.225366 -0.035872 0.079373 0.108719 0.267904 -0.543003 -0.006891 0.028711 0.054401 0
0.421736 0.031793 -0.003901 -0.209037 0.824735 -0.568043 0.657163 0.269413 0.065398 0
-0.910926 -0.147033 -0.141839 0.023545 -0.029427 2.750426 -0.144888 -0.097477 -0.106924 0
0.097988 -0.073372 0.018300 0.097059 -0.165513 -0.330624 -0.289033 -0.184353 -0.121526 0
-0.451072 -0.083615 0.177406 -0.018037 -0.493145 -0.382180 -0.187242 -0.068424 0.006700 0
-0.617489 -0.123140 -0.206207 -0.041596 -0.507992 -0.607037 -0.312292 -0.136621 -0.079786 0
0.016987 -0.078255 -0.383049 -0.233404 0.049493 -0.500301 -0.068024 -0.006778 -0.053940 0
1.075550 0.223865 -0.023263 -0.341389 0.280853 -0.211360 0.550946 0.135147 -0.098042 0
1.980562 0.184342 -0.488684 -0.385952 0.727986 -0.176432 -0.092113 -0.125293 -0.141583 0
-0.272929 -0.051641 -0.241788 -0.425656 0.201603 -0.565730 -0.204475 -0.056862 -0.013794 0
1.079818 0.033658 -0.140215 -0.049271 0.287229 -0.592489 0.027583 -0.047006 -0.087501 0
0.461796 -0.007079 0.700235 0.738004 -0.164389 0.117706 -0.063123 0.044795 0.185110 0
-0.820931 -0.135511 -0.245317 -0.323837 0.209413 0.139891 -0.000333 -0.040143 -0.123570 0
0.618364 0.008223 -0.047796 -0.153862 0.930781 0.363690 0.021808 -0.081060 -0.119014 0
0.049784 -0.055663 0.193510 0.162308 0.360768 -0.596185 0.128553 -0.014355 -0.069360 0
0.054684 -0.013925 0.428588 0.122239 -2.030069 -0.612228 0.450911 0.202811 0.085517 0
-0.976640 -0.137060 -0.224061 -0.318803 -0.162974 20.772639 -0.108446 -0.000477 -0.070063 0
0.615265 -0.001077 0.043643 0.058940 -0.578171 0.480670 -0.323035 -0.149899 -0.053153 0
0.717991 0.017527 0.137163 0.095262 -0.110058 0.115273 -0.203114 -0.068698 -0.028496 0
2.387230 0.279632 -0.302315 -0.325352 0.707120 0.141154 0.238257 0.059885 -0.042800 0
-1.544989 -0.171764 0.173797 0.230734 -0.394874 0.685940 -0.200465 -0.095704 -0.056506 0
0.169811 -0.053242 0.192523 0.159988 -0.036818 0.016216 -0.168645 -0.060104 -0.026588 0
-0.813584 -0.079241 0.421051 -0.016665 1.233794 -0.532030 0.401595 0.317196 0.202003 0
1.234934 0.242709 -0.012073 -0.366896 2.635399 -0.591254 1.380817 0.602883 0.128892 0
0.958561 0.115459 0.340181 0.072198 -0.856442 -0.048675 -0.259301 -0.138428 -0.087579 0
-0.226415 -0.081126 0.068465 0.031204 -1.933585 -0.611291 -0.324461 -0.015619 0.050028 0
-0.064330 -0.071571 0.138261 0.007974 -0.473030 -0.586618 -0.361961 -0.181545 -0.139282 0
0.426946 0.392803 3.117173 2.765609 2.023502 -0.377982 2.789157 2.477054 2.484578 0
-0.441191 -0.108631 -0.062114 0.031417 0.078209 1.606479 -0.132577 -0.073791 -0.095077 1
0.812200 0.038060 -0.296810 -0.272552 -1.731231 0.075293 -0.373554 -0.317848 -0.220832 0
0.480544 0.026355 0.327050 0.135073 -0.700393 -0.198929 -0.373726 -0.160766 -0.100849 0
1.609690 0.254069 0.159694 -0.084963 0.230766 -0.531519 0.011238 0.015376 0.054449 0
1.625483 0.107123 -0.551146 -0.511294 -0.497685 0.074291 -0.406895 -0.207380 -0.185941 0
-0.406110 -0.072658 0.330213 -0.007815 1.241804 -0.595369 0.312678 0.047463 0.001005 0
-0.058469 0.114470 1.545332 0.892950 2.085513 -0.328831 1.023502 0.946308 0.844106 0
-0.861739 -0.123247 0.205836 0.021277 1.049177 -0.515740 0.585912 0.156345 -0.010285 0
-0.646209 -0.110710 -0.014925 -0.021213 0.724675 1.052679 0.343703 0.107093 0.062150 0
1.810510 0.186664 -0.444942 -0.441862 -0.082604 1.281329 -0.225645 -0.101578 -0.097452 0
-1.201198 -0.155914 -0.295025 -0.143435 0.151265 -0.471591 -0.209118 -0.171626 -0.109673 1
-1.408743 -0.169660 0.019917 0.237382 -0.258645 0.082241 -0.243003 -0.136073 -0.092634 1
0.909561 0.034464 -0.131645 -0.175145 0.198672 -0.230384 -0.169853 -0.124909 -0.074526 0
-0.094109 -0.072037 -0.288421 -0.351316 0.611647 -0.573352 -0.002331 -0.052493 -0.107784 0
-0.817586 -0.139318 -0.369454 -0.282102 -0.846911 0.039200 -0.336215 -0.198745 -0.166512 0
-1.206640 -0.155105 -0.029179 -0.097638 -0.114562 -0.360596 -0.177797 -0.126825 -0.126412 0
1.582983 0.105360 -0.271201 -0.258865 -0.271852 -0.470805 -0.300370 -0.188025 -0.134754 0
-0.194020 -0.068375 -0.131945 -0.288890 -0.900351 -0.619084 -0.464201 -0.231203 -0.124985 0
0.512699 0.074086 0.083374 -0.176119 -0.024078 -0.256742 0.705479 0.436510 0.168576 0
-0.783743 -0.123014 -0.204728 -0.221978 1.205880 -0.220590 0.289752 0.093210 -0.033065 0
1.879621 0.172143 -0.258861 -0.247167 0.289853 -0.402109 -0.194277 -0.141010 -0.107616 0
-1.474491 -0.170550 0.204223 0.458764 -0.940368 0.524956 -0.577778 -0.225671 -0.047395 1
-0.102354 -0.008989 1.258998 0.754510 -1.231906 -0.298958 0.562608 0.281548 0.302121 0
1.126898 0.078240 -0.473589 -0.389245 0.481577 -0.535310 0.121571 -0.059029 -0.096595 0
0.111837 -0.061742 -0.028260 -0.068401 -0.172481 2.347875 -0.387475 -0.190647 -0.088076 0
0.214152 -0.050605 -0.527925 -0.507084 -0.411868 -0.288668 -0.407902 -0.270129 -0.239832 0
0.088509 0.072963 1.804468 1.190844 -0.215660 2.256299 0.106871 0.335676 0.471697 0
-0.192138 -0.086502 -0.366080 -0.234364 -0.452884 -0.583753 -0.261221 -0.211272 -0.157768 0
0.857874 0.023179 -0.321922 -0.226165 0.905426 -0.579909 0.163809 0.009870 -0.054484 0
-0.874459 -0.134595 -0.441154 -0.454726 0.238299 2.202193 -0.263974 -0.164791 -0.161467 0
2.877530 0.483706 -0.285967 -0.380463 -0.017535 0.012807 0.122937 0.031764 -0.024590 0
-1.289532 -0.155328 -0.068282 -0.182380 1.833597 -0.516677 0.462664 0.119258 -0.040839 1
0.060592 -0.048760 -0.157091 -0.161329 0.096892 -0.059945 0.198538 0.115090 0.058036 0
-0.735258 -0.123443 0.327195 0.219111 -0.741281 0.743676 -0.407261 -0.111314 -0.014106 1
-0.924656 -0.141438 -0.327175 -0.288819 -0.795138 -0.563391 -0.390640 -0.229021 -0.180334 0
-0.635015 -0.124627 -0.467615 -0.422370 -0.380844 -0.555206 -0.201486 -0.121728 -0.181439 0
2.350257 2.334493 2.021441 1.238889 2.143996 -0.600818 3.088277 2.684306 2.555775 0
-0.537367 -0.098937 0.532630 0.286038 -1.338177 -0.586881 -0.604324 -0.252839 -0.080149 1
0.906511 0.008665 -0.529501 -0.443230 0.109331 -0.361994 0.007161 -0.020640 -0.134176 0
-1.165769 -0.140677 -0.384541 -0.516138 0.161576 -0.367238 0.096642 0.037433 -0.053805 0
1.480151 0.151527 -0.682921 -0.643495 0.733052 -0.257536 0.162080 0.046148 -0.079619 0
-0.952866 -0.142575 -0.097078 -0.127223 -0.251582 -0.605684 -0.145812 -0.171758 -0.136621 0
-0.528011 -0.068042 -0.121076 -0.374530 -0.432828 -0.617729 0.052540 0.005766 0.021663 0
-1.239982 -0.152815 0.331477 0.262129 -0.664993 2.830952 -0.388010 -0.190783 -0.057826 0
-0.576158 -0.086320 -0.046762 -0.211580 0.463807 1.087675 0.460817 0.195415 0.065600 0
0.586005 0.043329 0.031609 -0.306898 0.577707 -0.412301 0.381328 0.026230 -0.171971 0
1.337937 0.185445 -0.568206 -0.561172 1.499041 -0.593802 0.635488 0.161879 -0.068918 0
-0.579271 -0.111915 0.176036 0.044243 -0.093011 -0.395674 -0.442753 -0.280634 -0.214894 0
-0.901032 -0.133556 -0.202832 -0.228988 -0.674431 -0.606524 -0.208152 -0.309522 -0.149338 0
0.677229 0.005393 -0.427008 -0.387185 0.577351 -0.610665 -0.001863 -0.024350 -0.086021 0
-0.057467 -0.090558 -0.077202 0.028337 -0.822952 -0.362733 -0.418485 -0.226649 -0.123630 0
-0.058745 -0.082965 -0.102235 -0.117493 -0.521329 -0.572272 -0.331767 -0.132656 -0.077475 0
-0.386552 -0.084866 0.082438 -0.022685 -0.145473 -0.579908 0.038994 -0.014354 -0.015566 0
-0.879676 -0.136661 0.285992 0.169966 -0.618459 -0.326973 -0.517337 -0.273272 -0.109354 0
-1.028189 -0.148218 -0.226414 -0.153083 -0.222413 -0.570569 -0.315585 -0.176617 -0.113595 0
-0.532983 -0.110891 -0.050538 -0.115758 -0.382885 -0.470787 -0.188806 -0.136426 -0.102220 0
-0.508871 -0.106759 -0.362768 -0.435415 0.715113 0.787936 0.254006 0.037533 -0.109653 0
0.232971 -0.031548 -0.144155 -0.217322 0.472338 -0.310120 -0.175393 -0.077204 -0.060114 0
-1.070423 -0.155406 0.058231 0.249754 -0.467514 -0.403871 -0.455554 -0.223152 -0.110780 0
-0.026062 -0.009128 -0.009330 -0.292464 0.588816 -0.619034 0.078325 -0.032784 -0.005768 0
-0.396840 -0.073685 0.359306 0.089109 -0.767955 -0.592465 -0.077969 -0.056311 -0.038327 0
-1.205804 -0.154311 -0.463233 -0.507755 1.503040 -0.601497 0.282676 -0.033879 -0.229193 0
-0.989502 -0.136715 -0.579329 -0.522365 0.833259 0.292416 0.180251 0.009501 -0.104077 0
0.496966 -0.026919 -0.180974 -0.206894 -0.472764 -0.274027 -0.130349 -0.037526 -0.056994 0
-0.426319 -0.097095 -0.323798 -0.400353 0.475959 2.277629 -0.155220 -0.126891 -0.172550 0
1.049357 0.072549 -0.325292 -0.313580 0.402626 0.131330 -0.023630 -0.041417 -0.036942 0
-0.632042 -0.123022 -0.112424 0.049234 -0.795046 0.207831 -0.444010 -0.155386 -0.032930 0
0.873988 0.049141 -0.233995 -0.381118 0.167148 -0.607169 -0.025814 -0.089657 -0.126910 0
-0.799511 -0.132144 -0.459103 -0.459746 -2.008862 0.138130 -0.472423 -0.455417 -0.357144 0
-0.733417 -0.107586 0.210674 -0.124289 -0.150874 0.157131 -0.125547 -0.134227 -0.178482 1
1.103166 0.057690 -0.164407 -0.218137 -0.423108 0.306392 -0.340374 -0.210887 -0.171239 0
-0.430460 -0.109087 -0.681021 -0.570767 0.041364 0.618508 -0.085971 -0.127295 -0.237210 0
2.167878 0.231688 -0.125744 -0.225404 0.485390 -0.357893 0.264589 0.079677 -0.024966 0
-0.305676 -0.030306 -0.061327 -0.398637 1.732857 -0.612564 1.390753 0.353717 0.008725 0
1.158808 0.085282 -0.364769 -0.411132 -0.528014 1.478612 -0.078744 -0.133634 -0.098502 0
0.093474 -0.076750 -0.225080 -0.141669 -1.147970 0.481621 -0.542915 -0.239337 -0.128340 0
-0.657270 -0.126096 -0.411011 -0.348131 0.015858 -0.103661 -0.288381 -0.248748 -0.199070 0
2.062168 0.149987 -0.859420 -0.682745 -0.427736 -0.124745 -0.441004 -0.281552 -0.291361 0
0.319467 -0.036457 -0.607486 -0.592246 0.424056 0.444514 0.177018 -0.072687 -0.228689 0
0.173175 -0.076620 -0.312109 -0.181530 -0.143346 0.021011 -0.421085 -0.260356 -0.200982 0
-0.957533 -0.138279 0.536781 0.375157 -0.540282 -0.613641 -0.424696 -0.246846 -0.149441 0
-0.419148 -0.104476 -0.730773 -0.660687 0.553970 -0.322649 -0.148305 -0.195562 -0.251413 0
-0.340690 -0.106743 -0.123798 0.066278 -0.759351 -0.600164 -0.411137 -0.205990 -0.076030 0
1.372998 0.049643 -0.532117 -0.403013 -0.819869 -0.487986 -0.642354 -0.366267 -0.232221 0
-0.165074 -0.093328 -0.740475 -0.547521 -0.156675 1.160565 -0.377051 -0.244908 -0.205853 0
0.449663 0.041904 -0.366413 -0.516547 -0.473074 -0.480290 -0.054143 -0.214865 -0.229033 0
-0.694798 -0.137040 0.279345 0.308319 -0.224574 -0.550913 -0.219097 -0.170713 -0.117558 1
-1.112481 -0.145820 0.440112 0.274735 -0.997242 0.057271 -0.044438 -0.097311 -0.046112 0
-1.128275 -0.152493 -0.350254 -0.302595 -0.416656 -0.148073 -0.420596 -0.260240 -0.216431 0
0.729273 0.010614 -0.214199 -0.268896 0.563217 -0.444641 -0.027116 -0.092523 -0.124470 0
1.099206 0.052244 -0.507399 -0.486550 -0.125574 -0.605447 -0.217454 -0.187474 -0.242115 0
0.574552 0.030097 -0.169432 -0.340886 0.903548 -0.612083 0.117555 0.024339 -0.108928 0
-0.369631 -0.081371 0.322824 0.128911 -0.783357 0.316049 -0.200255 -0.029412 0.023088 0
1.482444 0.074200 -0.568770 -0.381228 0.361714 -0.385061 -0.347915 -0.255781 -0.206394 0
1.324258 0.073551 -0.785637 -0.640599 1.037982 -0.587062 0.010527 -0.153753 -0.229921 0
2.475357 0.235949 -0.278768 -0.196887 -0.545728 -0.586725 -0.157632 -0.105879 -0.061937 0
-1.236266 -0.157091 -0.207385 -0.268574 0.037442 -0.451788 -0.398693 -0.233361 -0.166768 1
-0.801376 -0.142589 -0.469092 -0.269741 -0.138065 0.469827 -0.224991 -0.209827 -0.196798 0
0.385680 -0.054135 -0.500098 -0.337141 0.832104 1.298668 -0.122979 -0.206585 -0.220635 0
-0.859047 -0.127136 0.487822 0.310509 -0.990160 -0.547754 -0.075517 -0.154599 -0.053928 0
1.646956 0.099131 -0.486248 -0.415959 -0.332269 -0.164785 -0.407941 -0.260462 -0.234554 0
0.157588 -0.036269 0.087555 0.024069 -0.527622 -0.168065 -0.046992 -0.071270 -0.044455 0
-1.037370 -0.138454 -0.166285 -0.407875 -0.921769 -0.477368 -0.519153 -0.302467 -0.236797 0
-0.571211 -0.095293 -0.174183 -0.341777 -1.165325 0.609499 -0.245506 -0.311988 -0.190735 1
0.714335 0.024070 -0.519382 -0.542236 0.997549 -0.539758 0.208650 -0.110380 -0.274861 0
-1.275681 -0.153355 -0.267614 -0.308636 0.617153 -0.421668 0.248679 0.044074 -0.092767 0
-1.271346 -0.162786 -0.700167 -0.471436 0.018030 -0.437866 -0.283831 -0.248344 -0.248767 0
-0.762623 -0.139407 -0.605725 -0.439765 -0.129692 -0.616993 -0.297289 -0.273487 -0.249340 0
0.440999 0.063457 0.073835 -0.270127 1.529499 -0.472686 0.402472 0.103084 -0.059012 0
0.026865 -0.053945 -0.408714 -0.490624 0.577081 1.031203 -0.004892 -0.098659 -0.149313 0
-0.329480 -0.077392 -0.419778 -0.554550 1.742607 -0.195145 0.619608 -0.008830 -0.205666 0
0.541020 -0.014946 -0.505792 -0.483395 1.710794 -0.605331 0.344027 -0.036320 -0.260597 0
-0.840797 -0.139779 -0.330012 -0.198248 -0.064427 -0.578552 -0.316871 -0.261797 -0.223907 0
0.340809 -0.048411 -0.450741 -0.298697 -0.255175 -0.280848 -0.252301 -0.187234 -0.133077 0
-0.199682 -0.053019 -0.137955 -0.360794 0.728234 -0.618107 0.168719 0.115905 -0.002678 0
0.414592 0.003412 0.114890 -0.052393 0.488175 -0.389939 0.018330 -0.013795 -0.138278 0
0.655596 -0.004679 -0.520709 -0.485918 -0.725871 0.919622 -0.476679 -0.325583 -0.279424 0
-0.506916 -0.078226 0.994974 0.577853 -1.158642 -0.566304 0.029321 0.050765 0.039388 0
1.075441 0.083088 -0.301952 -0.362629 0.100115 0.674136 -0.235126 -0.170604 -0.144542 0
-0.506987 -0.087234 0.153568 -0.077616 0.078020 0.611243 0.063484 0.153741 0.112182 0
-0.158460 -0.051874 -0.262467 -0.323830 1.071510 0.234663 0.323750 -0.032944 -0.065228 0
0.109348 0.280143 3.755328 4.090981 0.519694 0.288436 2.487309 2.189013 2.330063 0
1.087137 0.006249 -0.349400 -0.182046 0.054860 -0.618930 -0.443158 -0.270493 -0.204102 0
0.111487 -0.075211 -0.672596 -0.456983 -0.260602 -0.366579 -0.457269 -0.283909 -0.230309 0
-0.058751 -0.036518 0.184527 -0.097312 0.157193 -0.536200 -0.136123 -0.067807 -0.052841 0
0.152319 -0.058514 -0.549292 -0.431451 0.506726 -0.041849 0.005342 -0.111958 -0.172088 0
-1.311922 -0.168447 -0.655746 -0.345522 -1.113291 -0.550510 -0.730262 -0.397943 -0.241162 0
-1.579250 -0.173791 0.066478 0.196655 -1.240535 -0.099860 -0.700293 -0.404356 -0.231641 0
0.282043 -0.010506 0.294446 0.091598 -0.205335 -0.428587 -0.142630 -0.213524 -0.161055 0
-0.355807 -0.083319 -0.186484 -0.288382 1.629969 -0.457304 0.448181 0.106288 -0.118343 0
0.556843 -0.009659 -0.454426 -0.421914 -0.187078 0.277858 -0.265281 -0.221310 -0.256976 0
-1.053117 -0.158922 -0.684271 -0.443788 -0.534095 0.168570 -0.482137 -0.283326 -0.242211 0
-0.268586 -0.098754 -0.463961 -0.361884 -0.308711 -0.599830 -0.264537 -0.157394 -0.135572 0
0.312933 -0.042493 -0.167319 -0.158271 0.067836 0.098836 -0.336618 -0.221177 -0.155880 0
-1.083694 -0.136860 0.944057 0.596076 -0.794674 -0.616233 -0.210066 -0.132620 -0.062377 0
-1.727025 -0.181486 -0.316200 0.090543 0.039019 4.886208 -0.467077 -0.333926 -0.251030 0
0.701071 -0.019260 -0.549684 -0.383594 0.686838 0.275244 -0.116297 -0.213330 -0.212878 0
0.106363 -0.039012 -0.480443 -0.585705 0.935826 -0.543846 0.074683 -0.195512 -0.273266 0
-0.369166 -0.102582 -0.107389 -0.083198 -0.871457 -0.608951 -0.358461 -0.179109 -0.077567 0
-1.363954 -0.163109 -0.678154 -0.571478 0.616576 -0.373265 0.246881 -0.144303 -0.256662 1
0.522776 0.021556 -0.252849 -0.384890 0.037331 -0.238395 0.054707 0.038633 -0.025228 0
0.441877 -0.031653 0.026267 -0.003702 -1.137180 -0.609760 -0.686516 -0.389912 -0.204013 0
-1.280807 -0.156388 -0.240127 -0.233729 -0.786275 0.009545 -0.577972 -0.286195 -0.138583 0
0.172914 -0.044440 -0.664644 -0.623568 -0.667322 -0.100892 -0.386436 -0.217921 -0.200221 0
-1.303942 -0.165717 -0.555618 -0.330350 -0.561790 -0.522821 -0.458060 -0.306333 -0.253713 0
0.563450 0.031768 0.196777 -0.039922 -0.041438 -0.458982 0.033936 -0.040391 -0.077826 0
-1.452322 -0.163093 -0.465880 -0.557925 0.971296 -0.324767 0.535460 0.010899 -0.238080 1
1.678478 0.120260 -0.259597 -0.188657 -1.002177 1.099794 -0.477098 -0.290335 -0.174122 0
0.768726 -0.017046 -0.459018 -0.300249 -0.301593 0.178926 -0.440844 -0.305594 -0.270111 0
-0.766543 -0.124967 -0.704156 -0.631059 -0.028447 -0.615466 -0.259019 -0.201800 -0.249613 0
0.352594 0.032626 -0.146966 -0.327297 0.254783 -0.421023 0.240651 0.104927 0.020898 0
-0.641207 -0.096123 2.022021 2.266671 -1.347204 -0.610604 -0.145987 0.055246 0.305319 0
1.371874 0.130364 -0.486970 -0.470984 1.317701 -0.178899 0.224189 0.016342 -0.087667 0
-0.692773 -0.126508 -0.326075 -0.263984 -0.011874 0.461087 -0.256460 -0.161353 -0.138651 0
-0.967853 -0.144366 -0.548286 -0.452891 -0.010000 -0.486029 -0.110779 -0.144339 -0.207175 0
-0.816833 -0.131758 -0.176864 -0.291087 1.328076 -0.467624 0.132152 -0.120931 -0.215721 0
0.128622 -0.043560 0.132311 -0.115245 -0.960991 -0.301197 -0.246129 -0.150996 -0.135962 0
2.143010 0.352211 0.029387 -0.232423 -0.654737 -0.483885 -0.092209 -0.009578 -0.041818 0
0.366845 -0.049380 -0.348620 -0.353281 0.447674 -0.280682 -0.164765 -0.224760 -0.249481 0
-0.221506 -0.085206 -0.365940 -0.363327 0.399831 -0.086308 0.020785 -0.127295 -0.133804 0
-0.378452 -0.077366 0.486213 0.245264 -0.627139 -0.388324 -0.127274 -0.126879 -0.113312 0
-0.663745 -0.116921 -0.309924 -0.382980 -0.687323 2.935416 -0.316368 -0.153099 -0.128590 0
2.043619 0.172512 -0.518753 -0.457196 0.195624 -0.106467 -0.213083 -0.146035 -0.144051 0
0.409150 -0.047829 -0.518479 -0.414025 0.445825 -0.618041 -0.198257 -0.171427 -0.193741 0
0.563920 -0.009758 -0.703625 -0.621745 -0.262105 -0.491237 -0.329906 -0.182133 -0.190784 0
0.167537 0.036527 0.677285 0.217836 0.566080 -0.505115 0.012158 0.074547 0.173023 0
-1.275992 -0.161559 -0.551561 -0.466920 0.557879 0.296994 0.047885 -0.080239 -0.198202 0
0.571460 -0.028196 -0.586911 -0.450212 -0.168936 -0.557240 -0.439306 -0.292079 -0.230702 0
1.138957 0.062230 -0.582152 -0.481016 0.448565 0.289004 0.141858 -0.073822 -0.167551 0
-0.799776 -0.121763 -0.297453 -0.285266 0.570194 -0.606754 0.051148 -0.122753 -0.163123 1
-0.391007 -0.111609 -0.534214 -0.491050 -0.638736 -0.397582 -0.447687 -0.303401 -0.247216 0
-0.268318 -0.105936 -0.155242 -0.158232 0.154278 0.783720 -0.353676 -0.263740 -0.237133 0
-0.049840 -0.038561 -0.243944 -0.415528 2.355149 -0.601902 0.549602 0.029550 -0.105239 0
0.438896 -0.062290 -0.787020 -0.485218 -0.091762 0.178149 -0.259557 -0.253428 -0.230507 0
0.661458 0.045273 -0.079752 -0.225935 0.035223 0.172848 -0.085323 -0.044435 -0.012114 0
-1.149773 -0.155678 -0.284463 -0.301676 0.422720 -0.579864 -0.104987 -0.172315 -0.220662 0
2.060161 0.175111 -0.579548 -0.516004 0.858601 -0.326786 0.070109 -0.098784 -0.168037 0
-0.385007 -0.095077 -0.463469 -0.478135 -0.893405 -0.608711 -0.184228 -0.202868 -0.282182 0
-0.612892 -0.121750 -0.503280 -0.489031 -0.141106 -0.272378 -0.328711 -0.315297 -0.321387 0
1.567640 0.028423 -0.302957 0.049861 -0.580949 -0.602148 -0.453891 -0.302522 -0.213481 0
0.601790 0.021642 0.140563 -0.050384 -0.289475 -0.405147 -0.179139 -0.110343 -0.105346 0
0.089852 -0.061400 -0.299913 -0.288231 -2.190478 -0.025858 -0.564195 -0.319611 -0.189023 0
0.332213 -0.049962 -0.336552 -0.219314 0.676140 -0.499737 -0.074189 -0.128559 -0.166403 0
-0.429890 -0.092600 0.584144 0.381225 -1.006220 0.897909 -0.488796 -0.218409 -0.079165 0
-0.166656 -0.079961 0.101404 0.043175 -0.184982 -0.048500 -0.326637 -0.195218 -0.100840 0
-1.020303 -0.155147 -0.554763 -0.346020 -0.631413 -0.346868 -0.555975 -0.358228 -0.285034 0
-0.018551 -0.065405 -0.383357 -0.437682 1.274749 -0.570537 -0.015859 -0.190369 -0.237628 0
-1.308228 -0.163814 -0.410883 -0.189483 0.711639 -0.488010 -0.037108 -0.173744 -0.157494 0
-0.486097 -0.116575 -0.598546 -0.470248 0.409115 0.625850 -0.169484 -0.162984 -0.163099 0
0.302994 0.013243 -0.785026 -0.683426 1.884825 -0.195169 0.596140 0.145946 -0.067653 0
0.096050 0.031442 0.780490 0.306084 0.506367 0.418897 0.114440 0.147557 0.224930 0
1.183855 0.091984 -0.569352 -0.559426 -0.056043 -0.584103 -0.107189 -0.185115 -0.189638 0
-0.175300 -0.038918 0.036517 -0.214210 1.388177 -0.610062 0.982329 0.359604 0.082325 0
0.167954 -0.080775 -0.682547 -0.513422 -0.989108 -0.476182 -0.599591 -0.368026 -0.280764 0
0.021122 -0.019437 0.657313 0.349869 0.507667 0.010753 0.149884 0.168756 0.189460 0
-0.360375 -0.077083 -0.397179 -0.547149 2.237331 -0.493874 0.680466 0.016471 -0.192422 0
1.166413 0.256114 0.053587 -0.342131 0.811416 0.021692 1.402493 0.653516 0.158624 0
1.827890 0.141792 -0.506099 -0.466324 -1.601709 -0.605399 -0.387664 -0.333948 -0.322867 0
-1.162613 -0.153532 -0.374759 -0.289703 -0.081530 -0.577504 -0.112393 -0.181917 -0.156348 1
-0.103307 -0.096869 -0.641311 -0.513431 0.627844 0.409744 -0.168850 -0.250209 -0.299809 0
2.552425 0.202918 -0.841112 -0.602347 -0.304052 0.478945 -0.312018 -0.257937 -0.234098 0
-0.209670 -0.085786 -0.590029 -0.519345 0.944215 0.169624 -0.006424 -0.183410 -0.223448 0
1.145373 0.083394 -0.408713 -0.438797 0.156278 -0.441182 -0.209373 -0.213468 -0.269907 0
0.424720 -0.045940 -0.665148 -0.451874 0.158864 0.486811 -0.306182 -0.265542 -0.199458 0
-1.045881 -0.137378 -0.082919 -0.249122 0.282347 -0.553822 0.191515 -0.109387 -0.150981 0
0.182756 -0.011818 -0.067370 -0.346539 0.432825 0.389071 0.279016 -0.120957 -0.169501 0
-0.335752 -0.090014 -0.644871 -0.578093 0.096332 -0.617140 -0.061892 -0.164477 -0.217598 0
-1.080345 -0.160944 -0.955453 -0.588212 -0.132323 -0.608823 -0.427952 -0.333856 -0.334759 0
-1.009387 -0.151734 -0.496935 -0.245252 -0.783446 -0.272068 -0.596702 -0.366414 -0.248594 0
-1.585199 -0.175096 -0.189153 -0.031820 -0.139201 -0.597855 -0.432225 -0.290196 -0.182224 0
-0.964571 -0.141113 -0.194141 -0.275964 0.351862 6.303222 -0.114562 -0.115864 -0.175622 0
-0.141271 -0.071745 -0.453313 -0.471598 0.311382 -0.449824 -0.272725 -0.303254 -0.240844 0
-0.460781 -0.091727 0.124567 -0.128041 -1.022360 -0.429472 0.246893 0.022830 -0.096008 0
0.545024 -0.024758 0.288113 0.269437 -0.764425 -0.574008 -0.470844 -0.215439 -0.098851 0
0.376955 0.042957 -0.012085 -0.252953 0.667165 2.008243 0.385166 -0.008803 -0.213894 0
-1.267464 -0.154345 -0.314961 -0.423912 0.283205 -0.260044 -0.122520 -0.152541 -0.209396 0
0.548809 -0.016353 -0.204717 -0.246653 -0.686670 0.290089 -0.580529 -0.318188 -0.243324 0
-1.553703 -0.167177 0.063445 -0.173906 -0.619356 0.684623 -0.477499 -0.346667 -0.252046 0
-0.132012 -0.093557 -0.693006 -0.442855 -1.078275 1.332283 -0.569512 -0.335599 -0.228303 0
0.259962 -0.027313 -0.400383 -0.522281 -0.139636 -0.591027 -0.239550 -0.227895 -0.298544 0
0.636678 -0.018793 -0.835982 -0.670264 0.739066 -0.618440 0.084195 -0.130459 -0.252647 0
-0.519745 -0.100399 -0.461677 -0.555878 0.626423 -0.580347 0.039495 -0.066224 -0.189424 0
-0.334960 -0.071122 0.108724 -0.066832 -0.342708 -0.220975 -0.235958 -0.043894 -0.004110 0
-0.442518 -0.104397 -0.828695 -0.632351 0.345441 -0.431834 -0.066024 -0.165401 -0.218031 0
2.569437 0.328251 -0.121121 -0.202203 -0.002066 -0.360013 -0.188626 -0.170734 -0.109012 0
-0.778193 -0.119086 -0.054372 -0.244014 -0.357961 -0.619081 -0.466457 -0.344429 -0.211525 0
-1.177809 -0.145688 -0.381334 -0.480216 0.089003 -0.411046 -0.113864 -0.205007 -0.214551 0
-0.340432 -0.031472 0.873453 0.382668 -0.786350 -0.489939 -0.072123 -0.050516 0.081797 0
-1.012901 -0.145231 -0.628751 -0.508856 0.177366 0.089565 -0.291595 -0.242568 -0.254984 1
0.614534 -0.051794 -0.278681 -0.044968 -1.216550 -0.617626 -0.663606 -0.379373 -0.240343 0
0.443725 -0.003276 -0.013903 -0.119266 -0.987415 -0.574747 -0.325908 -0.118061 -0.021217 0
-1.191353 -0.152275 -0.308197 -0.328463 -0.270172 -0.018664 -0.441501 -0.344674 -0.270277 0
-0.631047 -0.072047 1.260446 1.084808 -1.566683 0.321088 0.411249 0.286288 0.258577 0
0.443058 0.002775 -0.437007 -0.544876 1.281838 -0.565805 0.118277 -0.176062 -0.279901 0
-0.699746 -0.129328 -0.604841 -0.509740 -0.444445 -0.201605 -0.403815 -0.222343 -0.193724 0
0.489769 -0.005895 -0.389690 -0.426710 0.595910 -0.270503 0.102695 -0.063213 -0.155509 0
-1.234100 -0.161847 -0.320737 -0.167082 -0.814660 -0.216540 -0.542950 -0.330732 -0.203126 0
-0.362746 -0.090389 -0.334517 -0.411633 -0.103831 -0.364800 -0.168632 -0.155188 -0.160321 0
0.896961 0.021242 -0.000832 -0.087715 -0.810623 3.674084 -0.147552 -0.184412 -0.167715 0
-0.437099 -0.100867 -0.227147 -0.332974 -1.227170 -0.455989 -0.217993 -0.165686 -0.149656 0
-0.091497 -0.023137 0.630606 0.290765 -2.548376 -0.428384 0.330491 0.015342 -0.148094 0
