2.068333 1.363218 3.759842 3.429549 5.233063 0.211164 8.485311 7.762354 6.251334 0
1.456373 0.541812 3.023133 2.660691 -1.211726 1.925858 4.850259 4.035283 2.768311 1
0.708094 0.543542 5.608200 6.421062 4.251090 0.235032 6.390280 7.093038 7.461186 1
1.051515 0.541891 5.117380 5.767723 3.111579 -0.484999 5.022503 5.472206 5.606326 1
-0.391018 -0.030012 1.383548 0.895522 4.064789 -0.282293 2.141571 1.175610 0.860315 0
0.992504 0.208074 2.393052 2.101500 3.364788 -0.295572 2.953281 2.463718 1.976521 1
0.368232 0.066876 2.568137 2.349566 2.376459 0.055934 2.137310 2.018847 1.752021 1
0.113109 -0.012143 0.652578 0.366303 3.025962 -0.457550 1.163626 0.784290 0.549741 0
-0.099090 -0.032704 0.049230 -0.246536 -0.270136 -0.098292 1.549498 0.631331 0.141129 0
0.080507 -0.059261 -0.443234 -0.343880 -2.873053 0.421252 -0.321231 -0.241556 -0.170334 0
-0.077204 -0.025340 0.809858 0.417058 2.492568 -0.382491 1.088362 0.622874 0.441490 0
0.946198 0.025439 -0.448915 -0.479780 2.155543 -0.114235 0.632091 0.123401 -0.160597 0
0.050774 0.036321 4.329236 5.113960 1.874585 -0.467480 1.658597 1.891937 2.084918 1
-0.000630 0.013696 0.383969 -0.012940 0.380802 -0.609114 1.048725 0.544123 0.243592 0
0.574140 0.003846 0.771791 0.596681 1.969822 1.040489 0.983736 0.675160 0.325299 0
-0.097284 -0.053480 0.723431 0.603150 1.818239 0.239144 0.737382 0.390253 0.267275 0
-0.547141 -0.056822 3.904453 4.306988 1.411429 -0.364936 1.419487 1.627855 1.695377 1
0.374258 -0.020018 -0.121110 -0.259526 2.043510 1.158544 0.521132 0.003601 -0.181272 0
0.436862 -0.017612 -0.188154 -0.316690 -0.245170 4.323842 0.460791 0.236873 -0.013545 0
0.659567 -0.003765 -0.383996 -0.392844 1.661585 -0.041637 0.807939 0.217928 -0.081046 0
1.594594 0.111499 0.449870 0.413963 0.382668 0.010405 0.532083 0.355299 0.268752 0
1.337287 0.054131 0.139214 0.083900 0.712364 0.931750 0.490064 0.178332 0.023348 0
-0.070267 -0.042991 0.438069 0.209507 0.804626 -0.674182 0.297888 0.263243 0.201420 0
-0.195659 -0.021498 1.506902 1.168751 1.003966 1.388422 1.171476 1.023866 0.816365 0
-0.299560 -0.062126 -0.235424 -0.341028 1.671234 -0.593190 0.307021 0.020152 -0.106047 0
-0.488156 -0.067205 0.622909 0.204910 1.482533 0.157919 0.434622 0.339200 0.191303 0
0.376862 -0.007853 -0.262704 -0.274783 2.141833 -0.364819 0.578299 0.106168 -0.001369 0
1.265929 0.083055 1.107506 1.044177 1.555118 -0.103215 0.795953 0.619248 0.438588 0
-0.034520 -0.037892 0.215744 -0.042092 1.298109 -0.197075 0.559440 0.322226 0.084424 0
0.122945 -0.053263 -0.267609 -0.328971 1.522857 1.025267 0.511884 0.146623 -0.083523 0
-0.648235 -0.079646 1.637972 1.491641 -0.133576 -0.155438 0.617375 0.662859 0.614624 0
-0.255567 -0.064637 -0.229114 -0.381746 1.427508 -0.617312 0.446228 -0.059562 -0.270612 0
-0.308467 -0.052144 0.515615 0.190158 -1.157025 -0.518533 0.524737 0.249701 0.076948 0
-0.436124 -0.070488 0.733878 0.383799 0.704068 2.665396 0.649963 0.428781 0.245438 0
-0.118358 -0.050048 -0.099714 -0.266779 0.316113 -0.063723 0.687908 0.227336 -0.052709 0
0.551518 -0.009141 -0.150486 -0.269164 0.785415 -0.394630 0.531389 0.126219 -0.100482 0
0.425356 -0.006261 -0.553204 -0.567907 -0.418473 -0.677487 0.610886 -0.045069 -0.253542 0
-0.642455 -0.080931 0.947989 0.801895 0.881996 0.234301 0.548195 0.472555 0.304746 0
0.192100 -0.026193 0.206032 0.012565 1.202132 -0.658779 0.710327 0.372172 0.178106 0
0.344768 -0.031594 0.681159 0.628344 0.105553 0.439755 0.406065 0.190881 0.071591 0
0.945228 0.086584 0.755057 0.394105 1.638554 0.820076 0.839693 0.441287 0.182245 0
-0.000218 -0.051871 -0.077523 -0.234441 1.113622 2.459484 -0.016047 -0.165624 -0.205244 0
0.085525 -0.017843 0.516701 0.344239 1.005875 0.068185 0.602935 0.535847 0.441636 0
-0.254602 -0.039165 1.468805 1.122239 0.926944 -0.371658 0.826950 0.823693 0.697681 0
1.399439 0.104475 -0.485901 -0.478770 1.973375 -0.559794 0.347290 -0.050255 -0.127624 0
-0.574856 -0.078166 1.586300 1.426798 1.201451 -0.505013 0.772384 0.771610 0.666875 0
-0.242944 -0.060200 -0.429586 -0.517224 0.380555 2.091115 0.238378 -0.072241 -0.267757 0
0.948534 0.042113 -0.214123 -0.303974 0.504540 0.062971 0.261134 -0.034897 -0.148598 0
-0.436862 -0.074351 0.176962 -0.117006 -0.395297 -0.387069 0.439912 0.266621 -0.047752 0
-0.239129 -0.060897 2.266237 2.469319 1.097152 -0.336479 0.674165 0.668756 0.612445 0
-0.568774 -0.073901 2.044370 1.962629 -0.564784 -0.351318 0.721205 0.846758 0.849976 1
0.659111 0.068013 0.255220 -0.020986 -0.366591 -0.603309 0.073033 0.217288 0.216340 0
0.735134 0.034907 0.056429 -0.167595 1.673295 -0.642058 0.374349 0.049750 -0.066582 1
0.065390 -0.042454 0.233131 0.172334 -2.864062 -0.219103 -0.363128 -0.129529 -0.003326 0
-0.459843 -0.074879 0.929142 0.734901 0.317517 -0.597678 0.437549 0.438816 0.363318 0
0.455609 -0.014488 -0.350986 -0.418168 1.431913 -0.638342 0.329072 -0.037702 -0.203685 0
-0.256797 -0.057702 0.147310 -0.122555 0.582438 -0.034570 0.327343 0.128081 -0.006841 0
1.060868 0.037561 -0.532506 -0.506268 1.658156 -0.501891 0.017817 -0.111539 -0.195810 0
-0.185496 -0.058372 1.178046 1.133023 1.395849 -0.613028 0.583697 0.489509 0.404226 0
-0.489406 -0.078514 -0.222815 -0.405864 1.305313 -0.303475 -0.404936 -0.261582 -0.233406 0
-0.275263 -0.061400 0.783393 0.509969 0.164060 -0.441555 0.446785 0.582330 0.392032 0
-0.288978 -0.074669 -0.103957 -0.137382 0.462484 -0.197256 0.228882 0.120341 -0.019638 1
-0.741515 -0.093637 0.986692 0.829200 1.325778 0.941390 0.583454 0.485517 0.336264 0
0.430594 -0.047629 -0.862115 -0.616617 0.604936 -0.505639 0.014207 -0.200315 -0.338313 0
-0.608875 -0.089479 0.167791 0.001896 0.270601 0.150170 0.091997 -0.074100 -0.115607 0
0.335418 -0.011621 -0.097678 -0.240274 0.991762 -0.599644 0.139104 -0.037293 -0.113139 0
0.143982 -0.044720 -0.660256 -0.581757 0.807706 -0.584918 -0.022329 -0.199055 -0.251251 0
-0.950598 -0.104801 1.300921 1.133506 0.925852 -0.618508 0.375973 0.381186 0.316751 0
-0.357597 -0.095775 -0.706343 -0.460229 -0.869092 1.148691 -0.645382 -0.446518 -0.342974 0
-0.609419 -0.082851 0.496378 0.258398 -1.160564 -0.361383 0.275382 0.153020 0.101417 1
-0.182311 -0.053858 0.559235 0.374160 0.872353 -0.631174 0.261420 0.326109 0.280873 0
-0.104236 -0.070738 -0.445030 -0.405953 0.523412 -0.314725 -0.014671 -0.167177 -0.248260 0
0.165976 -0.037020 -0.563909 -0.577146 1.222126 0.083733 0.146495 -0.178468 -0.307555 0
0.345626 -0.037994 -0.014828 0.004185 0.677096 3.596747 0.167042 0.088775 -0.007054 0
0.603659 -0.035147 -0.814774 -0.610040 0.645223 -0.037718 -0.209785 -0.366318 -0.387487 0
0.233323 -0.052569 -0.623359 -0.558214 0.872687 -0.378743 0.206524 -0.110700 -0.340170 0
-0.312763 -0.075066 0.446752 0.384314 0.731967 -0.673897 -0.011006 0.025695 0.068632 0
-0.380632 -0.069602 0.612044 0.280896 0.623856 -0.660161 0.387950 0.334745 0.186726 0
0.394787 -0.046814 -0.429866 -0.372512 0.353030 -0.522827 0.056633 -0.118539 -0.227287 0
-0.870533 -0.099456 0.187375 0.005953 -2.599375 1.045318 0.449044 0.093845 -0.083840 0
0.617178 -0.015262 -0.714302 -0.602312 0.661928 0.497816 0.194165 -0.205632 -0.363614 1
-0.611999 -0.088928 0.152936 -0.032163 0.125663 -0.028488 -0.199794 -0.196196 -0.126607 0
0.343939 -0.021300 -0.492032 -0.554304 1.126138 -0.390949 0.108659 -0.136588 -0.208689 0
0.705510 0.025907 0.046345 -0.181756 0.052483 -0.635792 0.087415 0.143322 0.082002 0
-0.427422 -0.065233 0.155690 -0.124591 0.619677 -0.586728 0.046329 -0.087195 -0.134291 0
0.917423 0.062704 1.049373 0.969904 0.814122 1.198924 0.486463 0.390372 0.424154 1
-0.015443 -0.059170 -0.394667 -0.353864 0.862786 -0.429470 0.295766 0.041164 -0.131482 0
-0.130382 -0.049812 0.153764 0.011805 0.436911 -0.623094 0.201442 0.185178 0.081348 0
0.009764 -0.050847 -0.260046 -0.328802 1.736529 6.729182 0.434820 -0.018776 -0.186109 1
0.074134 -0.031357 -0.000532 -0.200624 0.177624 -0.608781 0.119237 0.135434 0.013315 0
-0.800122 -0.094062 0.530002 0.277547 1.041650 -0.367167 0.497695 0.323119 0.140465 0
0.215220 -0.032525 0.133357 -0.063071 0.825422 -0.582410 0.262104 0.020328 -0.107942 0
0.035340 0.014090 3.725813 4.199842 0.849876 2.134996 0.972175 1.431255 1.796289 1
0.033953 -0.052084 0.742785 0.711839 -0.000020 -0.201732 0.165252 0.233061 0.210734 1
0.104451 -0.028504 0.656478 0.448865 0.617083 2.834371 0.301359 0.378648 0.351645 0
-0.621613 -0.096025 -0.048473 -0.081129 0.672158 0.747395 0.040183 -0.100927 -0.141936 0
-0.780796 -0.096595 0.024043 -0.111568 1.081225 -0.303749 0.209316 0.041994 -0.045935 0
-0.987501 -0.117527 -1.036430 -0.638018 -1.992761 -0.538526 -0.685938 -0.496095 -0.439077 0
-0.500578 -0.056737 0.453194 0.000348 0.236404 0.047688 0.193485 0.130408 0.059253 0
0.756626 0.013654 0.569250 0.627872 0.568156 -0.025656 0.377536 0.238234 0.250264 0
0.948052 0.004855 -1.135947 -0.799997 0.629849 1.586171 -0.037986 -0.349337 -0.417726 0
-0.121511 -0.053563 -0.199496 -0.373383 0.066150 -0.659794 0.022029 -0.129417 -0.200549 0
-0.241814 -0.073995 -0.464081 -0.444442 0.110691 -0.144965 -0.243538 -0.284038 -0.300636 0
-0.328598 -0.075759 0.517136 0.274279 0.176543 -0.483191 -0.117362 -0.083942 -0.127046 0
0.835405 -0.006943 -0.657503 -0.578458 0.547058 -0.599867 0.074800 -0.239606 -0.329703 0
0.095083 -0.013395 0.891133 0.543528 0.788688 -0.533780 0.365948 0.367839 0.360248 0
1.446145 0.061661 -0.813544 -0.647769 1.203751 -0.309704 -0.021658 -0.202340 -0.269039 0
-0.005799 -0.053089 0.124503 -0.006748 1.334938 0.871599 0.167079 -0.014396 -0.053999 0
-0.760155 -0.085742 1.284134 0.804920 0.139070 2.082513 0.126595 0.315320 0.277556 0
0.123052 -0.056514 -0.217579 -0.208080 -0.086526 0.278138 -0.185487 -0.173872 -0.149399 0
-0.713427 -0.085423 0.637760 0.435882 0.241094 0.067765 0.125686 0.106507 0.111821 0
-0.411063 -0.071173 0.240331 -0.012518 -0.451059 0.263526 0.074122 -0.045567 -0.112669 0
-0.930823 -0.093710 1.527429 1.313237 0.507453 0.717882 0.425896 0.679336 0.695639 0
-0.536544 -0.077464 0.149921 -0.049636 -0.273673 -0.427778 -0.192348 -0.186399 -0.109335 0
0.125152 -0.057210 -0.520787 -0.491707 -0.835318 -0.489015 -0.206268 -0.305808 -0.331171 0
0.051122 -0.059875 -0.979432 -0.737594 -1.510718 -0.660765 -0.382277 -0.313397 -0.335321 0
-0.476865 -0.081789 0.494570 0.336238 0.761010 -0.522700 0.242315 0.041928 0.059140 0
-0.336927 -0.085762 -0.855541 -0.684585 0.327303 -0.656822 -0.346758 -0.434216 -0.434396 0
0.458195 -0.050513 -1.107011 -0.769420 -0.931939 0.275142 -0.498134 -0.500268 -0.492255 0
-0.139156 -0.064122 -0.234041 -0.296399 -0.336255 -0.349169 -0.006197 -0.066837 -0.142504 0
-0.642791 -0.080396 1.258169 1.039857 -0.759938 -0.660869 0.525194 0.653187 0.578099 1
-0.524749 -0.085318 0.143861 0.035769 0.289367 1.196900 0.052563 0.028695 0.020859 0
-0.527957 -0.088619 0.259617 0.201040 0.344688 -0.503803 0.094745 0.060071 -0.049267 0
0.392275 -0.037265 -0.970967 -0.744682 0.049435 -0.425580 -0.030546 -0.335910 -0.409863 0
-0.823751 -0.108585 -0.419085 -0.296035 -2.280268 -0.307883 -0.668341 -0.425465 -0.303774 0
-0.230103 -0.073183 -0.684752 -0.601287 -0.041137 -0.661095 -0.075887 -0.271837 -0.344027 0
0.154424 -0.028381 0.713711 0.512698 1.617420 3.586053 0.297871 0.153408 0.168125 0
-0.287733 -0.064325 -0.338247 -0.426386 0.511396 -0.547281 -0.063517 -0.210657 -0.238062 0
0.136069 -0.062762 -1.008616 -0.739564 0.142519 -0.294285 -0.516046 -0.520281 -0.422197 0
-0.305406 -0.066265 0.678802 0.425455 -0.014902 -0.624751 0.205860 0.261129 0.181989 0
-0.328112 -0.055732 0.675062 0.303888 0.990766 -0.662711 0.071101 0.036199 0.089370 0
-0.100384 -0.076316 0.034306 0.128421 -0.594402 -0.635152 -0.085364 -0.043308 -0.042406 0
-0.222936 -0.048324 1.578110 1.387317 0.554110 0.279789 0.629399 0.718644 0.683024 0
-0.347751 -0.084542 -0.478282 -0.430580 0.730836 -0.667257 0.082606 -0.153151 -0.246100 0
-0.662817 -0.095492 -0.197075 -0.256500 -0.389449 -0.164042 -0.213416 -0.153681 -0.188931 0
-0.044160 -0.058589 -0.534886 -0.507581 0.102113 -0.540085 -0.154792 -0.250975 -0.305547 0
-0.114422 -0.064741 0.186662 0.153459 0.600802 -0.452733 0.029164 0.025296 -0.039440 0
-0.135005 -0.063355 -0.782031 -0.696847 0.596969 -0.619238 0.162435 -0.285455 -0.377314 0
-0.543456 -0.078236 0.183618 -0.099083 0.483425 -0.468639 0.027337 -0.063816 -0.132639 0
0.353186 -0.046258 -0.882454 -0.662703 1.132453 -0.400532 -0.030900 -0.282846 -0.328819 0
-0.083395 -0.049126 -0.070221 -0.320275 0.440928 -0.654713 -0.344054 -0.308423 -0.321249 0
0.611436 -0.009033 0.206913 0.155574 0.088829 -0.387840 0.064336 0.038778 0.072843 0
-0.464803 -0.076072 -0.013477 -0.232706 0.407423 1.030799 -0.120124 -0.141320 -0.123198 0
-0.304246 -0.060515 0.937895 0.795256 -0.474064 1.740938 0.110832 0.201100 0.218554 0
0.198519 0.003694 0.734163 0.483410 -0.877407 -0.667467 -0.011087 0.241699 0.350751 0
0.233737 -0.036935 -0.155629 -0.276133 0.194711 0.116070 -0.188193 -0.237654 -0.203258 0
0.459123 -0.045361 -1.174098 -0.796363 0.645126 -0.009919 -0.162369 -0.368037 -0.401773 0
-0.283429 -0.075836 -0.542112 -0.503476 0.994895 -0.616211 -0.072097 -0.322157 -0.301924 0
-0.046228 -0.073954 -0.310577 -0.236280 0.475502 1.468955 -0.037245 -0.083015 -0.155787 0
0.938581 0.022286 -0.254336 -0.305804 1.036415 -0.670229 -0.066606 -0.078479 -0.098408 0
-0.511653 -0.070306 0.130293 -0.110484 0.374124 -0.676928 0.245863 0.144432 0.005470 0
-0.634599 -0.095947 -0.136076 -0.213116 -0.228207 -0.649544 -0.173601 -0.231216 -0.221113 0
-0.429392 -0.080868 -0.217392 -0.302870 0.559175 -0.677720 0.179147 -0.044864 -0.170964 0
-0.285286 -0.078499 0.135313 -0.008223 -0.228604 1.377369 -0.007974 -0.061589 -0.103912 0
-0.511980 -0.079816 0.209838 0.005876 0.618244 0.136097 0.022071 0.078263 0.112084 0
-0.278590 -0.065158 -0.089247 -0.153946 0.609930 3.459497 -0.064412 -0.081815 -0.089225 0
-0.050982 -0.070723 -0.264118 -0.234794 0.111847 -0.533446 -0.223788 -0.167011 -0.170735 0
-0.421936 -0.082425 -0.115783 -0.212167 -0.301582 3.194428 -0.231552 -0.236228 -0.277313 0
1.001056 0.080825 -0.349145 -0.508049 -1.257082 0.651480 0.943381 0.028963 -0.230358 1
-0.433628 -0.070453 0.540665 0.346358 0.132272 0.583076 0.211064 0.284376 0.252142 0
0.118074 -0.055976 -0.676245 -0.583483 -2.549247 0.071803 -0.729556 -0.555669 -0.417568 0
0.806415 -0.005505 -0.566419 -0.492136 -0.571646 -0.676239 0.071406 -0.143129 -0.232078 1
-0.171441 -0.048724 0.572405 0.330035 -0.676358 -0.677937 0.119660 0.303959 0.334346 0
-0.504653 -0.074969 0.565728 0.472199 0.559158 -0.291628 0.197004 0.214762 0.244558 0
-0.684071 -0.078489 1.280186 1.046689 0.289658 -0.202490 0.253453 0.444520 0.504214 0
-0.281218 -0.059469 0.134186 -0.047509 0.496754 -0.521551 0.253451 0.022862 -0.023506 0
0.134474 -0.048604 -0.368638 -0.359003 0.679225 0.131949 -0.053338 -0.058465 -0.115197 0
-0.099845 -0.040839 0.986416 0.853657 0.288804 -0.611158 0.196013 0.397223 0.471132 0
-0.815723 -0.103025 -0.236729 -0.275290 -0.655226 -0.491572 -0.032898 -0.062121 -0.135973 0
-0.508535 -0.077159 -0.185867 -0.357833 -0.324841 -0.676734 -0.300532 -0.107287 -0.153720 0
0.419010 -0.035800 -0.282541 -0.332824 -0.722681 0.593331 -0.327723 -0.218563 -0.219001 0
-0.546851 -0.103293 -0.611322 -0.439417 0.412247 -0.662453 -0.230315 -0.279902 -0.319946 0
-0.350656 -0.070643 -0.155467 -0.301405 0.378241 1.029911 0.016121 0.017427 -0.084847 0
1.433208 0.044708 -0.760019 -0.625849 0.812066 -0.287328 -0.244098 -0.412307 -0.370897 0
1.745828 0.030435 -1.357379 -0.887063 0.577032 -0.426631 -0.266543 -0.498324 -0.528260 0
-0.568925 -0.078773 0.584186 0.330359 -1.100550 -0.213426 0.126179 0.057727 0.024407 0
0.480492 -0.043586 -1.026184 -0.758656 0.523692 0.972607 -0.245926 -0.418456 -0.478614 0
-0.686361 -0.075331 2.152394 1.920855 -0.038853 -0.327243 0.083117 0.468248 0.638537 0
-0.642393 -0.084276 0.902347 0.554246 -1.233653 -0.634319 0.335254 0.162802 0.153932 0
0.297682 -0.035520 -0.458925 -0.356392 0.477311 -0.672023 -0.075020 -0.078278 -0.103309 0
-0.532906 -0.088899 0.010628 -0.037139 0.004246 -0.649699 -0.357853 -0.177724 -0.133984 0
-0.564099 -0.080762 0.339354 0.087807 0.041691 -0.500740 0.036247 0.034193 -0.057222 0
-0.120568 -0.063176 0.116582 -0.057841 -0.463021 -0.677449 -0.108257 -0.057639 -0.045764 0
-0.148369 -0.037592 0.342355 0.015341 -0.399942 -0.628948 -0.201883 0.106681 0.171321 0
-0.432179 -0.087157 -0.417089 -0.470360 0.641111 0.999681 -0.388449 -0.375107 -0.338326 0
-0.105797 -0.076640 -0.791424 -0.630671 -1.029233 -0.512519 -0.383244 -0.420997 -0.413602 0
-0.158605 -0.077780 -0.383037 -0.391152 -1.483352 -0.526129 -0.186395 -0.325069 -0.345502 0
-0.266057 -0.070256 0.020492 -0.068574 -0.166317 -0.568980 -0.542770 -0.388908 -0.203995 0
-0.257120 -0.080657 -0.748303 -0.616343 -1.739884 0.101851 -0.705880 -0.482047 -0.404190 1
-0.528309 -0.093256 0.059318 0.075492 -1.115066 -0.493335 -0.179205 -0.107659 -0.117216 0
-0.578530 -0.086142 -0.173948 -0.180152 0.104098 0.111585 0.082110 -0.010686 -0.022123 0
-0.349276 -0.083584 -0.532798 -0.470533 0.415850 -0.151367 -0.267679 -0.328310 -0.322316 0
-0.285487 -0.083992 0.184786 0.192681 -0.907732 -0.583966 -0.103651 -0.043176 -0.017376 0
0.438806 0.010942 0.217979 -0.036479 -0.390387 -0.648835 0.137360 0.187226 0.140993 0
-0.570237 -0.088112 -0.160383 -0.282139 0.277124 -0.452926 -0.091462 -0.190886 -0.191109 0
0.123889 -0.065006 -0.850293 -0.610957 0.003925 0.750254 -0.337743 -0.410317 -0.390180 0
-0.528988 -0.093672 -0.533822 -0.499154 0.201537 -0.414666 -0.264630 -0.222208 -0.269898 0
1.149089 0.008471 -0.996851 -0.717313 -1.150298 -0.152327 0.117334 -0.262386 -0.413572 0
-0.381931 -0.086508 -0.902390 -0.716402 0.436589 -0.521555 -0.118101 -0.347227 -0.448814 0
-0.256195 -0.056586 0.167313 -0.094031 0.869046 -0.095784 -0.167479 -0.149875 -0.131102 0
-0.200354 -0.074053 -0.051983 0.069146 0.332566 0.157388 -0.053243 -0.041336 -0.022306 0
0.304320 -0.022854 -0.352894 -0.424974 0.068975 -0.372126 -0.368866 -0.378915 -0.306844 0
-0.635292 -0.093815 0.066071 -0.103615 0.317989 -0.582008 -0.174650 -0.174928 -0.195511 0
-0.408531 -0.086325 -0.214781 -0.258096 -0.650329 0.371060 -0.190712 -0.153522 -0.191424 0
-0.656476 -0.093283 1.201358 1.198332 0.135850 -0.656918 -0.058422 0.115741 0.197105 0
-0.689699 -0.107602 -0.737208 -0.547774 0.113770 -0.627886 -0.280667 -0.327301 -0.384195 1
-0.581801 -0.098538 -0.716507 -0.537877 -0.041102 -0.662933 -0.531861 -0.393436 -0.354016 0
-0.307501 -0.070482 -0.054024 -0.173627 -0.241085 0.869069 -0.386014 -0.272801 -0.187820 0
0.285412 -0.046161 -0.691980 -0.584828 -0.245728 -0.499818 -0.201380 -0.254914 -0.293135 0
-0.178414 -0.065907 -0.081894 -0.231531 0.415261 0.171325 -0.021139 -0.113361 -0.202252 0
-0.459788 -0.096430 -0.044458 -0.011900 -0.211339 0.715277 -0.408820 -0.273668 -0.231355 0
-0.093027 -0.060398 1.130436 1.134981 0.032245 -0.600228 0.121446 0.199268 0.232823 0
-0.912169 -0.109810 0.181691 0.307602 -1.261105 0.042532 -0.372917 -0.149172 -0.060389 0
-0.456241 -0.086766 0.224691 0.266789 -0.244119 -0.567816 -0.203491 -0.072440 -0.031097 0
-0.075057 -0.067826 -0.242853 -0.338231 -0.068120 0.062348 -0.381316 -0.298247 -0.283959 0
-0.741028 -0.082797 0.870999 0.662907 0.193809 0.126470 0.110842 0.243371 0.374853 0
-0.714252 -0.104508 -0.307105 -0.227054 -0.102722 2.863967 -0.316765 -0.274535 -0.259370 0
-0.531001 -0.083091 0.316379 0.219815 -1.305141 -0.359672 -0.338366 -0.066283 0.067902 0
-0.137310 -0.065983 -0.565819 -0.544914 0.061308 -0.464173 -0.336037 -0.320002 -0.321108 0
-0.566189 -0.085293 0.522297 0.375193 0.349892 0.189787 -0.177175 -0.078786 0.028969 0
-0.165465 -0.067829 -0.043092 -0.201680 -0.167489 0.679872 0.115663 -0.148481 -0.230864 0
-0.589367 -0.087785 0.175411 -0.017220 0.451009 -0.268448 -0.190777 -0.143322 -0.086925 0
-0.399585 -0.081398 -0.096599 -0.158736 -0.900079 -0.652855 -0.213440 -0.178345 -0.156401 0
-0.251239 -0.081290 0.028684 -0.064717 -0.417937 -0.354500 -0.209836 -0.136534 -0.177064 0
-0.033434 -0.053531 0.029322 -0.099598 -0.255496 -0.070858 -0.166257 -0.042760 -0.036163 1
-0.442408 -0.085833 0.515689 0.404028 -0.809185 -0.535219 -0.178603 0.002120 0.048325 0
0.270425 -0.069771 -1.106892 -0.711258 -0.222362 -0.677103 -0.338187 -0.455905 -0.446876 0
-0.083575 -0.073828 -0.841600 -0.649164 -0.780341 -0.295380 -0.561970 -0.528035 -0.436231 0
0.529250 -0.022540 -0.380810 -0.422593 -0.034754 -0.421975 -0.197076 -0.268910 -0.242563 0
-0.202184 -0.078262 -0.892288 -0.689802 0.437946 1.850234 -0.304610 -0.441603 -0.446165 0
-0.924832 -0.114493 -0.813042 -0.554683 -0.369415 2.481494 -0.558613 -0.470888 -0.404769 0
-0.500222 -0.064694 2.286983 2.017498 -0.174904 -0.594133 0.204727 0.618144 0.846766 0
-0.607494 -0.086735 1.646611 1.640651 -0.039517 -0.089093 0.120004 0.364581 0.483907 0
-0.842925 -0.108982 -0.822084 -0.632636 0.074157 -0.663908 -0.417727 -0.354461 -0.366848 0
-0.207298 -0.085627 -0.750893 -0.452439 -0.992639 -0.412011 -0.190383 -0.320655 -0.297598 0
-0.228378 -0.056147 -0.480708 -0.539147 0.032181 -0.627294 -0.281103 -0.381888 -0.356708 0
-0.447379 -0.083977 -0.089878 -0.149981 0.343877 -0.649436 -0.176984 -0.163858 -0.168959 0
-0.272339 -0.083099 -0.510580 -0.437376 0.051783 -0.563456 -0.301783 -0.337977 -0.315922 0
0.049570 -0.044479 0.029490 -0.103327 0.200612 -0.235740 -0.388688 -0.212995 -0.121239 0
1.148044 0.056504 0.390274 0.277415 0.711555 2.406286 -0.140436 -0.135644 0.027661 1
-0.003773 -0.045095 -0.262357 -0.348301 0.240083 -0.592979 -0.176517 -0.140466 -0.120265 0
-0.279691 -0.073856 0.230815 0.085567 0.671829 -0.604851 -0.035033 -0.087565 -0.095798 0
-0.399863 -0.095292 -0.822662 -0.580693 0.042509 1.758021 -0.387075 -0.388191 -0.357750 0
-0.220694 -0.051760 1.807757 1.662323 0.058002 2.974745 0.257358 0.517005 0.611879 0
0.532168 0.000473 0.008397 -0.175899 -0.469296 1.091348 -0.265997 -0.232366 -0.171196 0
5.654381 0.815190 -0.481485 -0.425017 0.607705 -0.395660 0.095611 -0.135338 -0.158282 0
-0.060196 -0.074897 -0.416260 -0.323212 -1.503667 -0.597626 -0.469268 -0.322604 -0.270734 0
3.328488 0.222677 -0.542275 -0.341694 -0.101010 -0.567123 -0.218059 -0.242159 -0.214483 0
-0.064663 -0.065973 -0.182702 -0.129622 -1.770596 -0.304201 -0.356742 -0.203491 -0.082674 0
-0.279963 -0.083344 -0.104901 -0.004766 0.029101 1.251957 -0.305085 -0.161547 -0.071668 0
0.055401 -0.066245 -0.990662 -0.725360 0.238487 -0.597055 -0.410602 -0.449139 -0.434864 0
-0.248220 -0.058134 0.353499 0.083794 0.044815 -0.459741 -0.132491 0.012410 -0.012534 0
-0.311050 -0.053288 1.010258 0.558537 -0.044981 3.711088 0.047651 0.187997 0.227013 0
0.523994 -0.026543 -0.700546 -0.575568 -1.159786 -0.445723 -0.278457 -0.318829 -0.312719 1
0.002090 -0.070748 -0.746195 -0.549145 -0.061789 -0.569878 -0.418314 -0.352342 -0.365093 0
1.814370 0.060019 -0.563630 -0.441532 0.178815 -0.451034 -0.287658 -0.357400 -0.319902 0
-0.337858 -0.084071 -0.698467 -0.594538 -0.596865 -0.677418 -0.282278 -0.290834 -0.341951 0
0.383545 -0.041686 -0.730294 -0.596557 0.369284 -0.202820 -0.443604 -0.525203 -0.390853 0
-0.339234 -0.091738 -0.341318 -0.305952 -0.037816 -0.675122 -0.476615 -0.354701 -0.305224 0
0.047580 -0.063669 -0.894154 -0.688883 0.440987 -0.128074 -0.469298 -0.473192 -0.415180 0
-0.222508 -0.086000 -0.908547 -0.679926 -0.066311 -0.630297 -0.351680 -0.378861 -0.420268 0
-0.335889 -0.077326 0.019652 -0.151310 -0.163878 0.222476 -0.393587 -0.306249 -0.236253 0
0.093239 -0.068441 -0.838894 -0.654425 0.026386 -0.319485 -0.509117 -0.440843 -0.392367 0
-0.545898 -0.086018 1.318954 1.253277 0.132871 -0.656980 0.023273 0.180845 0.260030 0
1.590437 0.013735 -1.086012 -0.707146 0.611135 -0.450820 -0.352965 -0.444904 -0.409433 0
0.123214 -0.034571 -0.467799 -0.479489 -0.752646 -0.316642 -0.363249 -0.317451 -0.246209 1
-0.624060 -0.101238 -0.277556 -0.202981 0.164379 0.114027 -0.356687 -0.250917 -0.222828 0
-0.635213 -0.093321 0.103107 -0.051309 -1.150480 -0.676033 -0.261024 -0.177339 -0.180941 0
0.083628 -0.043687 0.504677 0.448680 -0.139134 0.487297 -0.180981 0.070567 0.208436 0
-0.768841 -0.088637 0.933028 0.693631 -0.275917 -0.106413 0.120155 0.358811 0.393291 0
-0.690397 -0.107026 -0.706705 -0.511054 -0.175387 -0.266035 -0.286886 -0.312001 -0.347575 0
-0.257742 -0.074885 -0.326884 -0.384587 0.147262 -0.441981 -0.355218 -0.344849 -0.280891 0
0.037123 -0.031820 0.981199 0.673561 0.163000 -0.596670 0.056398 0.308872 0.399677 0
-0.422860 -0.069063 0.835485 0.619165 -0.764808 -0.069628 -0.259552 0.015730 0.220499 0
-0.489173 -0.089893 -0.447301 -0.454758 -0.555401 -0.673295 -0.553123 -0.409474 -0.325032 0
-0.388108 -0.086492 0.550641 0.563485 -0.951031 -0.591479 -0.526077 -0.218050 -0.049329 1
-0.071532 -0.073547 -0.386853 -0.250216 0.277399 -0.625671 -0.123959 -0.169449 -0.150633 0
0.031137 -0.069493 -0.751449 -0.614030 0.293819 -0.048209 -0.527565 -0.454303 -0.393350 0
-0.477065 -0.094038 -0.004394 0.108532 -0.346627 -0.513207 -0.386288 -0.209811 -0.104593 1
-0.677353 -0.092236 0.251651 0.160147 0.037811 -0.665675 -0.100843 0.103385 0.131628 0
0.318720 -0.062265 -0.970137 -0.671567 -0.183426 -0.428573 -0.395797 -0.334974 -0.334818 0
-0.685739 -0.099141 0.218569 0.241887 -0.246630 -0.589350 -0.384212 -0.153347 -0.059297 0
-0.129593 -0.062211 0.418854 0.191030 0.421470 -0.083252 -0.026079 0.045845 0.043723 0
0.366491 -0.034450 -1.042168 -0.782337 0.369028 -0.435014 -0.510355 -0.531932 -0.449333 1
0.324167 -0.049493 -0.506541 -0.432818 -0.714204 1.267784 -0.213386 -0.284178 -0.307004 0
2.358284 0.095799 -0.717552 -0.391797 -0.895526 -0.386114 -0.463641 -0.345501 -0.251022 0
0.019493 -0.057729 0.143581 0.066636 -0.776513 0.876327 -0.224462 -0.109817 -0.040321 0
0.383010 -0.023778 -0.124682 -0.125560 -0.361498 -0.381264 -0.542053 -0.253591 -0.102178 0
-0.138393 -0.081057 -0.267009 -0.133746 -0.021131 -0.421016 -0.280842 -0.213793 -0.167088 0
0.711470 -0.015582 -0.929784 -0.733032 0.624347 -0.464247 -0.409786 -0.519558 -0.451053 0
-0.779712 -0.098303 -0.225521 -0.305245 -0.262490 -0.519415 -0.524138 -0.385347 -0.283738 0
-0.895663 -0.110702 0.530831 0.646894 0.221917 -0.531653 -0.237889 -0.157223 -0.103571 0
0.130079 -0.023884 1.184841 0.969781 -0.266067 -0.493359 0.001017 0.214450 0.360161 1
2.109318 0.053588 -1.340407 -0.866330 0.093455 -0.541730 -0.391122 -0.484795 -0.512266 0
-0.582436 -0.104526 -1.012952 -0.692100 -0.712518 0.129463 -0.717481 -0.603947 -0.536284 0
-0.885647 -0.102761 1.132522 1.050786 0.085319 0.226151 0.036430 0.176831 0.213742 0
-0.748285 -0.100817 -0.170200 -0.192776 -0.649086 0.141633 -0.350588 -0.226483 -0.189913 0
-0.053303 -0.065577 -0.125805 -0.098205 -0.508452 -0.509893 -0.377528 -0.224053 -0.141181 0
-0.322746 -0.082742 -0.320747 -0.288420 -1.316054 1.188427 -0.245244 -0.234372 -0.200320 0
-0.184014 -0.065361 0.218039 -0.017914 -0.294781 -0.437243 -0.279508 -0.176564 -0.147718 0
-0.322791 -0.084673 -0.177950 -0.242532 -0.448857 0.031408 -0.566699 -0.460002 -0.296771 0
-0.646770 -0.105268 -0.676741 -0.432943 -0.531034 -0.044559 -0.423225 -0.322541 -0.329515 1
-0.262759 -0.037284 0.644031 0.207642 -1.641157 -0.023445 0.017669 0.066887 0.120424 0
0.697227 -0.037302 -1.059742 -0.751913 -0.084100 -0.430211 -0.666946 -0.548394 -0.461008 0
-0.063186 -0.079341 -0.708220 -0.556016 -0.065827 -0.640955 -0.563753 -0.450484 -0.404407 0
0.519499 -0.054893 -0.473091 -0.240824 -0.435557 -0.568302 -0.364754 -0.310245 -0.287520 0
-0.380882 -0.093279 -0.751653 -0.568199 -0.620943 -0.045896 -0.640022 -0.479965 -0.409080 0
4.756577 0.362488 -0.991984 -0.710856 -0.272566 2.062204 -0.213249 -0.448243 -0.445291 0
2.956005 0.189372 -0.955549 -0.750196 0.193217 -0.336638 -0.188353 -0.277065 -0.363300 0
0.054658 -0.074109 -1.055891 -0.744896 0.022499 0.080246 -0.463807 -0.422680 -0.406636 1
0.227611 -0.061838 -0.947877 -0.714941 -0.356066 -0.117655 -0.561849 -0.447134 -0.437677 0
-0.932517 -0.116327 -0.911910 -0.551217 0.136019 -0.616337 -0.457433 -0.427338 -0.399404 0
-0.274273 -0.068590 -0.033065 -0.127207 0.056101 -0.048114 -0.193656 -0.206489 -0.148970 0
-0.527587 -0.076638 0.009746 -0.185556 -0.491597 -0.551166 -0.101867 -0.126201 -0.158602 0
-0.590645 -0.095232 -0.221168 -0.281614 -0.344920 -0.671850 -0.332524 -0.181966 -0.222031 0
-0.652764 -0.083261 1.019175 0.693723 -0.090256 -0.439395 -0.009517 0.175328 0.205772 0
0.328790 -0.063635 -0.776996 -0.508615 -0.206655 -0.596488 -0.474848 -0.341231 -0.332211 0
-0.334492 -0.087278 -0.764538 -0.570277 -0.090812 -0.133908 -0.378615 -0.386030 -0.365007 0
-0.134861 -0.063101 -0.117539 -0.161028 -0.441290 -0.675206 -0.390009 -0.163780 -0.050291 0
-0.531260 -0.098909 -0.713631 -0.603406 -0.652339 -0.609729 -0.665473 -0.585472 -0.508951 0
-0.193670 -0.073234 -0.447360 -0.502619 -1.388269 -0.509988 -0.505259 -0.442801 -0.390700 0
-0.174203 -0.075738 -0.515525 -0.472946 -0.160594 0.154095 -0.210437 -0.226029 -0.252393 0
-0.951114 -0.094574 1.037788 0.575437 -1.558289 0.190277 0.024444 0.040917 0.098780 0
-0.059109 -0.072141 -0.612604 -0.541599 -0.573366 -0.657351 -0.682912 -0.429226 -0.363482 0
-0.129226 -0.054970 0.193034 0.066554 -0.829979 -0.432071 -0.163775 -0.084804 0.023835 0
-0.610554 -0.093599 -0.558753 -0.547682 -0.286356 -0.364573 -0.556803 -0.471468 -0.404004 0
-0.125268 -0.071745 -0.762240 -0.623405 -0.306561 -0.482392 -0.428151 -0.377817 -0.365811 0
-0.544498 -0.078606 -0.113248 -0.315029 -0.432024 -0.307736 -0.430389 -0.248371 -0.213817 0
0.139217 -0.055992 -0.858878 -0.652026 -0.189039 2.252777 -0.261668 -0.308996 -0.313684 0
-0.025797 -0.075850 -0.864679 -0.642529 -0.525286 -0.633500 -0.503998 -0.449444 -0.432639 0
-0.087181 -0.079552 -0.334593 -0.170167 -0.241148 -0.113332 -0.333258 -0.223684 -0.183178 0
-0.299026 -0.070424 0.932441 0.646173 0.550071 -0.202708 -0.223716 -0.064986 0.012470 0
0.648301 -0.010573 -0.018373 -0.049847 0.484896 -0.677408 -0.141120 -0.092752 -0.014678 0
-0.448606 -0.077742 -0.117527 -0.189533 0.330020 -0.677866 -0.322183 -0.196438 -0.104750 0
-0.309685 -0.078857 -0.228357 -0.214018 -0.551751 0.954299 -0.546881 -0.323783 -0.229013 0
0.459358 -0.018642 -0.176288 -0.261460 -1.065970 -0.662888 -0.439563 -0.242376 -0.175963 0
-0.335371 -0.095629 -0.148716 0.055383 -0.183599 -0.622371 -0.473802 -0.290366 -0.207724 0
-0.446366 -0.086145 -0.530953 -0.491499 -1.034814 2.784114 -0.641634 -0.490953 -0.409301 0
-0.571281 -0.093031 -0.348636 -0.411517 -1.024829 1.241449 -0.529384 -0.321888 -0.311986 0
-0.210982 -0.071964 -0.409086 -0.436232 -0.064159 1.325892 -0.469987 -0.342866 -0.297136 0
-0.532916 -0.090015 -0.218019 -0.302587 -0.255489 -0.096280 -0.384433 -0.205414 -0.180711 0
-0.581770 -0.100734 -0.747770 -0.564878 -1.817283 -0.621052 -0.564707 -0.411746 -0.356761 0
-0.260008 -0.061206 0.847754 0.675817 -0.497514 -0.674289 -0.153570 0.110003 0.280263 0
0.360531 -0.036808 -0.402270 -0.393609 -1.900821 -0.298368 -0.070814 -0.215835 -0.245161 0
0.539769 -0.014660 -0.276715 -0.277459 0.068158 -0.037855 -0.410634 -0.351308 -0.198942 0
-0.176205 -0.072073 -0.482360 -0.455135 0.110665 -0.675700 -0.434535 -0.334996 -0.254599 1
0.735520 -0.027846 -0.499075 -0.439492 -0.167410 0.817849 -0.554894 -0.412196 -0.319329 0
-0.424954 -0.098342 -0.641113 -0.326668 -0.658488 -0.628006 -0.522084 -0.428303 -0.336363 0
-0.320464 -0.067205 -0.186677 -0.330814 -0.454354 -0.549364 -0.089929 -0.233516 -0.200105 0
0.287205 -0.054471 0.012481 -0.002587 -1.036565 -0.636654 -0.476972 -0.260088 -0.180422 0
-0.389297 -0.086480 -0.061631 0.026618 -0.654204 0.276852 -0.392201 -0.250671 -0.196998 0
-0.355442 -0.070385 -0.209086 -0.369955 0.117159 -0.667281 -0.587663 -0.339697 -0.206143 0
0.514637 -0.043712 -0.751097 -0.598827 -0.865061 0.741738 -0.626164 -0.495545 -0.408882 0
-0.478041 -0.090906 -0.442118 -0.408417 -0.972567 -0.592992 -0.644254 -0.391544 -0.288726 0
-0.486769 -0.092398 -0.316287 -0.317890 -0.568859 -0.175531 -0.425481 -0.296145 -0.235116 0
0.004309 -0.061107 -0.373950 -0.363759 -0.725302 -0.503606 -0.450682 -0.317003 -0.242329 0
-0.447478 -0.067355 0.450133 0.159128 0.430698 -0.662586 0.205995 -0.025587 0.023442 0
0.309389 -0.042923 -0.096508 -0.059782 -0.270009 -0.105353 -0.352718 -0.163338 -0.070019 0
-1.042527 -0.119069 -0.677187 -0.417167 -0.478504 -0.675776 -0.443229 -0.375402 -0.360924 0
0.205366 -0.066043 -0.599755 -0.338291 -0.076263 -0.444482 -0.382734 -0.323756 -0.244240 0
-0.330218 -0.066309 0.108784 -0.001403 -0.239655 -0.412877 -0.163391 -0.040529 0.052828 0
-0.145789 -0.079771 -0.355892 -0.284589 -0.948342 -0.247154 -0.489854 -0.342248 -0.278741 0
0.061748 -0.052545 -0.126769 -0.219864 -0.185909 2.079217 -0.492190 -0.302022 -0.179648 0
-0.433415 -0.084893 -0.269317 -0.323148 0.158781 0.153178 -0.317656 -0.227839 -0.198555 0
-0.570494 -0.087463 0.252842 0.043624 0.146623 0.732844 -0.191074 -0.088997 -0.038911 0
0.140159 -0.053235 -0.624872 -0.523385 0.223965 0.245675 -0.320541 -0.299744 -0.268544 0
-0.405163 -0.079417 -0.322420 -0.360781 0.121964 -0.494131 0.014485 -0.235195 -0.217708 1
-0.725719 -0.096540 0.292192 0.076891 -0.253610 1.285609 -0.132015 -0.113584 -0.108407 0
-0.676107 -0.106121 -0.806052 -0.547115 -0.507179 1.502748 -0.624536 -0.502941 -0.421547 0
-0.575551 -0.090014 0.001902 -0.128195 -0.731702 -0.668337 -0.430779 -0.272603 -0.190522 0
-0.553664 -0.089361 0.614492 0.599657 -0.622815 -0.602694 -0.246452 -0.030319 0.071738 0
-0.450849 -0.091727 -0.530196 -0.448745 -1.391052 0.563314 -0.519593 -0.391971 -0.328772 0
-0.209305 -0.078503 -0.182405 -0.086137 -1.270483 -0.664732 -0.518423 -0.253719 -0.135871 0
5.058683 0.364450 -1.170066 -0.767242 -0.610583 0.599718 -0.462782 -0.445080 -0.435658 0
0.074300 -0.048893 -0.631473 -0.585991 -0.505072 -0.523200 -0.601401 -0.387926 -0.333304 0
0.058314 -0.071555 -0.685150 -0.538158 -0.518383 -0.311314 -0.667427 -0.467725 -0.399008 0
0.182765 -0.049839 0.199686 0.127409 -0.757387 1.844160 -0.487881 -0.279339 -0.136634 0
-0.525235 -0.092805 -0.540851 -0.417130 0.148887 3.281362 -0.343647 -0.303591 -0.230616 0
0.716865 -0.026018 -0.989416 -0.755472 -0.118469 -0.648560 -0.330246 -0.495030 -0.471735 0
0.125165 -0.071793 -1.203246 -0.806872 -0.703529 1.651793 -0.688637 -0.527645 -0.451525 0
-0.112912 -0.062949 -0.413892 -0.447367 -0.875477 -0.675828 -0.341968 -0.251838 -0.285148 0
-0.716526 -0.103467 -0.554554 -0.474123 -0.421682 -0.663030 -0.397259 -0.353165 -0.340843 0
0.209915 -0.037834 -0.584251 -0.528213 -0.308376 -0.553414 -0.344765 -0.275774 -0.217579 0
-0.434675 -0.070791 0.468033 0.275009 -1.858185 -0.643360 -0.036055 0.010982 0.062627 0
-0.366667 -0.083007 -0.220883 -0.243617 -0.147063 -0.677941 -0.385424 -0.286465 -0.184172 0
-0.593308 -0.101366 0.083622 0.137958 -0.026106 -0.556560 -0.467827 -0.326566 -0.243588 0
0.193899 -0.063708 -0.875551 -0.637899 -0.534079 0.088635 -0.793385 -0.601364 -0.477465 0
-0.686145 -0.102876 -0.049183 0.033394 -1.721792 0.171236 -0.639434 -0.376627 -0.279298 0
-0.076290 -0.078567 -0.806335 -0.612135 -0.347640 -0.613994 -0.623370 -0.534715 -0.458849 0
-0.558039 -0.096606 0.173718 0.081362 -0.164858 -0.042407 -0.379396 -0.169105 -0.099215 0
0.145105 -0.060635 -0.727164 -0.615016 -0.967308 0.804585 -0.719588 -0.479486 -0.415826 0
0.178826 -0.064849 -0.809464 -0.622561 -0.899929 -0.524933 -0.679687 -0.497045 -0.419598 0
-0.148734 -0.061914 -0.122105 -0.279969 -0.142847 -0.365099 -0.465025 -0.342034 -0.286910 0
-0.756911 -0.096720 0.132340 -0.113260 -0.270144 0.402077 -0.443280 -0.298757 -0.254414 0
-0.040251 -0.070605 -0.997805 -0.744892 0.117988 -0.082419 -0.560228 -0.511773 -0.442586 0
-0.753976 -0.097608 0.308492 0.139337 -0.419890 0.388342 -0.499996 -0.290664 -0.145190 0
-0.540483 -0.100307 -0.659866 -0.508176 -0.258958 -0.614856 -0.592853 -0.485857 -0.410368 0
0.300712 -0.057363 -0.939497 -0.712714 -1.141923 0.047033 -0.644116 -0.546076 -0.471742 0
0.118016 -0.045471 -0.267096 -0.333585 -0.670659 -0.635762 -0.682854 -0.450099 -0.258877 0
-0.152331 -0.060524 0.092190 -0.090826 -0.017691 4.324087 -0.511045 -0.267007 -0.184172 0
-0.322256 -0.086372 -0.599466 -0.473876 -0.214615 -0.144511 -0.564218 -0.500419 -0.425727 0
-0.660102 -0.100647 0.145052 0.186325 0.276668 -0.459812 -0.389609 -0.231553 -0.114614 0
0.057298 -0.067498 -0.685443 -0.530858 0.056438 -0.589031 -0.405220 -0.309880 -0.287100 0
-0.105591 -0.069500 -0.196648 -0.221557 -1.070538 0.082084 -0.517522 -0.270201 -0.144343 0
0.407995 -0.063116 -1.070958 -0.736720 -0.538568 -0.603210 -0.746397 -0.606741 -0.497155 0
-0.026386 -0.081100 -0.716476 -0.430284 -0.140458 -0.482219 -0.434895 -0.336254 -0.282998 0
-0.025197 -0.065825 -0.577663 -0.514711 -0.713575 0.231709 -0.616784 -0.463403 -0.342753 1
0.279322 -0.034229 -0.157476 -0.322430 -0.228497 -0.327179 -0.077670 -0.105815 -0.191680 0
-0.170089 -0.084286 -0.953926 -0.687904 -1.436792 -0.508841 -0.560577 -0.421354 -0.398075 0
-0.012919 -0.069061 -0.847397 -0.672317 -0.382170 -0.419131 -0.618563 -0.499179 -0.395580 0
-0.634899 -0.106473 -0.930299 -0.640455 -0.429853 -0.657409 -0.742497 -0.581862 -0.500365 0
-0.284899 -0.095637 -1.105014 -0.721524 -0.549422 1.264076 -0.558836 -0.482202 -0.470881 1
3.757852 0.229450 -1.257524 -0.755012 -0.384701 -0.603894 -0.454428 -0.535829 -0.484890 0
2.752976 0.058335 -1.555189 -0.888510 -0.474376 -0.508305 -0.660616 -0.610367 -0.539200 0
-0.582587 -0.091507 -0.098494 -0.127637 -0.520243 -0.493935 -0.527393 -0.341343 -0.214031 0
-0.060260 -0.081158 -0.844926 -0.561813 -0.256413 0.119939 -0.605417 -0.473298 -0.367544 0
-0.534779 -0.081304 0.081577 -0.104857 -1.181604 -0.661581 -0.547067 -0.231834 -0.096277 0
0.314134 -0.039739 -0.528908 -0.478933 -0.241666 -0.046367 -0.383935 -0.364100 -0.321403 0
-0.076853 -0.077204 -0.302721 -0.166468 -0.482707 -0.662344 -0.507136 -0.283567 -0.192393 0
-0.745704 -0.099449 0.195133 0.089907 -0.621189 -0.178046 -0.409580 -0.220671 -0.105539 0
0.441424 -0.026940 -0.377482 -0.308112 0.064072 -0.277622 -0.489379 -0.320507 -0.190429 0
-0.765964 -0.106350 -0.405352 -0.299642 -0.441062 0.096606 -0.564437 -0.492404 -0.336523 0
-0.328409 -0.083099 -0.613662 -0.568727 -0.231514 -0.536344 -0.483060 -0.423344 -0.377399 0
0.158817 -0.052077 -0.388869 -0.405261 -0.281341 0.685777 -0.508758 -0.412231 -0.306645 0
-0.920030 -0.112665 -0.677890 -0.548657 -0.443920 -0.648535 -0.772127 -0.610655 -0.524502 0
-0.092658 -0.073466 -0.616192 -0.538569 -0.792106 1.074805 -0.492782 -0.415310 -0.346444 0
0.141658 -0.061460 -0.566132 -0.446779 -0.573463 -0.599063 -0.682285 -0.469643 -0.348854 0
-0.417889 -0.084907 -0.358467 -0.338277 -1.090621 0.327268 -0.434195 -0.266659 -0.191605 0
-0.541124 -0.096159 -0.336901 -0.264460 0.118753 2.093829 -0.658168 -0.458859 -0.329554 0
0.044323 -0.074065 -0.975684 -0.731110 -0.513613 1.320333 -0.819027 -0.600958 -0.509432 0
-0.241259 -0.084015 0.306571 0.384246 -0.676546 -0.080551 -0.495486 -0.246662 -0.118663 0
-0.477172 -0.085884 0.704859 0.729814 -0.130890 -0.574195 -0.212001 -0.065262 0.046657 0
0.019389 -0.058061 -0.723208 -0.647434 -0.423050 0.111872 -0.578946 -0.496543 -0.411208 0
-0.060513 -0.069757 -0.450098 -0.401614 -1.594646 -0.535627 -0.452703 -0.348185 -0.311916 0
-1.081317 -0.112851 0.811683 0.735753 -0.474787 -0.626283 -0.380423 -0.067607 0.076795 0
-0.290826 -0.095596 -1.049203 -0.709590 -0.500362 -0.655339 -0.714485 -0.540769 -0.459577 0
0.239916 -0.050792 -0.589826 -0.525123 -0.878264 1.470506 -0.667629 -0.465032 -0.364211 0
-0.195862 -0.057507 -0.103411 -0.239013 -0.431226 -0.478068 0.025241 -0.058533 -0.099959 0
-0.724728 -0.106280 -0.442241 -0.325695 -0.621616 -0.665739 -0.565930 -0.467465 -0.366758 0
-0.245170 -0.049044 0.645275 0.292464 -0.365696 -0.532706 -0.265846 0.033259 0.207907 0
-1.001296 -0.116957 -0.247899 -0.011810 -0.353249 -0.352529 -0.567579 -0.353937 -0.257373 0
-0.168500 -0.082836 -1.041651 -0.754630 -0.502174 -0.601623 -0.760061 -0.580817 -0.500823 0
0.015371 -0.078525 -1.196814 -0.768309 -0.496077 -0.249877 -0.629875 -0.614134 -0.505028 0
0.545277 -0.038414 -0.929040 -0.688646 -1.765207 -0.345362 -0.417174 -0.423843 -0.407806 0
-0.451784 -0.070356 0.655099 0.419518 -0.372442 -0.628755 -0.367499 -0.037383 0.132405 0
0.028610 -0.066648 -0.598204 -0.531004 -0.505670 -0.634059 -0.484543 -0.405184 -0.359281 0
0.095009 -0.050845 -0.197716 -0.303180 -0.647845 -0.676020 -0.410158 -0.331777 -0.252534 0
-1.172876 -0.117088 -0.317911 -0.283048 -1.031403 0.457553 -0.518585 -0.440049 -0.343984 1
