12.346631 29.455177 5.833820 7.029506 5.450663 -0.563908 13.370256 13.926972 13.858353 0
1.048392 0.908203 5.950461 6.934939 5.162536 0.829148 7.962077 9.109732 9.999804 1
2.334916 0.836288 3.055596 2.767900 4.769418 -0.667818 4.666080 3.872878 2.964105 1
0.994162 0.591534 5.212469 5.785421 3.959482 0.701978 5.266282 5.859796 6.067634 1
0.650743 0.306768 5.222268 5.848175 3.065382 1.185545 4.453251 4.791796 5.006872 1
0.340316 0.098637 2.637899 2.257167 1.950791 -0.243993 3.193588 2.760380 2.139204 1
-0.668002 -0.059633 1.647752 1.032323 2.884792 -0.010317 1.583923 0.971032 0.627096 0
0.607333 0.228973 2.773517 2.349100 2.801449 0.334142 3.379451 3.231815 2.614459 1
-0.097296 0.006181 0.865213 0.342768 0.853302 -0.672921 1.213321 0.781737 0.594958 1
0.642482 0.084615 2.194492 1.929356 1.141444 -0.501368 2.118608 1.746886 1.285275 1
-0.431606 -0.053225 0.436910 -0.049349 0.617715 0.035007 1.096358 0.588836 0.219637 1
0.285336 0.022818 0.667207 0.322127 -0.552589 -0.586053 1.276585 0.568678 0.273824 0
8.707234 2.538234 1.987410 1.867169 1.856158 -0.473430 1.432832 1.244712 1.111970 0
-0.627922 -0.074122 1.017172 0.570512 2.067785 -0.127391 0.655513 0.518752 0.367943 0
-0.252989 -0.054319 1.108805 0.896751 2.280352 2.316593 0.960204 0.591925 0.398615 0
-0.517797 -0.066490 0.769185 0.361027 1.863614 2.325755 1.007915 0.631307 0.279858 0
0.772565 0.014381 -0.181911 -0.209176 0.488454 -0.138368 0.506698 0.212793 -0.010692 0
1.269071 0.095154 0.737602 0.441464 -0.374232 -0.546357 1.103302 0.628956 0.395108 0
0.055052 -0.052422 -0.240092 -0.321453 0.025682 -0.420876 0.338879 0.042860 -0.124095 0
0.865142 0.071194 1.694444 1.694295 0.189644 -0.260990 1.193969 1.019300 0.869417 1
-0.373537 -0.058813 1.847047 1.671089 1.673612 -0.527307 1.088318 0.993799 0.863546 0
-0.168388 -0.052199 0.344863 0.084398 1.831688 -0.677882 0.942796 0.468060 0.173664 0
-0.701849 -0.086519 1.635192 1.633960 0.601388 -0.612449 1.025651 0.839234 0.727469 0
-0.726053 -0.079340 0.772808 0.407859 1.834946 0.568395 0.968810 0.616530 0.306736 0
1.207646 0.080350 0.609639 0.289406 1.744028 -0.662137 1.089311 0.569894 0.267707 0
-0.774863 -0.091216 0.574341 0.303428 0.384040 -0.671294 0.566813 0.346021 0.211340 0
0.055904 -0.054332 -0.568338 -0.529352 -0.033622 1.448112 0.209461 -0.121980 -0.248719 0
-0.634996 -0.067322 1.720434 1.227172 1.474117 0.526808 0.669744 0.516056 0.412596 1
-0.587283 -0.068038 3.347951 3.595663 1.343877 -0.611016 1.211317 1.277572 1.315708 1
0.084277 0.014151 2.761930 2.802897 0.147776 2.017381 1.131519 1.209805 1.290525 0
0.403196 -0.033863 -0.579910 -0.578925 -0.551810 -0.666018 0.024316 -0.255741 -0.375545 0
-0.036002 -0.051745 0.017179 -0.053226 1.269281 -0.617947 0.197873 0.053659 -0.038234 0
0.168917 -0.040584 -0.284420 -0.301105 2.037725 -0.584323 0.409266 -0.004897 -0.137001 0
-0.912702 -0.100415 0.988637 0.722156 0.032504 -0.188629 0.470985 0.375875 0.211663 0
-0.321411 -0.051012 0.735944 0.444764 0.529047 -0.617901 1.134622 0.734567 0.459760 1
-0.303292 -0.049819 0.203401 -0.061337 -0.097748 -0.304334 1.126906 0.533954 0.189016 0
-0.586493 -0.082169 0.605203 0.643279 1.147920 -0.081262 0.479787 0.365763 0.296077 0
-0.414797 -0.044053 1.970601 1.994660 -0.296369 -0.257261 1.237757 1.092261 1.083463 0
0.231645 -0.028276 -0.048530 -0.114680 1.690171 0.964268 0.647476 0.252588 0.049022 0
-0.275647 -0.068256 0.115909 -0.022735 1.369621 0.829183 0.439711 0.224292 0.066258 0
-0.151097 -0.049497 0.342732 0.054780 1.179120 -0.363339 0.515549 0.249455 0.064779 0
-0.593359 -0.072320 1.551345 1.457226 1.398491 -0.498293 0.717895 0.584419 0.573385 0
-0.956706 -0.091081 1.076598 0.702108 1.244875 -0.274861 0.785404 0.595164 0.495295 0
0.084036 -0.021461 1.039001 0.658110 -2.555767 1.904277 0.060094 0.211253 0.277626 0
0.925838 0.063803 -0.350918 -0.424646 0.255880 -0.673835 0.315443 0.017078 -0.143811 0
-0.303251 -0.071998 0.172307 0.068561 -0.481652 -0.500330 -0.089091 -0.015580 -0.018979 0
-0.483288 -0.065466 0.878341 0.525156 1.248516 0.363906 0.656301 0.492384 0.319502 0
-0.451788 -0.070136 -0.188459 -0.375961 1.015153 -0.546306 0.132978 -0.024306 -0.107056 0
-0.634060 -0.093123 0.273364 0.089210 -2.036428 -0.438451 -0.269371 -0.133081 -0.115132 0
2.985197 0.198302 -0.732573 -0.592616 0.799775 -0.616652 0.252718 -0.152913 -0.340444 0
0.687999 0.025149 1.207908 1.174641 0.326168 -0.640860 0.391492 0.498470 0.527374 0
-0.010350 -0.045209 -0.073802 -0.212861 0.827328 -0.664369 0.215529 -0.089976 -0.117265 0
0.028167 -0.031541 1.061220 0.885196 0.892100 2.102440 0.558428 0.511021 0.437013 0
-0.400896 -0.073644 0.281762 0.060499 0.934569 4.116313 0.057940 -0.098132 -0.120683 0
-0.665568 -0.073593 1.432881 1.088161 0.973574 -0.282406 0.867432 0.875607 0.737142 0
0.908828 -0.003006 -0.998332 -0.751003 1.737178 -0.587916 0.121631 -0.338048 -0.429825 0
-0.349697 -0.063016 -0.133905 -0.329733 -0.098532 -0.675998 0.116397 -0.012232 -0.116165 0
-0.047967 -0.069425 -0.164360 -0.128498 0.507527 -0.394642 -0.113979 -0.135037 -0.141449 0
-0.718501 -0.083542 0.327514 -0.055595 0.584585 -0.488982 0.326329 0.064254 -0.088100 0
-0.731866 -0.092948 0.138305 -0.109920 0.771260 -0.448685 0.314540 0.039169 -0.134035 0
-0.173890 -0.040474 0.303037 0.126987 1.261666 -0.056224 0.630995 0.370841 0.296177 0
0.136429 -0.039615 0.264605 0.041363 0.411658 0.251477 0.167559 -0.016538 -0.163842 0
-0.687517 -0.084129 -0.074324 -0.270665 1.166103 -0.269329 0.556214 0.259122 0.064417 0
0.536989 0.009808 -0.206221 -0.384676 -0.678858 -0.397827 0.069653 -0.142721 -0.209982 0
-0.262780 -0.064324 -0.555930 -0.587676 1.916405 -0.657722 0.385769 -0.044430 -0.281093 0
-0.489446 -0.087773 -0.202782 -0.279839 0.170810 -0.520553 0.256350 -0.078885 -0.264321 0
-0.502206 -0.088469 0.131996 0.119544 0.814960 0.658754 0.200681 0.000471 -0.031888 0
0.818120 -0.005881 -0.761727 -0.631724 1.145745 0.030326 0.014458 -0.214242 -0.303593 0
-0.679162 -0.087971 0.397107 0.129693 0.565925 -0.632385 0.035530 0.152634 0.090001 0
-0.131334 -0.034791 0.692357 0.335091 0.709301 -0.369630 0.457796 0.453953 0.329599 0
4.419902 0.467145 0.451751 0.398049 1.607187 -0.620325 0.477943 0.175990 0.018207 0
-0.273629 -0.065297 0.717732 0.425739 -0.000635 -0.675850 0.327518 0.223010 0.133696 1
0.018631 -0.047539 0.035343 -0.084007 1.156450 1.376377 0.582769 0.272634 0.065868 0
0.903080 0.006219 -0.580918 -0.463689 0.371794 -0.443809 -0.155238 -0.200206 -0.225592 0
-0.116914 -0.058819 0.160739 -0.017758 0.983969 -0.628887 0.297790 0.100002 0.004938 0
-0.080994 -0.013713 1.479547 1.083887 0.808872 0.744276 0.673283 0.689730 0.667537 0
0.933616 0.017457 -0.063579 -0.051830 1.050985 -0.645889 0.509050 0.207120 0.087725 0
-0.127098 -0.054920 0.275796 0.068241 0.924754 -0.359738 0.121016 0.090202 0.050881 0
-0.330722 -0.080075 -0.003135 -0.100702 0.632407 2.408499 0.003539 -0.085204 -0.151614 0
0.052015 -0.042173 -0.274050 -0.400159 -0.016902 -0.318863 0.043388 -0.082549 -0.157763 0
0.064099 -0.062094 -0.503303 -0.433009 1.444335 -0.325078 0.267445 -0.004807 -0.156282 0
-0.416944 -0.071480 0.557702 0.241858 -0.145441 -0.136233 0.677301 0.434211 0.221950 0
-0.782819 -0.095938 0.420186 0.190926 0.400580 0.347057 0.139995 0.116214 0.069187 0
-0.738280 -0.091143 0.348367 0.031834 0.136622 1.943901 0.505354 0.215962 0.022775 0
0.412542 0.001662 0.115592 -0.121748 0.660149 0.450032 0.360324 0.182888 0.069493 0
-0.355221 -0.067070 0.107279 -0.123789 -2.698951 -0.604894 -0.100095 -0.079945 -0.077205 0
0.838713 -0.029468 -0.492255 -0.257947 0.362668 -0.345656 -0.046608 -0.154596 -0.190528 0
0.115129 -0.032391 -0.499841 -0.521515 1.280226 -0.512248 -0.041798 -0.196770 -0.233195 0
4.008103 0.375746 -0.950967 -0.764384 0.642624 0.599239 0.039091 -0.309541 -0.402164 0
0.489568 -0.026248 -0.082555 -0.166858 -0.686154 -0.335583 0.018947 -0.064879 -0.113094 0
-0.363442 -0.068328 0.186438 -0.049040 0.588191 -0.534894 0.349569 0.164466 0.061138 0
-0.315913 -0.041878 2.064564 2.052355 -0.811512 0.294716 0.879569 1.026038 1.092256 0
-0.204614 -0.048288 0.509248 0.155747 0.653899 -0.079282 0.203398 0.127257 0.073336 0
-0.005894 -0.037693 0.485187 0.313267 0.941874 1.877091 -0.043839 0.052743 0.116913 1
-0.079325 -0.056510 -0.244232 -0.385294 -0.369657 -0.340950 -0.106866 -0.216588 -0.254945 0
-0.421899 -0.076574 -0.175105 -0.227330 0.435854 -0.252017 0.060321 -0.071819 -0.100439 1
2.343672 0.104852 -0.829569 -0.617944 0.143427 -0.368257 0.023868 -0.283932 -0.349494 0
-0.842951 -0.085875 1.069297 0.577470 -0.884238 1.306369 -0.196404 -0.015282 0.097553 0
-0.065075 -0.046133 -0.510164 -0.519252 -1.017518 -0.534634 0.392622 -0.144517 -0.333969 0
-0.551327 -0.072582 0.536213 0.112954 1.064961 -0.677537 0.073854 0.051121 -0.010420 1
-0.129741 -0.054023 0.071227 -0.094910 0.465758 -0.300010 0.100855 0.054306 -0.006765 0
-0.302427 -0.051928 1.445484 1.238524 0.221673 -0.487303 0.260397 0.401439 0.462530 0
0.093621 -0.031560 -0.085917 -0.207496 -1.117821 1.106849 0.173989 0.049443 -0.005278 0
-0.475428 -0.075849 0.867250 0.736419 0.389444 -0.677949 0.483246 0.418947 0.309507 0
-0.261301 -0.075557 -0.550359 -0.513064 1.303877 -0.643254 -0.033473 -0.264275 -0.335892 0
-0.313942 -0.078862 -0.187368 -0.274343 0.596689 -0.314551 -0.095002 -0.207901 -0.228561 0
1.370619 0.060782 -0.884295 -0.705287 0.820428 1.521218 0.363216 -0.179667 -0.349937 0
-0.800540 -0.097817 0.694373 0.540806 -0.910129 -0.508354 -0.041501 0.146468 0.185497 0
-0.383739 -0.083756 -0.453579 -0.361185 0.218121 -0.219825 -0.048925 -0.169952 -0.208050 0
-0.282241 -0.082404 -0.399963 -0.381757 -0.127965 2.777850 -0.101894 -0.247553 -0.310784 0
-0.713163 -0.091322 0.326884 0.152358 -0.528007 1.830827 0.170828 0.148039 0.051557 0
0.071846 -0.058228 -0.596405 -0.526158 0.163040 1.013425 -0.150232 -0.313551 -0.327657 0
0.203205 -0.046440 -0.527181 -0.476489 0.292747 1.032047 -0.057626 -0.197944 -0.217785 0
-0.321056 -0.084356 0.192254 0.221790 0.419850 -0.287056 -0.062240 -0.038423 -0.047704 0
-0.617491 -0.097060 -0.543487 -0.526178 0.180297 -0.604762 -0.010179 -0.184973 -0.292058 0
0.873004 -0.007373 -1.005502 -0.771035 0.495132 0.500552 -0.252723 -0.358674 -0.410181 0
-0.339623 -0.076891 0.434636 0.319947 0.050038 -0.542594 0.025404 0.154701 0.094654 0
-0.830559 -0.105684 0.141382 0.219919 -1.796518 -0.677562 -0.528085 -0.274080 -0.119373 0
1.227281 0.052773 0.457692 0.399084 1.172713 -0.406649 0.217293 0.148220 0.173232 0
-0.441161 -0.081189 -0.059959 -0.190385 0.645670 -0.308450 -0.238581 -0.218027 -0.161136 0
-0.262134 -0.061180 0.418208 0.217039 0.078160 -0.646215 0.015659 0.050075 0.081585 0
-0.417723 -0.066888 0.767733 0.423107 -0.131556 -0.446322 0.176885 0.339015 0.264509 0
-0.140971 -0.065970 -0.183960 -0.265236 -1.480242 -0.244892 -0.227700 -0.147073 -0.113217 0
-0.381774 -0.072452 0.079591 -0.102503 0.677888 -0.676194 0.132603 0.064321 0.025755 0
2.238185 0.083527 -0.787432 -0.541194 -0.114009 0.660112 -0.054211 -0.229935 -0.294868 0
-0.582949 -0.080727 0.715668 0.537294 0.294176 -0.563467 0.069775 0.265961 0.297260 0
0.176631 -0.011159 0.899800 0.530886 0.206397 -0.677681 0.214822 0.161548 0.109701 0
-0.883360 -0.111256 -0.345869 -0.208714 0.402137 -0.528586 -0.293829 -0.265558 -0.251411 0
-0.165562 -0.065109 0.710829 0.696209 0.321544 0.468920 0.098443 0.161203 0.189786 0
-0.935748 -0.105449 1.518262 1.612752 0.363153 -0.648710 0.105987 0.190566 0.293623 1
-0.594702 -0.079191 1.628273 1.623762 0.798707 -0.677412 0.325299 0.481206 0.561424 0
-0.003174 -0.071017 -0.682757 -0.564065 0.806908 -0.144321 -0.113510 -0.266684 -0.360266 0
-0.768271 -0.105138 -0.845541 -0.670752 -1.599131 0.984754 -0.579882 -0.526968 -0.481157 0
-0.748734 -0.091132 0.347310 0.055030 0.121119 -0.123958 0.074904 -0.095699 -0.078134 1
-0.650812 -0.086567 0.037248 -0.128511 0.188442 -0.470908 0.014483 -0.105796 -0.117890 0
-0.532654 -0.073496 0.612348 0.333160 0.260793 3.765452 -0.076655 0.151115 0.252575 0
2.709157 0.168018 -0.616686 -0.508554 0.890960 -0.117950 0.047147 -0.179398 -0.221860 0
-0.468819 -0.094210 -0.694446 -0.566815 0.247521 -0.520311 -0.330676 -0.359007 -0.365784 0
0.031186 -0.045611 -0.019856 -0.197756 0.528014 -0.556960 0.018903 -0.070873 -0.134352 0
0.740315 -0.022324 -0.701272 -0.550214 0.262121 -0.172456 -0.316944 -0.350950 -0.331763 0
0.068707 -0.026436 -0.149922 -0.393354 0.046505 -0.009034 0.072604 -0.144037 -0.133506 0
-0.856734 -0.097556 1.206478 1.105040 0.108798 -0.311006 0.312908 0.253560 0.302485 0
0.050776 -0.059969 -0.256798 -0.283636 -0.165426 0.873850 -0.314060 -0.249197 -0.268379 0
-0.069259 -0.070661 -0.615618 -0.553357 -1.605789 0.530071 -0.631130 -0.456798 -0.397317 1
0.174656 -0.044164 -0.456633 -0.492531 -0.031963 1.911509 -0.284271 -0.313969 -0.342004 1
-0.175316 -0.072424 -0.075132 -0.100092 -0.682170 0.313476 -0.118336 -0.095001 -0.133394 0
0.128314 -0.022755 -0.131347 -0.288319 -0.077703 -0.522314 0.461437 0.204406 0.040200 0
-0.138372 -0.035088 0.999741 0.640505 0.341613 5.239404 -0.019122 0.165216 0.310689 0
-0.282044 -0.083446 -0.795720 -0.643593 0.081373 -0.330486 -0.173671 -0.279375 -0.343080 0
-0.912413 -0.103728 0.973208 0.963022 0.287650 0.451961 0.070177 0.095049 0.126688 1
-0.539498 -0.090506 0.906926 0.774650 0.543426 -0.406764 -0.040079 -0.003955 0.002516 0
-0.811498 -0.100754 0.052583 -0.072266 -0.275524 1.234854 0.061979 0.114275 0.038692 0
-0.031378 -0.058879 -0.249705 -0.335901 -0.304682 -0.608182 -0.174536 -0.198282 -0.219186 0
-0.655168 -0.072730 0.720440 0.299131 -0.242897 -0.646635 0.351575 0.145726 0.146382 0
1.732400 0.054731 -0.516076 -0.375993 -0.011099 0.279307 -0.089864 -0.221617 -0.231280 0
-1.148937 -0.118193 -0.334612 -0.195795 -2.316009 -0.460831 -0.247181 -0.324762 -0.328373 0
0.196426 -0.053394 -0.832100 -0.665367 0.625751 0.598546 -0.284238 -0.414994 -0.409980 0
-0.317030 -0.073057 0.104231 -0.050355 -0.922250 1.227099 -0.214294 -0.053836 -0.067450 0
-0.231430 -0.080776 -0.397021 -0.296468 0.659100 0.154724 -0.061318 -0.161907 -0.202893 0
-0.356982 -0.082274 -0.317115 -0.307033 0.210593 -0.282707 -0.176455 -0.250319 -0.255217 0
0.146446 -0.051500 -0.191336 -0.188198 0.840661 -0.322741 0.107670 -0.043016 -0.100350 0
-0.840834 -0.095875 0.892088 0.716066 -0.961632 -0.645194 0.331062 0.263794 0.297693 0
-0.472324 -0.093322 -0.205836 -0.153177 -2.199592 -0.496152 -0.671959 -0.431001 -0.270565 0
0.625204 -0.015258 -0.033247 -0.164303 1.056440 -0.629006 0.159780 -0.070569 -0.214252 1
0.263220 -0.034557 -0.493320 -0.470278 0.822624 -0.671583 -0.011152 -0.147789 -0.201883 0
-0.601809 -0.081648 -0.114786 -0.284365 -0.128390 -0.395043 0.048150 -0.011751 -0.072407 0
-0.282826 -0.072151 0.226129 0.183860 -0.351368 -0.578159 0.091692 0.058758 0.065186 0
0.954502 0.006343 -1.014605 -0.766782 -1.623863 0.638247 0.118838 -0.315236 -0.413205 0
-0.605625 -0.083056 -0.389916 -0.511014 -0.027015 -0.670899 0.003845 -0.290378 -0.333811 0
-0.148854 -0.075412 -0.450373 -0.400546 0.114531 -0.282027 -0.373842 -0.394618 -0.281931 0
-0.648798 -0.097140 -0.291359 -0.334469 0.081654 -0.601991 -0.086016 -0.143215 -0.231209 0
-0.237187 -0.068865 -0.641971 -0.594430 0.721191 -0.655594 -0.120202 -0.334134 -0.369216 1
-0.469812 -0.083505 -0.504887 -0.520465 -0.407464 -0.078218 -0.399170 -0.343162 -0.358970 0
-0.744177 -0.099981 0.442061 0.508636 -1.107504 -0.677947 -0.352697 -0.094129 0.014580 0
-0.192059 -0.088266 -0.940194 -0.661912 -0.841329 0.323565 -0.453916 -0.468652 -0.445501 0
-0.780603 -0.096565 0.209326 0.028134 0.322305 -0.673381 0.046233 -0.169093 -0.147842 0
-0.629999 -0.088909 0.575800 0.402366 -0.744044 2.221381 0.024272 -0.007523 0.003739 0
0.133674 -0.040517 -0.248800 -0.400883 -0.222800 -0.420941 0.012149 -0.201669 -0.274169 0
-0.581832 -0.094502 -0.037007 -0.079348 0.042117 -0.006339 -0.036442 -0.039528 -0.139067 0
0.074778 -0.063773 -0.542253 -0.399489 0.815576 -0.538216 -0.045221 -0.213480 -0.287215 0
1.101060 -0.022635 -1.302067 -0.834341 0.605628 1.563386 -0.300074 -0.473918 -0.487867 0
-0.462632 -0.085889 0.421037 0.422730 0.316868 -0.661008 -0.045912 0.036732 0.089082 0
0.095777 -0.031970 0.054032 -0.178212 -0.028589 -0.451244 -0.363957 -0.211424 -0.175297 0
-0.365767 -0.079779 0.328755 0.298592 0.720926 -0.603418 -0.009124 -0.063651 0.003821 0
-0.812980 -0.106796 0.006217 -0.007861 -0.624397 0.861081 -0.192906 -0.182970 -0.164259 0
-0.265949 -0.083039 -0.304248 -0.277224 0.046611 -0.677730 -0.314841 -0.257501 -0.195566 0
0.058716 -0.058545 -0.659347 -0.595961 -0.627091 1.572339 -0.413466 -0.361210 -0.393645 0
0.054540 -0.037313 -0.058365 -0.284300 0.091760 -0.233938 0.138849 -0.020069 -0.098038 0
-0.141427 -0.069308 -0.350398 -0.402622 -0.900055 3.363371 -0.122647 -0.214732 -0.245292 0
-0.502421 -0.075130 1.067748 0.841510 -0.008140 -0.264363 0.400179 0.407363 0.416989 0
-0.360631 -0.084144 -0.269340 -0.205466 -0.279427 0.133646 -0.102198 -0.140206 -0.147700 0
-0.346361 -0.046281 1.290354 0.939412 -0.073474 3.492923 0.440791 0.445189 0.540234 0
-0.738190 -0.091286 0.426222 0.253009 -0.037431 0.705793 -0.223253 -0.205765 0.029653 0
0.955589 -0.011911 -1.022497 -0.766631 1.448050 -0.674531 -0.110763 -0.414654 -0.480905 0
-0.619586 -0.090543 0.118940 0.040080 -0.313999 -0.677651 -0.131551 -0.112199 -0.038083 0
-0.384603 -0.084092 -0.394627 -0.415770 0.132783 -0.566124 -0.247058 -0.306175 -0.350708 0
-0.105703 -0.051722 1.428055 1.384339 0.868429 -0.653836 0.316073 0.314874 0.276073 0
-0.189265 -0.082749 -1.220329 -0.843222 -0.735591 3.153918 -0.494105 -0.530892 -0.515809 0
-0.262053 -0.080394 -0.279403 -0.211026 -0.156500 -0.636202 -0.344760 -0.280979 -0.209030 0
-1.057257 -0.102120 0.715786 0.296034 0.751751 -0.676787 0.190415 0.089848 0.032277 0
-0.214448 -0.076967 -0.398111 -0.429548 -0.037691 0.639648 -0.333096 -0.245573 -0.280564 0
-0.043692 -0.080273 -0.868772 -0.649193 0.247946 -0.431366 -0.330907 -0.446528 -0.459239 0
-0.798087 -0.102998 0.950495 0.990176 -0.160429 -0.367317 0.034377 0.118861 0.145687 0
0.093151 -0.057095 0.040010 -0.007119 -0.730088 -0.262572 -0.221674 -0.044575 -0.046129 0
-0.854660 -0.105893 -0.116071 -0.098481 -0.809006 0.857128 -0.397894 -0.285001 -0.245619 0
0.100176 -0.061746 -0.701740 -0.601431 -0.031024 0.280187 -0.417601 -0.296329 -0.320565 0
0.134750 -0.044846 -0.410957 -0.434447 0.456695 1.428836 -0.201879 -0.293498 -0.310607 0
-0.045308 -0.050454 0.115696 -0.083016 -1.277311 -0.552603 -0.031005 -0.017731 -0.034415 0
-0.184790 -0.084245 -0.926785 -0.658169 0.186810 -0.377061 -0.281181 -0.358333 -0.399216 0
0.338009 -0.064012 -1.118105 -0.760656 0.348355 1.405801 -0.379504 -0.527380 -0.481940 0
-0.191481 -0.061984 -0.158492 -0.223980 -0.010339 -0.677942 -0.102851 -0.105579 -0.096691 0
0.219522 -0.025181 -0.069568 -0.274335 0.388259 -0.374199 0.042308 -0.141926 -0.214495 1
-0.609293 -0.080362 1.034525 0.695099 0.359975 -0.677410 0.368371 0.427920 0.363791 0
0.006523 -0.051638 0.022781 -0.151062 0.029562 -0.173214 -0.374630 -0.244211 -0.180911 0
0.703155 -0.022035 -0.945683 -0.740343 0.864244 -0.135647 -0.048709 -0.370076 -0.439913 0
-0.272944 -0.086649 -0.582018 -0.378853 0.193029 -0.504680 -0.294090 -0.279407 -0.286965 0
1.235346 0.039516 -0.326678 -0.256945 -0.932460 -0.660258 0.086788 -0.035700 -0.106948 0
-0.478787 -0.086523 0.882912 0.846189 -0.837130 -0.675229 0.137127 0.179954 0.130233 0
-0.514703 -0.087301 -0.330580 -0.393997 -0.922119 2.479335 -0.527665 -0.358960 -0.340155 0
1.734683 0.041601 -0.894485 -0.663823 0.358797 -0.396658 -0.356201 -0.367106 -0.376922 0
-0.695046 -0.101956 -0.066243 -0.150516 -0.224485 -0.662684 -0.360563 -0.235438 -0.304946 0
-0.884351 -0.106432 -0.068504 -0.183896 0.442370 -0.275246 -0.134046 -0.127243 -0.203074 0
-0.601377 -0.098359 -0.839451 -0.668415 0.340279 -0.191139 -0.343974 -0.416166 -0.409858 0
-0.041017 -0.070461 -0.680871 -0.587368 -0.225682 -0.602788 -0.409087 -0.502136 -0.460725 0
0.397788 -0.034708 -0.544093 -0.404944 0.246008 0.299287 -0.257268 -0.285479 -0.232589 0
-0.680874 -0.090688 0.510174 0.453566 -1.432492 -0.128208 0.150290 0.087699 0.051655 0
-0.924935 -0.117579 -1.386365 -0.831646 -1.775832 -0.603110 -0.900206 -0.651783 -0.520167 0
0.063559 -0.043153 -0.073768 -0.214969 0.087237 -0.677788 -0.227159 -0.216298 -0.140626 0
-0.412071 -0.073293 -0.218336 -0.298729 0.324008 -0.415915 -0.149914 -0.058672 -0.059785 0
-0.150846 -0.064566 -0.074315 -0.152657 0.407678 -0.650046 -0.088557 -0.120927 -0.113272 0
-0.676759 -0.090397 0.084668 -0.143726 0.274102 -0.518258 -0.364457 -0.268639 -0.209061 0
-0.378222 -0.089861 -0.553981 -0.446105 -1.154037 0.490663 -0.545332 -0.351554 -0.277254 1
5.374681 0.381479 -1.004626 -0.663782 -0.669830 -0.252953 -0.428265 -0.522869 -0.509209 0
-0.099566 -0.066117 -0.537961 -0.514379 0.264421 -0.272546 -0.087035 -0.270330 -0.351043 0
-0.165358 -0.049595 0.327014 0.110963 0.911210 -0.620082 -0.071958 -0.082615 -0.010273 0
-0.761013 -0.099534 0.614022 0.656379 -0.386975 -0.677939 -0.046029 0.040750 0.065668 0
-0.083797 -0.058446 0.340019 0.220225 0.343943 -0.330955 -0.009726 0.078569 0.125514 0
-0.342132 -0.076491 -0.072218 -0.154020 -0.088716 -0.647395 -0.200008 -0.160990 -0.119317 0
4.774762 0.313703 -0.941294 -0.603277 -0.041223 -0.438164 -0.324749 -0.361709 -0.337035 0
-0.770798 -0.103904 0.133286 0.095714 -0.029046 -0.641296 -0.154335 -0.085210 -0.077945 0
-0.016380 -0.057578 0.221478 0.206208 -0.470013 0.952609 -0.127639 -0.083749 -0.027697 0
0.242135 -0.046405 -0.069119 -0.166540 -0.640803 -0.651171 -0.253078 -0.195777 -0.223633 0
-0.615499 -0.108596 -0.809333 -0.518746 -2.078592 -0.369786 -0.847644 -0.579142 -0.475895 0
0.228988 -0.046403 -0.437147 -0.386321 0.099760 -0.596866 -0.256577 -0.157417 -0.129027 0
-0.204733 -0.065211 -0.122462 -0.231233 -1.321745 -0.601573 -0.301150 -0.141761 -0.089623 1
0.314611 -0.020189 -0.290345 -0.404730 0.479698 -0.521226 -0.380733 -0.297203 -0.260997 0
0.440613 0.009768 0.538579 0.310063 -0.123608 -0.089111 0.052981 0.052451 0.065826 0
-0.731130 -0.104251 -0.279492 -0.192917 0.024781 0.170708 -0.309317 -0.194286 -0.165730 0
-0.763519 -0.096707 0.680574 0.522709 -0.512810 0.350618 -0.045325 -0.066036 -0.032557 0
-0.059711 -0.062809 -0.347665 -0.294412 0.280884 -0.169539 -0.226177 -0.206458 -0.172320 0
-0.545954 -0.077041 0.892034 0.752687 0.037164 -0.265458 0.317317 0.350098 0.359993 0
0.231429 -0.055082 -0.794200 -0.631131 -1.052455 -0.675505 -0.758607 -0.531438 -0.401946 0
0.286508 -0.052643 -0.411925 -0.338881 0.417561 -0.677946 -0.239147 -0.253073 -0.213373 0
0.189741 -0.042380 -0.366040 -0.362057 0.415604 -0.321188 -0.301306 -0.261585 -0.227405 0
-0.885442 -0.113554 -0.732031 -0.452546 -1.161044 -0.554832 -0.500572 -0.374653 -0.323170 0
-0.261291 -0.075284 -0.548942 -0.549845 -0.140200 -0.218876 -0.187554 -0.266318 -0.331431 0
0.115695 -0.072964 -0.862403 -0.614946 -0.223632 -0.147040 -0.603390 -0.514944 -0.415154 0
-0.299371 -0.074677 -0.691697 -0.598265 -0.078819 -0.654068 -0.485058 -0.423633 -0.340300 1
0.512712 -0.033153 -0.669385 -0.539596 -0.474615 -0.268113 -0.451931 -0.442661 -0.378943 0
0.042551 -0.064310 -0.567685 -0.444211 -0.264197 -0.255836 -0.413427 -0.293647 -0.280153 0
0.238219 -0.067391 -1.056687 -0.739469 -1.402026 -0.604721 -0.523327 -0.524187 -0.490247 0
0.412222 -0.024815 0.148121 -0.025398 -1.361851 -0.235489 -0.063775 -0.138333 -0.064725 0
0.698790 -0.029720 -0.947738 -0.692091 -0.094985 -0.005371 -0.194412 -0.436706 -0.460409 0
0.151341 -0.045433 -0.505677 -0.514468 0.001730 -0.143310 -0.100602 -0.246632 -0.304436 0
0.171184 -0.045429 -0.673988 -0.639499 -0.638817 0.244825 -0.370956 -0.380430 -0.380615 0
-0.397871 -0.083209 0.481409 0.281697 -0.487814 -0.271524 -0.327513 -0.138636 -0.089007 0
-0.748871 -0.095279 -0.042378 -0.257795 -0.378866 -0.563432 -0.123730 -0.099372 -0.176013 1
-0.358309 -0.079931 -0.370284 -0.363087 0.014773 -0.594889 -0.311652 -0.310859 -0.237370 0
-0.855439 -0.103249 -0.003546 -0.174346 -1.971727 2.085692 -0.439470 -0.393268 -0.335561 0
0.429899 -0.047418 -1.142593 -0.804553 -0.643533 3.004511 -0.668923 -0.555722 -0.471772 0
0.763578 -0.043264 -1.156413 -0.750592 0.096908 -0.544543 -0.371043 -0.446100 -0.443573 0
-0.241320 -0.060708 0.384378 0.085474 -0.858609 -0.484126 -0.144981 -0.054903 -0.032429 0
-0.625686 -0.101060 -0.812928 -0.637644 -1.274325 -0.677949 -0.671499 -0.544091 -0.479147 0
-0.827513 -0.107129 0.023297 -0.053826 0.083340 0.348925 -0.336250 -0.267625 -0.245848 0
-0.432911 -0.097122 -0.738716 -0.467465 -0.057149 -0.666181 -0.268975 -0.299657 -0.292061 0
0.016161 -0.060904 -0.422188 -0.474401 0.234040 1.178245 -0.315695 -0.288956 -0.300555 0
0.324556 -0.044410 -0.827094 -0.661259 -0.572905 0.487477 -0.421381 -0.424308 -0.410086 0
6.365543 0.467485 -1.468859 -0.904677 0.065640 -0.575271 -0.464050 -0.562438 -0.544568 0
-0.055310 -0.070602 -0.360147 -0.283285 -0.361624 -0.580926 -0.409410 -0.278933 -0.218384 0
1.249508 0.014054 -0.378509 -0.217509 -0.198527 0.013486 -0.303628 -0.289002 -0.212203 0
-0.437016 -0.092950 -0.450203 -0.379415 -0.405759 -0.624987 -0.558021 -0.450166 -0.349436 0
-0.449116 -0.089003 -0.147472 -0.233957 -0.024751 -0.539148 -0.189373 -0.189179 -0.241268 0
0.063616 -0.041509 0.095040 -0.022338 0.788551 -0.288714 0.115596 0.081618 0.052024 0
-0.498254 -0.082489 0.221902 0.011476 -1.418422 -0.568699 -0.052265 -0.130099 -0.041464 0
-0.278101 -0.093565 -1.138543 -0.791668 -0.624872 -0.267543 -0.226576 -0.363770 -0.452064 0
-0.787408 -0.102891 -0.301267 -0.304048 -0.380869 -0.305853 -0.597550 -0.376626 -0.317927 0
-0.322740 -0.089224 -0.448107 -0.334802 0.276124 -0.593849 -0.294230 -0.321147 -0.308893 1
-0.441516 -0.095073 -0.651601 -0.441887 0.190848 -0.313266 -0.147214 -0.192087 -0.230994 0
-0.843525 -0.103370 0.118274 0.054294 0.053218 -0.603436 -0.021716 -0.029941 -0.110951 0
0.429734 -0.001618 -0.205649 -0.326369 -0.732122 0.017004 -0.129310 -0.231206 -0.256219 0
0.465298 -0.039070 -0.809797 -0.661024 0.356827 -0.677939 -0.290991 -0.442499 -0.421694 0
0.064081 -0.067006 -0.752866 -0.565117 0.244116 -0.611336 -0.520164 -0.429294 -0.351979 0
-0.801063 -0.101233 -0.269667 -0.291490 -0.146121 1.174136 -0.415589 -0.306558 -0.247936 0
0.187328 -0.048118 -0.088328 -0.195157 -1.455602 -0.353752 -0.502084 -0.333301 -0.203285 0
-0.477245 -0.099188 -0.984372 -0.647202 -0.088527 -0.508375 -0.336473 -0.419372 -0.418157 0
-0.321619 -0.081298 0.178534 0.082519 -0.450717 0.098103 -0.275000 -0.213175 -0.146046 0
-0.650012 -0.082643 -0.147306 -0.280105 0.525370 1.117287 -0.110038 -0.204553 -0.087349 0
-0.647153 -0.096704 0.311027 0.111912 -0.196223 -0.667595 -0.440513 -0.354068 -0.266025 0
2.239060 0.102030 -0.773110 -0.580897 0.448958 -0.664763 -0.313503 -0.335827 -0.333408 0
-0.780217 -0.092940 0.231760 -0.018317 -0.275093 -0.667731 -0.227329 -0.163216 -0.110247 0
-0.598281 -0.091300 -0.312308 -0.391381 -0.116439 -0.677933 -0.174681 -0.183311 -0.249002 0
4.970443 0.327903 -1.294023 -0.837940 -1.133766 -0.677878 -0.535480 -0.559684 -0.542245 0
0.084141 -0.068915 -0.878657 -0.636370 -0.539476 -0.663637 -0.505831 -0.471238 -0.401179 0
-0.764364 -0.103450 0.613263 0.534935 -0.054292 -0.377602 -0.331419 -0.196799 -0.075386 0
-0.135319 -0.080105 -0.505671 -0.460902 0.017532 0.176095 -0.315921 -0.339702 -0.349973 0
0.517393 -0.056906 -0.577277 -0.411458 0.386667 -0.534100 -0.499986 -0.425499 -0.390943 0
-0.262503 -0.085501 -0.836661 -0.629590 -0.071086 -0.272479 -0.472195 -0.511948 -0.444449 0
-0.072894 -0.059076 -0.093491 -0.252505 -0.039923 -0.150368 -0.402083 -0.345666 -0.293341 0
0.296361 -0.056419 -0.825270 -0.652887 -0.205639 -0.664635 -0.507178 -0.488104 -0.449150 0
-0.616649 -0.102514 -0.343166 -0.225245 -0.081895 -0.356633 -0.473620 -0.354375 -0.298618 0
0.491690 -0.049786 -0.732008 -0.529771 -1.420042 -0.196351 -0.216774 -0.280169 -0.334116 0
0.058936 -0.049722 1.136498 1.175146 -1.750975 0.384068 0.023176 0.235641 0.336045 0
-0.687433 -0.088870 -0.036436 -0.235833 -1.603326 0.881162 -0.117075 -0.176745 -0.218825 0
-0.386672 -0.094312 -0.587284 -0.465693 -1.355262 -0.657373 -0.685766 -0.533547 -0.437171 0
-0.365266 -0.086082 -0.493910 -0.435771 -0.017566 0.180991 -0.312147 -0.266429 -0.274608 0
0.001136 -0.063913 -0.466444 -0.382295 -0.535955 -0.366526 -0.512138 -0.375902 -0.291043 0
0.103548 -0.065121 -0.966921 -0.691648 -0.220093 0.468756 -0.491024 -0.430284 -0.399922 0
-0.544021 -0.090961 -0.218737 -0.150956 -0.065391 -0.590687 -0.273616 -0.233034 -0.143740 0
-1.170825 -0.118994 -0.474989 -0.392780 -0.378915 -0.330928 -0.420593 -0.345698 -0.325909 0
-0.564349 -0.101564 -0.523049 -0.360731 -0.675541 -0.653696 -0.510496 -0.343588 -0.313208 0
0.288933 -0.052856 -0.803214 -0.659326 1.152196 -0.097884 0.004445 -0.332239 -0.448235 1
-0.870550 -0.110636 -0.002670 0.084326 0.208606 -0.547224 -0.242452 -0.278586 -0.264995 0
-0.328377 -0.086242 -0.642859 -0.513502 -0.424865 -0.546237 -0.431218 -0.376790 -0.345502 0
1.189078 0.013007 -0.666983 -0.503524 -0.675652 -0.541652 -0.533603 -0.353840 -0.247283 0
0.633586 -0.014866 -0.973655 -0.760846 1.106600 1.080506 0.081189 -0.383594 -0.462813 0
-0.667877 -0.104401 -0.160448 -0.027780 -1.766059 -0.189956 -0.663932 -0.354450 -0.216674 0
-0.554502 -0.092012 -0.470269 -0.384361 -0.851457 -0.666614 -0.446716 -0.248430 -0.187707 0
-0.986487 -0.115346 -0.523680 -0.367359 -0.384210 -0.607641 -0.633040 -0.474657 -0.412994 0
-0.378151 -0.088480 -0.607130 -0.528308 -0.354453 -0.495516 -0.491382 -0.364230 -0.337668 0
-0.445082 -0.082193 -0.189256 -0.318320 -0.589303 -0.456342 -0.251534 -0.241591 -0.200477 0
-0.633094 -0.099441 0.118838 0.103723 -0.623638 -0.209759 -0.446498 -0.230678 -0.172996 0
0.152404 -0.044493 -0.607284 -0.579742 -0.597320 -0.182568 -0.697453 -0.502966 -0.427917 0
-0.140185 -0.062589 -0.273303 -0.296382 -0.185286 -0.075631 -0.241595 -0.250671 -0.178734 0
-0.474261 -0.098524 -0.856184 -0.581589 -0.895252 -0.658774 -0.659854 -0.518906 -0.430310 0
-0.086228 -0.073184 -0.332746 -0.244169 -0.053770 -0.576972 -0.295961 -0.201405 -0.156247 0
0.083180 -0.058971 -0.386952 -0.396693 -1.600255 -0.662796 -0.648041 -0.449761 -0.362929 0
-0.066568 -0.066243 -0.404761 -0.300334 -1.333979 -0.230995 -0.388373 -0.242464 -0.154679 0
0.080735 -0.060013 -0.516332 -0.486916 -0.238571 0.887462 -0.475186 -0.409821 -0.297855 0
-0.871294 -0.110124 -0.367115 -0.259408 -0.329199 -0.629574 -0.397431 -0.304718 -0.251480 0
0.195297 -0.064506 -0.923803 -0.682637 -0.606331 0.389277 -0.401889 -0.516110 -0.458313 0
0.499081 -0.018657 -0.435655 -0.493352 -0.332066 -0.580758 -0.652250 -0.390567 -0.296120 0
0.010152 -0.051064 0.311857 0.218614 0.137347 -0.673002 -0.373740 -0.137656 0.015031 0
-0.427471 -0.091505 -0.745800 -0.583573 -0.745165 -0.671674 -0.601161 -0.425268 -0.379946 0
-0.403671 -0.093832 -0.648281 -0.503686 -0.373943 0.874506 -0.582812 -0.471689 -0.373264 0
-0.278870 -0.065459 -0.369853 -0.448799 -0.242303 -0.567893 -0.350425 -0.251302 -0.253886 0
-0.040443 -0.048772 0.731623 0.690940 0.314185 0.197222 0.119922 0.264656 0.342210 0
-0.321286 -0.075446 -0.241000 -0.285844 -0.515438 0.085725 -0.579710 -0.401734 -0.282795 0
-0.104747 -0.068919 -0.378402 -0.332965 -0.225719 0.277280 -0.300244 -0.238913 -0.204471 1
-0.328221 -0.084128 -0.108807 -0.200849 -0.266035 2.845697 -0.284740 -0.170804 -0.212090 0
-0.409978 -0.093589 -0.823673 -0.638816 0.150949 -0.611906 -0.430475 -0.444572 -0.434887 1
-0.406136 -0.089457 -0.832937 -0.646304 -0.208729 -0.087266 -0.414462 -0.410112 -0.381435 0
-0.769811 -0.106098 -0.570012 -0.459337 0.196115 -0.677357 -0.390742 -0.337680 -0.316815 0
-0.818713 -0.102351 0.494948 0.423250 -0.106873 -0.677687 -0.163372 -0.061932 -0.023523 0
-0.536035 -0.100679 -0.762491 -0.523108 -0.707398 4.917076 -0.680329 -0.522238 -0.423636 0
-0.508130 -0.096586 -0.733636 -0.597297 -0.248875 -0.294272 -0.333834 -0.427145 -0.405106 0
-0.447765 -0.086241 0.401843 0.463298 -0.223414 0.086062 -0.188324 -0.088708 0.040159 0
-0.606167 -0.092291 -0.107033 -0.198241 -0.382754 -0.595555 -0.371018 -0.196464 -0.120792 0
-0.409155 -0.081254 -0.345977 -0.404617 -0.665821 -0.640736 -0.514327 -0.426653 -0.370977 0
-0.561235 -0.096968 -0.327505 -0.350885 -1.394846 -0.596607 -0.671249 -0.464849 -0.396691 0
-0.470871 -0.077818 0.169116 -0.011133 -0.144279 0.099939 -0.235779 -0.055084 -0.004357 0
-0.356074 -0.085736 -0.678502 -0.548137 -1.253512 1.109398 -0.472926 -0.414555 -0.345480 0
0.536621 -0.047893 -0.678674 -0.569653 -1.082221 0.681183 -0.478529 -0.372894 -0.392541 0
-0.951802 -0.111467 0.591812 0.736571 -0.768732 0.925522 -0.275197 -0.155813 -0.045635 0
-0.109688 -0.067168 -0.313945 -0.368727 -0.314296 1.379102 -0.496506 -0.361656 -0.272516 0
-0.691445 -0.107248 -0.626780 -0.418996 -0.560393 0.070748 -0.627466 -0.433761 -0.367205 0
-0.403821 -0.088361 -0.603729 -0.532059 -1.955280 -0.399588 -0.362477 -0.447785 -0.389570 0
-0.349439 -0.081474 -0.520198 -0.466212 -0.146850 -0.564988 -0.370682 -0.315376 -0.267682 0
0.121325 -0.057672 -0.743740 -0.627340 -0.220004 -0.089465 -0.502360 -0.393148 -0.323323 0
-0.493113 -0.100134 -1.173239 -0.800023 -0.406085 -0.662706 -0.686920 -0.643432 -0.564589 0
-0.186718 -0.070866 -0.204752 -0.203144 -0.059867 -0.587074 -0.339333 -0.126700 -0.050480 0
0.252789 -0.075954 -1.073128 -0.713536 -1.581228 -0.630971 -0.662454 -0.516137 -0.456107 0
-0.393964 -0.075265 -0.343211 -0.445699 -0.207251 -0.666173 -0.473887 -0.324818 -0.272729 0
-0.510881 -0.082571 0.610509 0.367462 -1.098700 0.210241 -0.287658 -0.134414 -0.062533 0
-0.127367 -0.069906 0.286988 0.179743 -0.257393 0.940256 -0.346452 -0.205349 -0.138755 0
0.106037 -0.042654 -0.420317 -0.444271 -0.166661 -0.623614 -0.080071 -0.137774 -0.148825 0
-0.970021 -0.115482 -0.275587 -0.116328 -0.295246 1.495652 -0.404113 -0.245096 -0.190098 0
-0.255191 -0.081924 -0.165738 -0.080518 -0.865395 -0.675650 -0.388966 -0.234849 -0.172161 0
-0.880632 -0.111530 -1.010213 -0.716609 -0.023839 -0.654978 -0.616008 -0.527580 -0.476225 0
-0.015741 -0.071253 -0.681946 -0.523707 -0.629739 -0.653487 -0.594310 -0.482310 -0.381462 0
0.344456 -0.027589 -0.485276 -0.515724 -0.415523 -0.516843 -0.379717 -0.304176 -0.276242 0
-0.949959 -0.111842 -0.398351 -0.252485 -0.749688 -0.567184 -0.564425 -0.430104 -0.329318 1
-0.150947 -0.050069 -0.381568 -0.525313 -1.385840 0.594723 0.188044 -0.115681 -0.306317 0
-0.351688 -0.082051 -0.339834 -0.415168 -0.316066 -0.597762 -0.667508 -0.439867 -0.347303 0
-0.596934 -0.097736 -0.391781 -0.356253 -1.245553 -0.605648 -0.622165 -0.360255 -0.236560 0
-0.054883 -0.072781 -1.028113 -0.763822 -0.694825 -0.612737 -0.579123 -0.547947 -0.517895 0
0.340346 -0.019480 0.694817 0.485201 -0.798346 -0.401521 -0.144127 0.086690 0.180152 0
4.954954 0.331344 -1.370791 -0.866179 -0.600389 -0.240988 -0.694787 -0.594734 -0.532810 0
-0.568649 -0.080598 0.164411 -0.075448 -0.458836 -0.583279 -0.203379 -0.125665 -0.040387 1
0.331576 -0.042156 -0.431807 -0.337513 -0.627249 -0.593382 -0.685560 -0.429195 -0.281676 0
0.629840 -0.038419 -0.647274 -0.536048 -1.591748 -0.671928 -0.275794 -0.296251 -0.296596 0
0.135607 -0.051694 -0.536646 -0.454824 -1.285425 -0.440532 -0.386379 -0.359239 -0.274184 0
0.181478 -0.065618 -0.645146 -0.495431 -0.639106 -0.560720 -0.528109 -0.446831 -0.380021 0
0.131946 -0.018340 0.313845 -0.005162 -0.138249 -0.647979 -0.318346 -0.050079 0.075899 0
0.531236 -0.022572 0.144455 0.097834 -0.193869 -0.417761 -0.165163 -0.073920 -0.027345 0
-0.856273 -0.105108 -0.296624 -0.388413 -0.395633 -0.652829 -0.519542 -0.442047 -0.391138 0
0.484028 -0.018085 -0.419498 -0.384166 -0.102441 -0.032109 -0.455469 -0.300780 -0.200708 0
0.149637 -0.041632 0.511747 0.323667 -0.399950 -0.607851 -0.149559 -0.016201 0.093663 0
-0.104813 -0.058640 0.140708 -0.039300 -0.557735 -0.285763 -0.439190 -0.140209 -0.025896 0
-0.498955 -0.092610 -0.278506 -0.136512 -0.762841 0.066786 -0.759652 -0.475778 -0.286047 0
0.063768 -0.052203 -0.675393 -0.582116 -0.678973 -0.205075 -0.475749 -0.333594 -0.262788 0
-0.260531 -0.090431 -0.512782 -0.380746 -0.560978 -0.677950 -0.646161 -0.490501 -0.373064 0
-0.599137 -0.104593 -0.713740 -0.469553 -0.652114 3.018345 -0.574085 -0.410989 -0.352576 1
0.032807 -0.070312 -0.651286 -0.504639 -1.076361 -0.159027 -0.631556 -0.407473 -0.307224 0
-0.670642 -0.104882 -0.688776 -0.560831 -0.805911 -0.513905 -0.658260 -0.487801 -0.438244 0
-0.288804 -0.086647 -0.799223 -0.539619 -0.090892 -0.677918 -0.492617 -0.434631 -0.345779 0
-0.203111 -0.061750 -0.273800 -0.373277 -0.351224 -0.390084 -0.316545 -0.155838 -0.196789 0
-0.373111 -0.089929 -0.225726 -0.162163 -0.466365 -0.223375 -0.362441 -0.212896 -0.163651 0
-0.430316 -0.089798 -0.349619 -0.332697 -0.691767 -0.258583 -0.631093 -0.394699 -0.289163 1
-0.684367 -0.102870 0.293237 0.218361 -0.737284 -0.669316 -0.416110 -0.249065 -0.183922 0
-0.485786 -0.094712 -0.228536 -0.155515 -1.513087 -0.663211 -0.242678 -0.151050 -0.158711 0
-0.303467 -0.083572 -0.236117 -0.305937 -0.153164 -0.388667 -0.378452 -0.238307 -0.228863 0
0.499863 -0.042837 -0.709947 -0.585566 -0.889144 1.021083 -0.536028 -0.486721 -0.421322 0
2.584788 0.161937 -0.866360 -0.668873 0.288045 1.422281 -0.007862 -0.366541 -0.372674 0
-0.697103 -0.097519 0.288439 0.171902 -0.943939 -0.667027 -0.365307 -0.143236 -0.064032 0
-0.724730 -0.108592 -0.896004 -0.604059 -0.731818 0.400995 -0.404308 -0.333002 -0.341224 0
-0.539413 -0.090868 0.109694 0.044997 -0.447797 -0.637730 -0.496600 -0.220577 -0.077574 0
0.101066 -0.058541 0.096124 0.089154 -0.994599 -0.493989 -0.328360 -0.193376 -0.097809 0
-0.372497 -0.085930 -0.533767 -0.502751 -0.283316 -0.632806 -0.415188 -0.388124 -0.370280 0
0.158169 -0.070959 -1.114694 -0.768668 -0.128817 -0.675811 -0.740221 -0.593383 -0.506803 0
0.314876 -0.049394 0.048336 -0.004881 -1.184496 -0.456902 -0.521703 -0.282805 -0.190655 0
-0.963828 -0.110016 -0.421383 -0.330736 -0.095697 -0.273041 -0.570845 -0.537295 -0.406794 0
-0.375090 -0.093205 -0.370426 -0.306497 -0.809264 -0.321793 -0.415804 -0.449326 -0.367739 0
-0.264418 -0.077608 -0.794850 -0.656274 -0.152413 0.647780 -0.692112 -0.510777 -0.417998 0
-0.843053 -0.102523 0.147311 -0.050040 -0.187377 -0.563666 -0.363195 -0.265117 -0.206681 0
-0.815906 -0.107332 -0.303518 -0.205052 -0.796944 -0.143936 -0.470923 -0.299627 -0.238020 0
-1.109415 -0.120334 -0.678057 -0.296015 -0.357040 0.164546 -0.473478 -0.333994 -0.276427 0
1.110278 -0.001352 -0.846294 -0.619276 -0.831701 1.571661 -0.306685 -0.313580 -0.301747 0
-0.214887 -0.077628 -0.645366 -0.552907 -0.555441 -0.617944 -0.380293 -0.428301 -0.362175 0
-0.460111 -0.086051 -0.315048 -0.343803 -0.963881 -0.417524 -0.562912 -0.352736 -0.234978 0
0.249127 -0.019720 -0.058521 -0.217081 -0.418799 0.867473 -0.348250 -0.122990 -0.017469 0
-0.465349 -0.091189 -0.744910 -0.632457 -0.597896 -0.368093 -0.612038 -0.456011 -0.419443 0
-0.149706 -0.080026 -0.754806 -0.618946 -0.612132 0.372460 -0.760979 -0.562654 -0.456720 0
3.530710 0.132184 -1.417079 -0.875558 -0.867476 -0.668036 -0.814712 -0.694822 -0.589943 0
-0.376756 -0.089676 0.207828 0.313736 -0.928293 -0.663370 -0.499684 -0.276096 -0.136760 0
-0.533341 -0.099889 -0.655411 -0.484038 -0.610349 -0.422140 -0.719555 -0.508695 -0.427347 0
0.341843 -0.041263 -0.326172 -0.291528 -0.995303 -0.652651 -0.560475 -0.448585 -0.278073 0
0.884301 0.008756 -0.515757 -0.518858 -0.655656 -0.075027 0.145445 -0.147681 -0.258168 0
-0.155377 -0.071420 -0.679254 -0.611217 -0.226155 0.163574 -0.481853 -0.394836 -0.387557 0
-0.037486 -0.055327 -0.331604 -0.356062 -1.374528 -0.443406 -0.133188 -0.346418 -0.293935 0
-0.862063 -0.101752 -0.475362 -0.484157 0.523260 -0.536147 0.004858 -0.248509 -0.355650 0
-0.788497 -0.108500 -0.752296 -0.539175 -0.749629 -0.621224 -0.663159 -0.478349 -0.412379 0
-0.080122 -0.079597 -0.095942 0.008326 -1.170992 -0.517226 -0.391783 -0.339749 -0.247671 0
0.307877 -0.046152 -0.748496 -0.642640 0.367416 0.617957 -0.459218 -0.446276 -0.390077 0
-0.192430 -0.075075 -0.536987 -0.520546 -0.599731 -0.396748 -0.614413 -0.404726 -0.327526 0
4.071994 0.198765 -1.451780 -0.890647 -1.032396 2.602692 -0.735322 -0.646933 -0.573691 0
-0.261314 -0.070421 -0.105457 -0.237413 -0.844585 -0.675514 -0.638536 -0.325554 -0.186131 0
-0.525023 -0.087272 0.129557 -0.055989 -1.622823 -0.663980 -0.325459 -0.164508 -0.070771 0
0.114487 -0.053514 -0.638665 -0.599958 -0.451100 -0.632048 -0.422227 -0.358485 -0.326454 0
-0.033638 -0.073710 -1.038578 -0.767545 -0.805031 -0.304544 -0.707622 -0.540817 -0.500583 0
