1.313763 11.711168 6.846683 9.009335 8.165549 3.462603 12.682809 14.436322 15.090025 0
0.523651 5.280128 6.651386 8.724196 6.878896 -0.544518 9.334172 10.135924 9.974693 0
3.180194 10.092123 3.443990 3.169282 3.105408 -0.511170 3.862706 4.464761 4.519157 0
2.573453 6.076119 2.394928 1.778092 4.326504 0.322223 3.870724 3.265135 2.710240 0
0.931713 1.479674 2.413046 2.153688 3.199912 -0.028468 2.506932 2.253994 1.889152 0
-0.288856 0.573273 3.171847 3.121597 3.374825 -0.675851 3.032618 2.848118 2.528061 0
1.309955 2.978403 2.890713 2.547140 5.272161 0.827578 4.184630 3.385946 2.677131 0
0.268901 1.128344 2.068733 1.444632 3.459166 -0.693670 2.547777 2.142103 1.745083 0
0.801197 2.618007 2.902885 2.290246 2.940113 -0.435845 3.850219 3.449685 2.980787 0
1.260491 1.557192 2.283726 1.853585 0.992051 -0.683143 1.068095 1.205948 1.089415 0
0.888888 1.218610 2.732643 2.625192 1.663054 3.161515 1.527072 1.473744 1.460964 0
3.369678 3.255585 2.471742 2.685561 1.906466 1.108135 1.617509 1.461688 1.441324 0
0.239734 0.719701 2.558202 2.206067 2.856500 -0.551419 2.373044 1.936510 1.577016 0
-0.637701 0.032094 2.848664 3.070563 1.492851 -0.681665 1.331214 1.428093 1.415218 0
0.021103 0.464190 2.413980 2.175454 2.490786 -0.693936 1.870035 1.675938 1.387748 0
-1.575939 -0.487773 3.165617 3.830923 0.607624 -0.686351 0.503161 0.727608 0.806038 1
-0.341412 0.052236 2.053856 1.735015 1.104501 -0.542001 0.788448 0.776603 0.754363 0
2.542024 5.058744 2.121952 1.303198 2.351991 -0.606546 2.495244 1.955186 1.580005 0
-0.524197 0.073127 1.758465 1.221745 3.263475 -0.352966 2.286956 1.580570 0.975931 0
-0.095186 0.575688 2.578792 2.034490 1.423958 -0.692785 1.738929 1.544165 1.470146 0
-1.667966 -0.533964 2.866505 3.555118 1.093129 -0.692972 0.595793 0.646265 0.671637 1
0.698758 1.125715 2.159290 1.753682 1.649872 0.149149 1.556251 1.145476 0.751734 0
1.280124 1.566764 2.019130 1.525146 1.615560 -0.446817 0.900320 0.856861 0.936904 0
-1.488903 -0.386375 2.758240 2.434754 1.164344 -0.372080 0.733464 0.830249 0.774821 1
-1.644914 -0.534432 2.450202 2.807551 0.582174 -0.154915 0.466012 0.589011 0.667659 1
-0.208471 -0.061111 1.606355 1.360327 1.656537 -0.056368 1.038873 0.955340 0.710080 0
-0.933085 -0.338605 1.851442 1.782359 0.980428 -0.555244 0.648596 0.706564 0.655584 0
3.667942 12.192973 2.525483 1.670433 2.649036 -0.607500 4.668267 4.098413 3.366079 0
-0.195514 -0.058376 1.723606 1.637138 1.303406 -0.630376 0.935862 0.807858 0.653140 0
-0.787939 -0.298688 1.593877 1.372377 0.698379 -0.192258 0.506190 0.620180 0.503835 0
-0.033681 0.176214 1.845355 1.595638 1.432904 0.158032 1.029396 0.906998 0.811653 0
0.438992 0.685917 2.093342 1.672651 1.718678 -0.693310 1.466616 1.294846 1.036138 0
-0.322697 -0.025267 2.468996 2.614339 0.821236 -0.318015 0.963354 0.877623 0.897768 0
0.759160 1.377081 1.591181 0.840111 2.983683 -0.468486 2.406758 1.721087 1.179063 0
-1.140744 -0.384355 2.243491 2.536990 0.236825 -0.318703 0.419050 0.627644 0.753739 0
0.175790 0.618392 1.954280 1.506329 2.040437 -0.462053 1.458693 1.245462 1.117855 0
-0.111849 0.350973 1.755606 1.093511 1.042183 -0.548081 0.698614 0.577661 0.648159 0
0.174239 0.381335 1.698215 1.077674 0.029129 0.285778 0.718622 0.484221 0.420764 0
-1.409473 -0.366745 2.445375 2.052681 0.956184 -0.693900 0.483076 0.621017 0.638050 1
0.387628 0.818487 1.389709 0.682738 1.610787 -0.615254 1.219800 0.877358 0.594118 0
-1.688142 -0.529236 1.544221 1.333193 1.933855 -0.332349 0.870954 0.698079 0.538587 0
0.690974 0.197485 1.452913 1.481923 1.016600 -0.506653 0.750776 0.632341 0.561983 0
0.939713 1.077543 1.156228 0.603860 1.047294 -0.389189 0.826391 0.637110 0.593525 0
-0.831191 -0.239295 1.665817 1.541644 1.021573 -0.319667 0.721540 0.690960 0.615429 0
0.446985 1.238058 1.742631 1.034037 0.999358 1.620998 1.252341 1.076719 0.906238 0
0.708957 0.427080 1.566203 1.198600 0.831791 0.362420 0.660284 0.612012 0.564407 0
1.300280 2.940303 2.083757 1.236899 1.650157 -0.631230 1.934336 1.675385 1.592228 0
0.181998 0.003231 1.502763 1.616811 0.287265 -0.455356 0.302144 0.378301 0.431382 0
3.369800 5.576686 1.504471 0.764205 2.297466 -0.691946 1.680971 1.257802 0.897420 0
1.422908 2.567699 1.296352 0.540953 2.345504 -0.106339 1.735954 1.115509 0.817709 0
-0.680163 -0.180291 1.612867 1.183350 1.073203 0.234253 0.732574 0.608059 0.454985 0
-0.174862 0.047076 1.602857 1.295876 0.518356 -0.647338 0.665552 0.657737 0.658734 0
0.366588 0.769800 1.810419 1.253024 -0.351326 -0.688677 0.744611 0.783716 0.739039 0
-1.067596 -0.391731 0.912979 0.747149 -0.090244 -0.567937 0.163722 0.316180 0.348790 0
-0.160103 -0.090379 1.185641 0.883577 0.313783 0.396060 0.202385 0.326008 0.310998 0
-0.013812 0.210155 1.213196 0.734429 0.992388 1.277344 0.695117 0.525512 0.430847 0
-1.614045 -0.508211 1.057884 0.831642 0.970107 -0.615535 0.486014 0.397697 0.359732 0
-1.734313 -0.547863 1.266429 1.167962 0.197028 1.281622 0.189485 0.286329 0.299223 1
-1.296967 -0.445637 1.032921 0.999636 1.446418 -0.279227 0.628438 0.422546 0.370464 1
1.518253 2.840868 1.943280 1.333118 1.717748 -0.676903 2.057639 1.578270 1.341291 0
-0.750215 -0.111226 1.491272 0.882563 1.184330 -0.204376 0.832978 0.582524 0.395174 0
1.110851 1.114749 0.961339 0.354909 1.916356 -0.367787 0.913282 0.662217 0.361667 0
-0.039331 -0.085674 0.841853 0.544539 0.772468 -0.522310 0.252384 0.299782 0.231803 0
0.797681 0.226218 1.408068 1.393833 0.190296 -0.544441 0.403565 0.435505 0.448672 0
-0.167088 0.257557 2.280954 1.820713 0.505084 -0.694050 1.080561 0.872750 0.682034 1
-0.599495 -0.314176 1.213242 1.254000 0.911599 -0.569212 0.332971 0.318476 0.329949 0
0.750477 1.118422 1.785136 1.099152 1.003459 -0.687093 0.989680 0.828593 0.705444 0
-0.083589 0.073360 0.844989 0.428104 0.692878 -0.519083 0.687174 0.568932 0.414137 0
-0.450883 -0.136679 1.656555 1.470159 0.784631 -0.286953 0.500085 0.479558 0.469048 0
-1.194772 -0.398851 1.197178 0.916013 0.878332 -0.693737 0.113101 0.166318 0.207575 1
0.224023 0.744346 1.757954 0.924299 2.181001 -0.671958 1.683810 1.019616 0.537187 0
0.498434 0.101425 0.828089 0.716120 1.461052 -0.689518 0.321467 0.270759 0.274162 0
-0.273212 -0.052996 1.373847 1.039884 0.136679 -0.561964 0.461404 0.386667 0.331599 0
0.314068 0.115627 1.018155 0.647507 0.019321 -0.323363 0.033469 0.147012 0.140417 0
-1.315828 -0.410345 0.813366 0.437138 1.837943 -0.521523 1.057290 0.616928 0.318274 0
0.170741 -0.116037 0.497153 0.304261 0.808502 -0.018344 0.247780 0.188686 0.083391 0
0.944960 0.754515 1.340082 0.798612 1.072548 -0.047546 0.808559 0.501662 0.377217 0
0.468143 0.174464 0.868334 0.484603 0.260063 -0.687571 0.276135 0.299141 0.258621 0
-0.677868 -0.269667 0.779087 0.599858 0.249448 0.701522 0.275850 0.277598 0.253920 1
1.234623 0.999545 1.227432 0.629510 0.453704 0.168003 1.007521 0.607338 0.438602 0
0.980985 0.213768 0.768100 0.614345 1.318338 -0.668270 0.479041 0.372049 0.244388 0
2.349059 2.226105 0.872725 0.374115 1.015287 -0.595177 0.753666 0.587065 0.499910 0
0.070161 0.512925 1.614722 0.954464 0.971580 -0.413849 0.923312 0.649045 0.436579 0
-0.835985 -0.338648 0.704123 0.300655 -0.364292 -0.500189 -0.064928 -0.042585 0.024386 0
-0.696918 -0.208104 1.118233 0.615813 0.381277 -0.394794 0.150182 0.221526 0.185073 0
-0.419121 0.014123 2.088788 1.789268 -0.283234 1.424901 0.607205 0.584992 0.661148 0
0.537923 1.250201 2.297021 1.566054 1.173549 -0.676866 2.369832 1.685834 1.319206 0
0.011034 0.459431 1.283514 0.740482 1.434877 -0.684608 1.361306 0.841936 0.578310 0
0.089981 0.122205 1.365813 0.984006 0.418727 -0.661823 0.460770 0.332782 0.334674 0
-0.833431 -0.267236 1.101876 0.968636 0.396246 -0.625276 0.595883 0.525241 0.514946 1
0.613569 0.770305 1.481957 0.920694 2.202773 -0.485312 1.494119 0.815528 0.612341 0
-1.813797 -0.585458 0.797208 0.839748 0.039375 1.785506 -0.050877 0.035773 0.126150 1
-0.007867 0.221377 1.623719 1.029623 1.044094 -0.637993 0.545506 0.492514 0.539040 0
-0.538687 -0.326191 0.149668 0.084795 0.175702 0.529009 -0.165128 0.022146 0.044810 0
2.158473 1.213171 0.422888 0.220287 0.781525 0.467955 0.582523 0.443316 0.298466 0
0.001861 0.151775 1.270701 0.820821 -0.316293 -0.668597 0.377617 0.322839 0.297263 0
-0.504790 -0.265918 0.739942 0.661035 0.118303 1.808443 0.126747 0.221354 0.281152 0
-0.865603 -0.399567 0.600051 0.521649 0.700344 -0.485855 0.258858 0.190545 0.119027 0
0.538940 0.145076 0.234733 0.074754 0.910715 1.968863 0.460848 0.227513 0.087125 0
-1.273355 -0.469615 0.641845 0.514349 -0.104485 0.041140 0.105523 0.169644 0.187190 0
-0.567963 -0.310416 0.634605 0.458116 0.611109 -0.689631 0.223283 0.273860 0.172411 0
0.076640 0.649684 3.767073 4.650566 0.454242 -0.645587 1.096562 1.171891 1.480298 0
1.053323 0.360263 0.235348 0.097996 0.692534 -0.652739 0.137981 0.105171 0.105638 0
0.296469 1.170506 2.514736 2.127250 0.002669 -0.693493 1.318978 1.730183 1.931033 0
-1.901134 -0.586850 0.580185 0.501835 -0.129704 -0.325719 -0.082476 0.127020 0.208404 0
-0.566725 -0.251159 0.528501 0.185224 0.491972 1.674170 0.336141 0.268394 0.156286 0
-0.627126 -0.237999 0.654076 0.224919 -0.037854 -0.043691 -0.039694 0.100070 0.088972 0
-1.027086 -0.415547 0.364019 0.128453 0.998028 -0.687103 0.086673 0.029246 -0.015278 1
0.149360 -0.057634 0.138209 0.042410 0.269947 -0.549806 -0.141781 0.021494 0.064576 0
1.230015 1.578836 1.540360 0.790671 0.535004 1.478990 1.132855 0.676634 0.414432 0
-0.166929 -0.103429 0.431375 0.086608 0.515647 -0.639949 0.007899 0.119904 0.104489 0
-0.982400 -0.426588 0.546509 0.451472 -0.135350 -0.550941 0.037559 0.100393 0.112294 0
1.245370 2.416837 1.496835 0.700168 1.970486 -0.650514 1.958797 1.266587 0.927820 0
-0.120578 0.088763 1.251826 0.778326 0.066534 -0.674032 0.333730 0.304109 0.302070 0
-0.486102 -0.061573 0.728268 0.307217 2.856753 0.196290 1.160239 0.531825 0.259225 0
-0.300543 -0.027680 0.322070 -0.110874 1.392880 -0.614508 0.781879 0.347035 -0.002186 0
-0.769397 -0.273662 0.657124 0.371334 0.667345 -0.580970 0.434114 0.266002 0.208515 0
0.866493 0.129132 0.436889 0.342353 0.878781 -0.630216 0.087328 0.110488 0.102900 0
0.093108 -0.194042 0.365484 0.347196 0.215389 0.455700 0.020410 0.058232 0.030356 0
0.191043 -0.011680 0.584869 0.342339 0.108769 -0.511261 0.087222 0.175432 0.149111 0
-1.148821 -0.409230 0.733294 0.348286 0.309300 -0.499466 0.465624 0.297011 0.177958 0
-0.883683 -0.384981 0.528656 0.414789 0.080583 -0.672315 0.127605 0.142659 0.161432 0
-1.496528 -0.547767 0.303994 0.397653 0.661941 -0.137235 0.096446 0.044246 0.023231 0
0.724534 0.812289 0.939133 0.371515 -0.587065 -0.660415 -0.007228 0.140057 0.216066 0
-0.205585 -0.226428 0.221664 0.057876 0.439122 -0.595314 -0.085116 -0.045904 -0.047303 0
-0.455009 -0.173892 0.943981 0.516136 -0.589168 1.216929 0.160268 0.134695 0.066539 0
-0.503246 -0.159569 1.038815 0.705828 0.094339 -0.640084 0.032768 0.031492 0.062370 0
0.687071 0.543902 0.780536 0.255246 -0.117088 -0.572790 0.082758 0.151095 0.191647 0
-0.809795 -0.409154 -0.189527 -0.295034 -2.279960 -0.563249 -0.138742 -0.202148 -0.239631 0
0.754346 0.016284 0.138161 0.053162 0.431158 -0.620438 0.192232 0.101057 0.030655 0
-0.665317 -0.344446 0.301459 0.085730 0.209165 -0.687148 0.095748 0.072597 -0.017584 0
-0.351834 -0.244744 0.340450 0.219052 0.326453 0.134506 0.228915 0.175822 0.133607 0
1.241914 1.089516 0.721698 0.167428 0.462942 -0.354065 0.436556 0.386318 0.322136 0
-0.316306 -0.245041 0.287698 0.030560 1.698318 -0.682961 0.612250 0.234123 0.008878 0
0.091057 -0.056550 0.122544 -0.085839 1.235787 -0.045843 0.347607 0.142727 0.006470 0
0.061331 -0.075202 0.265028 0.038468 -0.794348 0.624487 0.114838 -0.057183 -0.057414 0
-0.277068 0.793167 3.247579 3.018631 1.799623 0.174850 2.479823 2.517655 2.548973 0
0.017755 -0.022207 0.513586 0.135974 1.024370 -0.330388 0.506985 0.246886 0.043899 0
-0.834785 -0.394428 -0.020481 -0.067552 0.475149 -0.082146 -0.138843 -0.054916 -0.029860 0
0.698662 0.260136 0.468291 0.157294 0.557801 0.515904 0.267334 0.089188 0.055814 0
-1.594732 -0.513588 0.882815 0.601627 -0.286563 -0.630309 -0.020170 0.114542 0.132734 0
0.561505 -0.054757 0.078089 -0.022508 0.974970 -0.267385 0.359506 0.122645 -0.053662 0
0.816619 0.165897 0.725191 0.499841 0.576555 -0.076982 0.171971 0.121401 0.101167 0
0.800436 0.869677 1.351807 0.728236 -0.733585 -0.198305 1.108748 0.855075 0.507049 0
1.574481 1.833132 1.639287 1.070764 0.040918 -0.335379 0.639281 0.662485 0.760710 0
-0.911638 -0.394139 0.345743 0.150065 0.142356 -0.575988 0.128504 0.084747 0.030222 0
-1.491678 -0.541475 0.313947 0.265503 -0.480125 0.956314 -0.214758 -0.073658 -0.022779 0
-1.099155 -0.348584 0.418769 0.004304 2.320979 1.318529 1.035997 0.458565 0.109438 1
1.350297 1.320696 1.061165 0.451558 0.270072 0.543972 0.366723 0.394992 0.371488 0
0.080739 0.430548 1.607045 0.866572 -0.130411 -0.591513 1.539151 1.009575 0.636566 0
0.973968 0.446403 0.779725 0.422334 -1.542864 -0.321519 0.890886 0.536886 0.272449 0
-0.565641 -0.344181 0.200010 0.120823 0.647936 -0.532448 0.058819 -0.005695 -0.062102 0
-0.196432 0.060909 0.870427 0.315884 1.144205 -0.407401 0.328388 0.225678 0.147004 0
0.479525 1.436687 2.751188 2.340203 0.873650 -0.442727 2.673581 2.593682 2.334725 0
0.344455 -0.042318 -0.056489 -0.180068 -0.707834 -0.693630 -0.149061 -0.175243 -0.094760 0
-1.521586 -0.525195 0.259163 0.095278 0.960144 -0.542720 0.364752 0.151346 0.033302 0
-1.223656 -0.488293 0.194043 0.160804 0.921032 0.851689 0.215536 0.072583 0.052680 1
1.109598 0.067886 0.134851 0.159962 0.924755 3.187360 0.045509 -0.037561 -0.062792 0
-1.320947 -0.526067 0.013307 0.060388 -0.114195 0.185646 -0.126659 -0.063370 -0.045841 0
0.551549 0.539511 1.640243 1.113499 1.491655 -0.691560 1.112410 0.750497 0.531529 0
-1.541318 -0.537335 0.144539 0.068178 -0.176385 -0.221720 -0.073780 -0.031490 -0.003340 0
-0.512690 -0.290650 0.290628 -0.018748 -0.192550 0.077352 -0.224151 -0.080664 -0.038629 0
1.459787 0.643725 -0.003264 -0.185564 1.947186 1.831999 0.613052 0.237650 -0.057183 0
-1.147781 -0.451641 0.061538 -0.099330 1.524383 -0.594328 0.353776 0.177846 0.019658 0
0.739062 1.041487 0.631574 0.062769 1.317385 -0.693887 1.170768 0.495334 0.266385 0
-0.414639 -0.328470 0.161165 0.168428 -0.111481 -0.655093 -0.131883 -0.066551 -0.015813 0
-1.845891 -0.593992 0.512226 0.414856 0.852204 -0.660780 0.169870 0.048938 0.010887 0
1.127973 0.343261 -0.102471 -0.256714 2.000371 -0.395740 0.725267 0.265671 0.013197 0
-0.869704 -0.326610 0.813073 0.521706 -0.268498 -0.153452 -0.276359 -0.084369 0.020214 0
0.074106 -0.264523 -0.065844 0.052780 0.189568 -0.684251 -0.300060 -0.155347 -0.085575 0
0.971146 2.400585 2.044172 1.548753 2.126417 1.591107 2.413842 2.151484 2.121612 0
-1.006352 -0.467434 0.017841 0.097638 0.457910 -0.689538 0.025082 0.006832 -0.001233 0
-0.382850 -0.230239 0.463626 0.186239 -0.028824 0.881674 -0.079987 0.022171 0.039307 0
0.851873 0.016977 -0.083930 -0.077947 -0.562405 1.067952 -0.428917 -0.168387 -0.072928 0
1.255178 1.522681 1.427303 0.887394 1.026028 2.068284 1.605912 1.256881 1.052229 0
0.578420 0.848880 1.116845 0.512193 1.524038 0.497048 1.172108 0.837372 0.656571 0
-0.377872 -0.366279 0.113746 0.241666 -1.049298 -0.209959 -0.398488 -0.216887 -0.096948 0
-1.354035 -0.432817 1.298672 0.814659 -0.644361 -0.639718 0.349055 0.194481 0.141940 1
-1.406413 -0.547745 -0.151834 -0.054542 -0.366083 -0.031877 -0.320824 -0.157294 -0.098135 0
-0.275063 -0.193773 0.241668 0.051137 -0.190034 -0.678045 -0.200713 -0.113908 -0.038717 0
-0.818069 -0.402893 0.108921 0.035436 -0.277162 -0.424228 -0.202774 -0.093981 -0.032563 0
-1.527951 -0.501240 0.550070 0.218614 -1.104777 -0.676556 0.080750 0.007964 0.005480 0
1.521410 0.759888 0.051716 -0.125202 -0.076073 -0.210814 0.235365 0.082857 0.005443 0
1.705352 0.669251 0.368284 0.125740 -0.918174 -0.651087 -0.289167 -0.126816 -0.024502 0
-0.999444 -0.466533 0.202730 0.241222 -0.115488 3.144730 -0.207193 -0.118868 -0.038778 0
1.281819 0.248458 -0.152001 -0.108278 0.724192 0.288880 0.120845 0.015015 -0.018319 0
1.187174 0.146511 0.113861 0.109258 -0.260846 -0.561319 -0.236510 -0.073030 -0.033341 0
-0.821868 -0.340639 0.339245 0.160357 0.011883 -0.132872 0.086403 0.101236 0.104901 1
0.538554 0.428173 0.785150 0.299918 0.707925 -0.213091 0.482027 0.281338 0.203321 0
-0.381758 -0.371956 -0.011606 0.049056 0.223883 -0.476447 -0.206192 -0.138201 -0.104903 0
-0.900854 -0.311874 0.993217 0.659555 -0.320467 0.015295 0.361619 0.300580 0.284956 0
0.194560 -0.090007 0.041590 -0.088497 1.092767 -0.213719 0.180097 0.011766 -0.032002 0
0.788923 0.136445 0.053692 -0.170172 0.748297 -0.646897 0.375263 0.112702 -0.067506 0
-0.226969 -0.100727 1.096141 0.881684 0.816230 -0.480067 0.693757 0.497699 0.397978 0
2.368379 0.669978 -0.013327 -0.091062 0.729484 -0.650406 0.122903 0.024104 -0.056909 0
0.271501 0.109701 0.912899 0.496160 -0.507003 0.421219 -0.071855 0.041402 0.068439 0
-0.451504 -0.390790 0.009632 0.110158 -0.719675 -0.660652 -0.471861 -0.239063 -0.115694 0
-1.576267 -0.566430 0.178580 0.136280 -0.126133 0.391986 -0.278155 -0.148550 -0.076313 0
1.651913 3.222623 3.005790 2.869514 -0.244019 -0.652015 2.296085 2.036544 1.659688 0
0.838827 0.203733 0.220798 0.017101 1.195122 0.245813 0.233682 0.121580 0.036559 0
-0.525979 -0.147422 1.314986 0.906989 0.804369 -0.663382 0.497936 0.456808 0.345795 0
-0.602883 -0.412505 -0.014915 0.005725 -0.081088 0.562967 -0.343716 -0.200181 -0.140095 0
0.023847 -0.199248 -0.040225 -0.081588 0.561958 -0.690555 0.149231 0.041519 -0.032391 0
1.512536 0.405622 -0.011773 -0.070963 1.448659 0.043129 0.208498 -0.025618 -0.086109 0
0.171570 0.605451 0.861323 0.222368 -0.144639 -0.512489 0.966433 0.690123 0.387493 0
-0.389247 -0.294600 -0.207681 -0.241040 -0.553089 0.849196 -0.465931 -0.257408 -0.183163 0
1.122309 0.170215 0.003974 -0.094123 -0.318155 -0.673500 -0.270638 -0.135696 -0.075849 0
-1.646956 -0.462813 4.596854 6.585361 -0.887990 0.891266 0.733065 0.883193 1.152180 0
-0.586559 -0.397354 0.032127 0.115883 0.059987 0.277868 -0.262113 -0.161707 -0.083140 0
1.747365 1.247677 0.095575 -0.190638 0.292392 -0.680385 0.251019 0.179186 0.080749 0
0.406925 -0.126360 0.021281 0.023063 -0.411276 -0.369742 -0.205269 -0.154401 -0.091590 0
-0.810776 -0.404401 0.014523 -0.089766 0.261969 -0.230028 -0.179618 -0.078045 -0.056890 0
0.153520 -0.155213 -0.198792 -0.144840 -0.116223 0.744312 -0.252230 -0.158571 -0.109856 0
0.027605 -0.038246 0.554049 0.304132 0.397390 -0.443207 -0.070005 -0.014439 0.082908 0
-0.161453 -0.343044 -0.035958 0.172343 -0.262516 -0.437754 -0.345962 -0.225972 -0.136908 0
-0.689182 -0.215264 0.440780 0.173819 0.046610 -0.496138 -0.012660 0.055691 0.090347 0
-0.922073 -0.350201 0.577823 0.226950 0.230279 0.006866 -0.034390 0.025769 0.060861 0
-1.322934 -0.384183 0.809411 0.329344 -0.489635 -0.286229 0.214107 0.082433 0.064835 0
-0.057568 -0.275253 -0.199984 -0.165210 -0.297838 -0.598562 -0.245053 -0.145917 -0.121982 0
3.061631 2.748154 1.238224 0.751550 -0.061942 -0.599604 0.947358 0.539388 0.443731 0
0.177961 -0.173685 0.000849 -0.035928 0.112502 0.604677 -0.111982 -0.072135 -0.071351 0
-0.599375 -0.338990 0.118366 -0.014459 1.850504 -0.526682 0.318797 0.095128 -0.007073 1
0.414952 -0.064771 0.139883 0.051830 0.650119 -0.474915 0.401333 0.144227 -0.005320 0
0.746922 -0.027978 0.055465 0.072516 -0.283543 -0.019582 -0.258989 -0.103588 -0.056367 0
-0.300395 0.225823 1.058593 0.436254 1.045872 -0.573427 0.734241 0.393049 0.308093 0
0.477800 0.054630 -0.065513 -0.212459 0.494643 -0.392970 -0.089860 -0.098122 -0.124707 0
-1.269213 -0.499548 0.141179 0.062282 -0.142712 -0.550043 -0.249139 -0.190355 -0.103170 0
-1.180077 -0.439827 0.117621 -0.143172 -0.640523 -0.467626 -0.359683 -0.187499 -0.112250 0
0.412622 -0.004225 -0.017736 -0.175149 0.383009 -0.646584 -0.136064 -0.138630 -0.161458 0
-0.833344 -0.445824 -0.210309 -0.133051 -0.065570 -0.249220 -0.200415 -0.126283 -0.074892 0
1.940984 0.983764 0.434932 0.053376 0.216716 -0.565337 0.064558 -0.093248 -0.073307 0
0.190164 0.006879 0.218070 -0.019411 -0.047936 -0.500108 0.164722 -0.013989 -0.103977 0
-0.372348 -0.311317 -0.158380 -0.235681 0.163531 -0.096292 0.121634 0.019851 -0.076688 0
-1.276524 -0.494327 -0.205367 -0.220026 -1.102012 -0.661812 -0.248759 -0.218295 -0.111613 0
1.404822 0.082659 -0.244961 -0.090726 -0.408628 0.459952 -0.438508 -0.234145 -0.151793 0
-0.405274 -0.302120 0.042829 -0.011431 0.524059 -0.450677 -0.013929 -0.135688 -0.106256 0
2.053010 1.915243 0.376661 -0.124131 -0.295594 -0.687015 0.565990 0.260660 0.066020 0
0.705600 0.002047 -0.152914 -0.199309 -0.141744 -0.513105 -0.386367 -0.252992 -0.183869 0
0.535745 -0.092222 -0.323715 -0.269322 0.630034 -0.236926 -0.217272 -0.139936 -0.160685 0
0.220406 -0.167304 -0.273162 -0.232474 1.223973 2.112165 0.252177 0.001570 -0.101179 0
0.992910 1.176790 1.243617 0.594136 -0.190338 -0.650936 0.537147 0.416394 0.317787 0
-0.723616 -0.279586 0.520492 0.292265 -0.971941 0.835997 -0.407933 -0.187670 -0.096250 0
-0.589964 0.303982 3.065095 2.967057 -0.626445 1.330810 2.755517 2.612181 2.175574 0
0.490860 1.007610 2.156227 1.857260 -0.875619 1.300572 1.698698 1.308747 1.194163 0
-0.962427 -0.461293 -0.159820 -0.149011 -0.497528 -0.212603 -0.362359 -0.209208 -0.156920 0
-1.138913 -0.454831 0.325522 0.105388 0.207339 -0.398615 -0.025414 -0.059446 -0.111815 0
0.590638 -0.099648 -0.163261 -0.183951 0.510014 -0.132368 -0.016920 -0.060307 -0.134784 0
2.941499 8.733511 4.008780 4.173278 0.757551 -0.524318 4.665306 4.969075 4.914528 0
-0.279507 -0.350849 -0.233540 -0.178441 -0.653992 0.353583 -0.561423 -0.305091 -0.187294 0
-0.910212 -0.375573 0.225250 0.009112 0.188114 2.588161 -0.030328 -0.053790 -0.046973 0
-1.246356 -0.372741 0.764864 0.288288 -0.104364 -0.680347 0.085122 0.016308 0.012588 0
-0.738131 -0.316437 0.343654 0.093510 0.110475 -0.485953 0.236618 0.003587 -0.040453 0
-0.727098 -0.420821 -0.201379 -0.183906 -0.520772 1.447517 -0.380754 -0.199941 -0.158338 0
-1.394730 -0.451296 0.174602 -0.098970 1.933969 -0.220022 0.483587 0.077450 -0.040251 0
0.646033 0.122251 -0.173755 -0.301561 0.979230 0.206909 0.014491 -0.057060 -0.152461 0
-1.623531 -0.587217 -0.346866 -0.191428 -0.395650 -0.302556 -0.300749 -0.194896 -0.150131 0
-1.733854 -0.585554 0.132572 0.033320 -0.310516 -0.647556 -0.109615 -0.150352 -0.171863 0
-1.598948 -0.588578 -0.251482 -0.082715 -0.134516 -0.477066 -0.314891 -0.208076 -0.150409 0
-0.417897 -0.402538 -0.258808 -0.004051 -0.073883 -0.649433 -0.303671 -0.197056 -0.130689 0
1.164862 1.287452 0.373610 -0.143901 1.760731 -0.568488 0.979334 0.484356 0.210315 0
0.158138 -0.189353 -0.371032 -0.299630 -1.295903 -0.626896 -0.398868 -0.283117 -0.200145 0
0.781500 0.003445 -0.402739 -0.319314 -0.534672 -0.666979 -0.415005 -0.275810 -0.230722 0
0.582312 -0.004229 -0.122256 -0.138773 0.379716 1.384111 -0.033861 -0.105179 -0.155996 0
1.466063 0.343603 -0.313110 -0.323529 -0.170754 3.773289 -0.191517 -0.153156 -0.133168 0
1.885838 0.332157 -0.305086 -0.264555 -0.167075 -0.650797 -0.268557 -0.178445 -0.199912 0
-1.234391 -0.512013 -0.291088 -0.189437 -0.782212 0.030494 -0.562819 -0.333499 -0.207615 0
-0.989762 -0.240338 1.025869 0.441075 0.064928 -0.029796 0.329108 0.525895 0.490501 0
-1.355720 -0.502982 0.013989 -0.122327 0.807872 -0.651703 0.038703 -0.084136 -0.106371 0
1.104557 0.009543 -0.432719 -0.192688 0.361216 0.737038 -0.096504 -0.136198 -0.155872 0
-1.487750 -0.556315 -0.202700 -0.121813 -0.377524 0.393782 -0.356607 -0.221954 -0.160225 0
0.071875 -0.178767 0.026133 -0.068330 0.110043 -0.049502 -0.215045 -0.111042 -0.082076 0
1.774709 0.409535 -0.209715 -0.179576 -0.183429 -0.689096 -0.090941 -0.148490 -0.161377 0
-0.597825 -0.161207 1.977343 1.775005 0.218047 -0.191261 0.594881 0.605259 0.581764 0
-1.618565 -0.554173 -0.156187 -0.215586 0.676103 1.921066 0.011521 -0.057326 -0.108079 0
0.847503 -0.086157 -0.427427 -0.300175 -0.509620 -0.617863 -0.323410 -0.243112 -0.202977 0
0.666906 0.170320 -0.190383 -0.308156 0.871274 0.727981 0.102458 -0.024668 -0.171100 0
-0.085266 -0.276304 -0.419385 -0.319590 -0.148188 -0.108371 -0.250918 -0.210881 -0.230455 0
-0.342130 -0.282914 -0.073262 -0.176420 -0.302261 -0.592765 -0.226124 -0.153935 -0.158525 0
0.014099 0.017365 1.327296 0.994317 0.691113 0.621823 0.436620 0.306648 0.218763 0
-1.307204 -0.539897 -0.367663 -0.302934 -0.332217 2.094862 -0.311305 -0.225206 -0.201719 0
0.763989 0.961956 0.809619 0.218260 1.712343 -0.075682 1.065735 0.504798 0.256053 0
0.717619 0.689592 1.030975 0.595188 1.514903 -0.476843 0.511894 0.092007 0.197133 0
-1.866779 -0.618422 -0.174384 -0.059011 -0.445324 -0.323296 -0.391755 -0.253227 -0.163987 0
-1.611920 -0.578155 -0.347549 -0.280851 -0.496845 -0.555173 -0.383219 -0.243766 -0.179986 0
-0.281730 -0.017967 1.154733 0.624525 1.389381 2.664654 0.558279 0.229141 0.201932 0
-1.754965 -0.599057 -0.367037 -0.223177 0.433139 -0.571476 -0.116355 -0.118388 -0.144733 0
-1.069149 -0.437872 -0.204457 -0.263310 1.676282 -0.549884 0.372281 0.059726 -0.097007 1
1.023555 0.037808 -0.297814 -0.234041 0.612495 -0.417837 -0.010386 -0.103910 -0.163989 0
-0.216974 0.553131 2.509007 2.062805 -0.454867 -0.232738 1.793295 1.863700 1.672205 0
1.007118 0.583181 1.407708 1.113344 -0.407018 -0.668166 0.617114 0.541522 0.451095 0
2.180174 1.269423 0.655613 0.251085 0.089519 -0.394162 0.564840 0.186694 0.033572 0
0.108090 0.599460 2.026762 1.525969 1.041640 -0.673463 1.985976 1.612255 1.225848 0
0.522408 0.046101 0.013406 -0.135025 0.054611 -0.590238 -0.107542 -0.164595 -0.178246 0
-1.419727 -0.515607 0.091761 -0.084958 -0.127940 2.615462 -0.340616 -0.191078 -0.106169 0
-0.507890 -0.241291 0.383383 0.080227 0.704010 -0.250004 0.192705 -0.009879 -0.097041 0
-1.635640 -0.577363 -0.000746 0.022300 0.259285 -0.162052 -0.261463 -0.206145 -0.118522 0
-0.464421 0.094981 3.511543 3.885909 -1.789536 -0.414956 1.438744 1.702117 1.813729 0
-0.432079 -0.075038 0.660040 0.124178 0.032810 -0.687204 -0.014782 0.087725 0.078658 0
0.585001 -0.163232 -0.421676 -0.240388 -0.235389 -0.611442 -0.338836 -0.240101 -0.199162 0
-0.168246 -0.304672 -0.212322 -0.121090 -0.034523 0.553714 -0.266808 -0.230567 -0.172294 0
1.437121 0.264224 -0.318763 -0.348502 0.941763 0.251125 0.045700 -0.071670 -0.154602 0
-0.841587 -0.220967 0.923769 0.495807 -0.393077 -0.380127 0.278849 0.138985 0.159180 0
-0.124500 -0.242470 -0.199180 -0.184599 -0.452517 -0.669733 -0.387617 -0.263805 -0.201034 0
-0.770047 -0.346489 0.017999 -0.141115 -0.084474 1.812754 -0.338309 -0.232802 -0.145038 0
-0.265032 -0.069070 0.803085 0.368589 -0.417352 -0.179497 -0.038948 0.116609 0.141632 0
-1.141998 -0.495690 -0.121906 -0.094958 -0.447809 -0.481223 -0.196380 -0.160233 -0.124141 0
-0.306940 -0.216696 -0.122875 -0.272310 0.662926 0.997987 0.140402 -0.042537 -0.146806 0
-1.319646 -0.551325 -0.382077 -0.225575 0.828870 -0.594402 -0.092318 -0.140254 -0.178046 0
1.121259 0.322661 -0.071118 -0.142665 -0.375850 -0.692231 -0.412032 -0.215367 -0.105536 0
-1.105443 -0.517404 -0.197896 -0.045418 -0.314744 0.667135 -0.346253 -0.241268 -0.157367 0
-0.246558 0.840365 3.286059 3.157456 -0.960484 -0.674469 2.132062 2.086696 1.977958 0
-0.804233 -0.419553 0.380151 0.315901 -1.064290 2.968094 -0.521297 -0.343553 -0.231561 1
-0.001656 -0.282710 -0.315989 -0.186800 -0.147261 0.405315 -0.357796 -0.222227 -0.161856 0
0.809839 1.217121 1.538073 1.055552 -0.845682 -0.661271 0.379279 0.299460 0.398230 0
-0.047651 0.099283 1.342240 0.812994 0.919257 -0.674807 0.251928 0.254178 0.263190 0
-1.061459 -0.261110 0.638137 0.080632 0.465417 -0.302151 0.787038 0.244883 0.108195 1
1.389484 0.350993 -0.263046 -0.329015 0.410936 -0.444102 -0.051031 -0.141697 -0.205727 0
-1.164793 -0.375808 0.623736 0.134764 1.151687 -0.010134 0.437483 0.146219 -0.033162 0
1.051508 0.104487 -0.336783 -0.249449 0.276331 -0.564861 -0.314110 -0.204734 -0.158028 0
-0.298403 -0.389113 -0.317706 -0.095204 0.248273 -0.674900 -0.179663 -0.173404 -0.165702 0
1.203455 0.785649 1.128140 0.653374 0.494302 -0.631932 0.578109 0.359260 0.270256 0
-0.739431 -0.437402 -0.213247 -0.139636 -0.787528 1.306218 -0.451802 -0.292563 -0.203163 0
0.577227 -0.020736 -0.263338 -0.293121 -0.067722 -0.587317 -0.116021 -0.172127 -0.220603 0
0.354069 0.163717 -0.100025 -0.294860 1.269165 -0.455188 0.167191 -0.046513 -0.137547 0
-1.576946 -0.585861 -0.335868 -0.154241 -0.831639 -0.652882 -0.527157 -0.320100 -0.211455 0
0.264162 -0.145197 -0.378716 -0.372748 0.066525 1.381066 -0.178844 -0.167591 -0.210525 0
0.170327 0.204769 1.191527 0.722532 -0.859956 -0.690761 0.075428 0.239701 0.303010 0
1.801605 0.499670 -0.126423 -0.159620 0.694566 0.146850 0.138701 -0.034294 -0.075797 0
0.809671 0.004608 -0.395376 -0.307814 -0.268660 -0.693926 -0.236342 -0.172794 -0.150380 0
0.672514 -0.096394 -0.309455 -0.188247 -0.295804 -0.645377 -0.387602 -0.245612 -0.166642 0
0.198357 -0.210607 -0.446487 -0.385329 0.154734 -0.694224 -0.185075 -0.224673 -0.257850 0
-0.751487 -0.187042 1.381551 0.969176 0.494980 -0.441596 0.559504 0.576236 0.542458 0
-1.780213 -0.589847 -0.188527 -0.234520 -0.366691 1.142831 -0.211746 -0.166420 -0.153229 0
0.278225 -0.035701 -0.127438 -0.278701 -0.361809 -0.132161 -0.309266 -0.246034 -0.218982 0
-0.220860 -0.199341 -0.052008 -0.198260 -0.336664 -0.557869 -0.183435 -0.195472 -0.171269 0
-0.559347 -0.252350 0.653395 0.344933 0.266850 -0.030391 0.282478 0.225219 0.176844 0
1.762905 1.427462 0.867394 0.254349 1.257674 -0.660899 0.627203 0.327536 0.235013 0
2.411937 0.604579 -0.341596 -0.291164 0.455514 0.010946 -0.058367 -0.127071 -0.160331 0
0.406258 -0.095353 -0.265730 -0.331699 0.093576 0.076604 -0.225099 -0.254339 -0.288466 0
0.294164 -0.153004 -0.338815 -0.249839 0.723820 -0.525228 -0.191503 -0.210500 -0.206381 0
0.359218 -0.122454 -0.408663 -0.401454 0.249243 -0.627625 -0.172483 -0.180703 -0.243786 0
-1.628635 -0.586907 -0.358681 -0.273831 -0.250817 -0.501907 -0.407893 -0.275339 -0.219221 0
-0.045505 -0.092920 -0.141799 -0.253405 -0.109153 -0.520735 -0.120004 -0.178222 -0.198941 0
-1.019138 -0.162581 1.815955 1.250333 0.054554 -0.628997 1.208791 0.784288 0.627954 1
0.109921 -0.220111 0.008355 -0.058232 -0.173455 -0.293067 0.055896 -0.145748 -0.148526 0
-1.110155 -0.498339 -0.377801 -0.316769 -0.802915 -0.676181 -0.480398 -0.253052 -0.183237 0
1.041817 1.717078 1.120903 0.414282 1.407823 2.087745 1.148610 0.776542 0.727997 0
0.268299 -0.023390 0.404284 0.148451 0.243044 -0.283750 -0.222085 -0.168146 -0.113662 0
-0.469656 -0.295023 0.198172 0.025924 -0.947293 -0.673340 -0.436551 -0.268348 -0.171045 0
0.573127 1.051895 1.793209 1.186698 -0.693194 -0.585629 1.429948 1.530989 1.362257 1
0.461295 0.697943 1.612687 1.170858 0.894048 -0.620302 1.052816 0.953120 0.875877 0
0.983801 -0.072651 -0.409018 -0.171408 -0.130155 -0.435509 -0.343574 -0.259210 -0.208024 0
0.667478 0.036436 -0.287684 -0.295382 0.719491 -0.344545 0.114056 -0.052791 -0.128460 0
-0.996584 -0.292743 1.232540 0.789607 -0.976742 -0.656392 0.852588 0.600581 0.387784 0
-0.518105 -0.371046 0.167570 0.103516 -0.223824 1.983844 -0.204372 -0.203744 -0.149285 0
0.739336 0.270683 -0.109864 -0.347833 1.859893 0.707647 0.616123 0.103882 -0.140197 0
-1.821715 -0.593523 -0.250686 -0.190974 0.508260 0.025497 -0.181972 -0.190201 -0.171908 0
1.296238 0.144471 -0.522914 -0.454940 0.051520 0.077547 -0.074349 -0.120995 -0.224524 0
0.448347 -0.015651 -0.094908 -0.126533 0.593511 2.459962 0.079295 -0.050493 -0.123196 0
0.148099 -0.160455 0.244836 0.097602 -0.160626 0.528662 -0.118812 -0.143085 -0.133864 0
-0.116220 -0.294102 -0.315532 -0.235623 -0.466108 0.801504 -0.488829 -0.327134 -0.237252 0
1.053653 0.210868 0.030645 -0.107746 -0.136367 3.768945 -0.146552 -0.113596 -0.131653 0
2.540886 0.690846 -0.185495 -0.155468 0.079591 1.524779 0.033050 -0.069700 -0.145034 0
-1.411378 -0.489859 0.374690 -0.005386 0.762164 1.094033 0.401472 0.085460 -0.100003 0
0.390636 -0.177900 -0.549035 -0.356124 0.095120 -0.433210 -0.285267 -0.235505 -0.215347 0
-1.040222 -0.470687 -0.129428 -0.189350 0.226669 -0.604555 -0.274377 -0.200084 -0.205193 0
0.724763 -0.104331 -0.264460 -0.185811 -0.034687 0.390591 -0.335453 -0.243242 -0.198472 0
1.150083 0.148111 -0.038597 -0.103694 -0.169812 0.155671 -0.192117 -0.140293 -0.118747 0
0.063472 -0.034433 0.784022 0.418236 -0.261094 0.582693 0.030460 0.120860 0.052344 0
0.379186 -0.029324 -0.149303 -0.308727 2.222506 -0.687255 0.472324 0.056550 -0.134779 0
-0.045808 0.070523 0.772917 0.252431 -0.763132 -0.038480 0.124020 0.125615 0.080506 0
-0.174617 0.305090 0.911531 0.299008 1.429217 -0.375068 0.580767 0.335081 0.240523 0
-1.289306 -0.453242 0.170443 -0.122534 0.653616 3.193424 0.563366 0.116612 -0.069989 1
0.315554 -0.250068 -0.421753 -0.286057 -0.084384 2.745344 -0.268468 -0.243613 -0.240562 0
1.677615 1.759829 1.433235 0.904638 0.101301 -0.688232 1.237391 0.972113 0.811103 0
0.338334 -0.082963 -0.312134 -0.321718 -0.173589 -0.349656 -0.397209 -0.280503 -0.219124 0
0.414627 -0.161013 -0.246871 -0.166899 -0.078876 0.734296 -0.201612 -0.189208 -0.166405 0
-1.397911 -0.523562 -0.165923 -0.222929 0.718595 -0.564054 -0.070864 -0.157419 -0.192781 0
-1.658474 -0.595363 -0.328204 -0.209358 -0.657911 -0.478395 -0.425971 -0.241580 -0.187231 0
0.334937 0.707902 0.816453 0.274076 0.932004 -0.426517 0.876361 0.557820 0.383159 0
1.980231 1.010528 0.110659 -0.179939 0.725257 1.325588 -0.007881 -0.099417 -0.111756 0
0.235793 -0.169346 -0.367184 -0.308029 -0.024955 -0.481505 -0.366158 -0.271484 -0.232571 0
0.180247 -0.195433 -0.198841 -0.194950 0.196866 -0.461168 -0.168789 -0.183776 -0.147003 0
-0.308881 -0.330208 -0.340273 -0.219843 0.019220 -0.551463 -0.155806 -0.143906 -0.129713 0
-0.450094 -0.320394 -0.370436 -0.362503 0.703315 0.002834 -0.047384 -0.143395 -0.160385 0
-0.431992 -0.394559 -0.489691 -0.282172 -0.581461 0.575319 -0.543127 -0.317439 -0.219663 0
1.733360 0.398395 -0.204276 -0.203815 0.282679 -0.527119 -0.141489 -0.154285 -0.143273 0
0.629711 1.674450 2.639130 2.173075 0.925383 -0.124730 2.448587 2.185579 2.014339 0
-0.556967 -0.416025 -0.385117 -0.245159 -0.858177 -0.627938 -0.434396 -0.280203 -0.240384 0
-0.004376 -0.327287 -0.282343 -0.079086 -0.472185 -0.139223 -0.511103 -0.322756 -0.214243 0
0.247386 -0.267904 -0.547427 -0.319278 -0.591521 0.196351 -0.382667 -0.273393 -0.246067 0
-0.723235 0.024773 2.230229 1.623714 -0.246724 -0.599080 1.916021 1.462940 1.026940 0
1.173739 0.216441 -0.127375 -0.234269 -0.899753 0.399237 -0.449298 -0.293069 -0.170523 0
0.447260 0.188500 0.278123 -0.002146 0.685437 -0.129288 0.434347 0.094712 -0.066118 0
-0.427758 -0.321103 -0.090597 -0.151027 0.838568 0.310480 -0.066664 -0.153510 -0.206881 0
0.403752 -0.152299 -0.317986 -0.252998 0.986879 -0.595864 -0.032239 -0.180457 -0.220808 0
0.605872 -0.155303 -0.530404 -0.342970 -0.138096 -0.335421 -0.323888 -0.254688 -0.251113 0
-0.430326 -0.378711 -0.247387 -0.150173 -0.114291 1.424988 -0.411313 -0.284933 -0.190750 0
-0.485706 -0.357537 -0.330761 -0.251572 -0.077081 1.555086 -0.344019 -0.232904 -0.189957 0
-0.443729 -0.304652 -0.425496 -0.420809 0.600484 -0.568484 -0.240685 -0.204322 -0.227950 0
-0.423104 0.047554 2.130534 1.804464 1.111711 0.670153 0.906293 0.865842 0.828518 0
-1.223209 -0.509957 -0.204188 -0.258717 -0.159966 -0.182785 -0.479582 -0.304079 -0.222605 0
-0.733158 -0.310418 0.306625 0.043586 -0.175483 -0.566618 -0.115740 -0.143625 -0.095414 0
0.285856 0.099994 0.371579 0.111111 0.990373 -0.275276 0.118824 0.005948 0.004337 0
-1.675539 -0.609350 -0.539192 -0.259546 -0.489234 -0.670740 -0.500923 -0.328393 -0.266029 0
-1.308900 -0.525572 -0.436761 -0.349191 -0.744140 0.393179 -0.547954 -0.332796 -0.247312 0
1.419405 0.324799 -0.181902 -0.284623 1.177570 -0.217635 0.246302 -0.051192 -0.178601 0
-0.055979 -0.250782 -0.386805 -0.288225 0.351734 -0.310703 -0.355158 -0.263181 -0.198812 0
-1.954767 -0.626230 -0.227707 -0.127164 -0.580968 -0.690810 -0.540161 -0.325959 -0.218773 0
-0.394167 0.091894 1.090018 0.549303 -0.514529 -0.522960 0.665283 0.481735 0.366680 0
1.007984 -0.005678 -0.353024 -0.276117 0.647955 -0.484774 -0.128638 -0.177820 -0.202270 0
0.792024 0.454206 0.998101 0.715389 0.070216 1.671152 0.377310 0.399438 0.320909 0
0.333521 -0.247715 -0.525826 -0.316363 -0.748048 0.651146 -0.528281 -0.310444 -0.234981 0
0.995984 0.283129 0.241217 0.032962 1.326841 -0.693471 0.345683 0.052247 -0.024890 0
1.064164 0.090041 -0.171911 -0.118012 0.235492 -0.232117 -0.162284 -0.193833 -0.153144 0
-0.422959 -0.343648 -0.312531 -0.264468 0.043505 -0.138660 -0.199411 -0.212296 -0.215917 0
1.001737 0.154143 -0.140358 -0.204382 -0.774752 -0.667219 -0.229880 -0.213184 -0.185588 0
0.571529 -0.095644 -0.473683 -0.390622 -0.341313 -0.666127 -0.389722 -0.287596 -0.237449 0
1.630017 0.365263 -0.475472 -0.384127 -0.773928 2.198739 -0.447080 -0.258579 -0.214885 0
-0.967356 -0.445179 -0.152978 -0.206472 -1.076976 -0.586977 -0.543991 -0.345123 -0.230398 0
1.666675 0.314921 -0.355660 -0.342198 -0.474850 -0.694019 -0.418203 -0.331594 -0.290335 0
-0.350476 -0.210284 0.275744 -0.012490 0.521033 0.006953 0.026503 -0.095673 -0.149017 0
0.932815 0.387780 0.329258 0.006976 0.621869 -0.048603 0.205196 0.036669 -0.009696 0
0.591460 -0.127069 -0.636800 -0.478371 0.078768 -0.559354 -0.148934 -0.150456 -0.225752 0
-0.952914 -0.372443 0.619434 0.387757 -0.100800 0.973375 -0.122313 -0.170024 -0.034580 0
-0.219338 -0.194399 -0.272559 -0.384916 -0.471311 -0.689113 -0.073752 -0.187459 -0.251297 0
3.626591 10.779262 2.351692 1.541204 2.828188 -0.694176 5.514052 4.405050 3.447116 0
2.148539 0.850187 -0.272404 -0.357762 0.211671 1.504036 -0.062008 -0.189627 -0.173123 0
-0.248412 -0.261779 -0.170532 -0.266698 0.775647 0.193240 0.135459 -0.030015 -0.152195 0
-1.293265 -0.453547 0.300665 0.077564 -0.422871 1.158319 0.074659 -0.039628 -0.076947 0
0.099555 -0.311132 -0.467179 -0.284395 -0.682483 0.242831 -0.539133 -0.342774 -0.268688 0
-0.696046 -0.379150 0.118583 0.036885 -0.088127 0.469401 -0.381355 -0.202073 -0.112425 0
-0.801991 -0.389716 0.162578 0.000586 -0.041739 0.477759 -0.420341 -0.291915 -0.260013 0
-1.617259 -0.576213 -0.303614 -0.260597 -0.368472 -0.694226 -0.402029 -0.300439 -0.235126 0
0.563758 -0.148463 -0.364206 -0.255098 -0.436532 1.442606 -0.511103 -0.351960 -0.230590 0
-0.479364 -0.225148 -0.166989 -0.361479 1.243345 -0.366842 0.405162 0.002987 -0.185702 1
-0.168806 -0.305172 -0.520322 -0.431875 -0.472819 0.567178 -0.512885 -0.299323 -0.243929 0
0.171025 -0.211832 -0.289986 -0.189384 -0.470602 1.512207 -0.268070 -0.239674 -0.207108 0
0.100400 -0.130269 -0.485365 -0.454438 1.032910 -0.649512 0.022569 -0.079389 -0.171420 0
0.296402 -0.021983 -0.028419 -0.183816 -0.754564 -0.543050 0.321551 0.082752 -0.081827 0
0.742877 0.091723 0.108056 -0.030483 0.556316 -0.434773 -0.088110 -0.090045 -0.082395 0
-0.445614 -0.402786 -0.644778 -0.452477 -0.134826 -0.501558 -0.350831 -0.279109 -0.273762 0
-1.686592 -0.600450 -0.424852 -0.183995 -1.008494 -0.565055 -0.583980 -0.354390 -0.229843 0
-0.755391 -0.427839 -0.474027 -0.350028 -0.636548 -0.390327 -0.397187 -0.270357 -0.206163 1
0.685512 0.659067 0.703321 0.196357 0.882732 -0.481954 0.241928 0.178258 0.248323 0
0.910921 0.042261 -0.445860 -0.426400 0.959654 -0.073455 -0.027208 -0.151300 -0.247287 0
0.141942 -0.232745 -0.483599 -0.291316 0.382809 -0.691500 -0.148078 -0.232384 -0.210083 0
1.516985 1.057541 0.247488 -0.167340 2.179993 -0.162072 1.136501 0.374654 0.118479 0
0.859659 0.047177 -0.292040 -0.236896 -0.828232 -0.681923 -0.589609 -0.358844 -0.217112 0
2.242134 0.428392 -0.494435 -0.358135 -0.290784 -0.612530 -0.432182 -0.314315 -0.256059 0
-1.481330 -0.519989 -0.143869 -0.314660 -0.468108 -0.563624 -0.001746 -0.178156 -0.274395 0
-0.005558 -0.305887 -0.528699 -0.348779 0.120891 1.690573 -0.268311 -0.283870 -0.259094 0
1.429775 0.186451 -0.728950 -0.527841 -2.216951 -0.042281 -0.388436 -0.365423 -0.348762 0
-1.088508 -0.360184 1.033698 0.534461 -0.139429 -0.665238 -0.007418 -0.031957 -0.017005 1
0.899715 0.143649 0.808668 0.704433 0.710497 -0.208502 0.258456 0.121936 0.081256 0
-0.501959 -0.400461 -0.423599 -0.248760 -0.521279 -0.688270 -0.430137 -0.251835 -0.190936 0
0.140041 -0.131016 -0.049047 -0.139509 -0.256303 -0.690886 -0.160137 -0.157126 -0.140775 0
1.099564 0.434099 -0.199499 -0.305175 -0.308764 -0.560064 0.101607 -0.043941 -0.097065 0
0.528661 -0.095195 -0.357092 -0.267696 -0.003259 1.136291 -0.384781 -0.270291 -0.202600 0
-0.656147 -0.424267 -0.540703 -0.389158 0.493979 0.049285 -0.253041 -0.264351 -0.273378 0
-0.085432 -0.315099 -0.386405 -0.267663 -0.915226 2.660777 -0.556679 -0.378005 -0.271370 0
-1.379094 -0.565634 -0.524527 -0.304050 -0.255826 -0.596640 -0.386712 -0.299445 -0.260775 0
0.260104 0.683520 1.796307 1.230913 0.203243 -0.665245 1.973211 1.141971 0.854804 0
0.274430 -0.100924 -0.268222 -0.290238 0.309923 -0.543038 -0.123668 -0.193826 -0.223164 0
1.433795 2.347901 1.321984 0.545336 0.977195 0.619544 1.718787 1.027998 0.710755 0
0.445860 -0.124258 -0.514248 -0.404741 -0.286079 -0.322919 -0.482094 -0.297330 -0.236702 0
0.991367 0.060866 -0.228303 -0.127421 -0.552968 -0.639731 -0.403271 -0.270829 -0.167510 0
-1.721828 -0.566706 0.130049 -0.060162 0.070315 0.834386 -0.253132 -0.236133 -0.214159 0
-0.636842 -0.429120 -0.469657 -0.358109 -1.095556 -0.591413 -0.491112 -0.376696 -0.265042 0
-0.557567 -0.403737 -0.474623 -0.366819 -0.513431 -0.539519 -0.364523 -0.260960 -0.225087 0
-0.723269 -0.329254 0.112049 -0.049897 0.472561 -0.597690 0.011797 -0.079874 -0.125164 0
-1.220104 -0.513510 -0.377209 -0.286702 -0.720366 0.505819 -0.457097 -0.301537 -0.220991 0
-0.407753 -0.380245 -0.463505 -0.335188 -0.090421 0.403822 -0.403485 -0.276207 -0.239482 0
0.144158 0.681338 2.513455 2.234701 1.733060 -0.625525 1.127985 0.816020 0.883335 0
-1.351415 -0.501409 0.049164 -0.146880 -0.653938 -0.360479 -0.271120 -0.232697 -0.189426 0
0.132578 -0.105783 -0.067939 -0.204815 -0.155543 0.209433 -0.452003 -0.329330 -0.241708 0
0.262465 0.133724 0.547598 0.074880 0.795853 -0.497324 0.128198 -0.027509 -0.116604 0
0.509042 0.654508 1.654001 1.044225 0.410789 -0.212426 1.428941 1.071445 0.761999 0
0.377189 0.066991 0.571116 0.291979 -0.521924 -0.667062 -0.170296 -0.032303 0.017105 0
0.325338 -0.248862 -0.381509 -0.242909 -0.934407 -0.113874 -0.533452 -0.312219 -0.236622 0
-1.611868 -0.567839 -0.223602 -0.264083 0.083636 1.077435 -0.206663 -0.191409 -0.207855 0
0.523355 -0.148600 -0.420383 -0.256276 0.712960 -0.694204 -0.108537 -0.178273 -0.175192 0
0.373545 -0.204219 -0.447284 -0.344215 -0.084122 0.002110 -0.380966 -0.283626 -0.279801 0
1.983411 1.924619 0.399791 -0.117925 -0.654551 0.141274 0.577467 0.280706 0.083041 0
0.133389 0.656870 1.678683 0.868116 0.456325 -0.611298 1.834890 1.111892 0.595392 0
0.215864 -0.036481 -0.318601 -0.369195 1.495744 2.101737 0.300601 -0.039336 -0.146696 0
1.078761 0.087166 -0.305750 -0.313297 -0.132385 -0.518098 -0.363418 -0.281130 -0.268090 0
1.699323 0.392408 -0.190584 -0.265259 -0.956526 -0.372440 -0.353248 -0.291125 -0.264537 0
-1.054172 -0.450317 -0.117810 -0.207546 0.131680 0.570672 -0.206045 -0.273156 -0.216475 0
0.816930 0.077840 -0.386020 -0.384630 0.836459 0.324756 0.123243 -0.123422 -0.195265 0
-1.158246 -0.479807 -0.382857 -0.395299 -0.533095 -0.678733 -0.438065 -0.333171 -0.308533 0
-0.498505 -0.176213 0.135158 -0.170387 1.402085 -0.353144 0.605102 0.110426 -0.069797 1
-0.900913 -0.462524 -0.443858 -0.347494 -0.505599 -0.455599 -0.343024 -0.261798 -0.236947 0
-1.470714 -0.534768 -0.101103 -0.185385 -0.426129 0.269071 -0.028148 -0.116277 -0.156647 0
3.047492 0.980564 -0.392952 -0.340439 0.163129 0.299312 -0.359489 -0.284832 -0.230768 0
1.557453 0.315080 -0.530770 -0.410894 -0.493901 -0.301370 -0.475569 -0.330273 -0.275455 0
0.369802 -0.162424 -0.549620 -0.412503 -0.014306 -0.486775 -0.422827 -0.327724 -0.244578 0
0.421266 -0.168114 -0.589353 -0.392049 -0.159864 -0.692960 -0.262588 -0.222432 -0.225943 0
0.349725 -0.165398 -0.281048 -0.288647 -0.327115 -0.688284 -0.228018 -0.242132 -0.279062 0
0.376655 -0.216413 -0.568249 -0.361397 0.201482 2.549045 -0.142822 -0.174678 -0.248502 0
-0.653315 -0.275589 0.414683 0.044213 -1.151761 -0.689958 0.055875 -0.006791 -0.041619 0
0.948298 0.137969 0.686197 0.530289 -0.631501 0.390455 0.063986 0.061013 0.058422 0
0.914392 -0.053565 -0.335709 -0.141757 -0.148037 -0.317004 -0.398235 -0.307434 -0.205139 0
-0.311469 -0.414039 -0.736500 -0.451597 -1.443232 2.212909 -0.494990 -0.374962 -0.322651 0
-0.276624 -0.367336 -0.559956 -0.356340 -0.562452 0.349077 -0.402723 -0.295241 -0.239416 0
0.494857 0.209414 -0.041454 -0.307071 0.500501 0.548329 0.550266 0.021944 -0.153634 0
-0.600255 -0.385460 0.048939 0.022816 -0.002642 0.927390 -0.358655 -0.191858 -0.094450 0
1.317261 0.290956 -0.405790 -0.375160 0.833176 3.149134 -0.143661 -0.215761 -0.218989 0
-0.201415 -0.328634 -0.481228 -0.373261 0.032590 -0.691371 -0.328209 -0.328923 -0.275245 0
1.003367 0.031233 -0.638637 -0.404618 0.001378 1.011803 -0.356823 -0.292679 -0.242134 0
1.240386 0.178272 -0.447051 -0.429061 1.037235 -0.074941 -0.092204 -0.191871 -0.268042 0
2.701316 4.460455 1.459197 0.747616 0.766577 0.613742 2.394936 1.821288 1.404755 0
0.042430 -0.215761 -0.292088 -0.269645 0.150649 0.515778 -0.273479 -0.219276 -0.191365 0
0.514173 -0.148554 -0.577787 -0.423750 -0.639396 0.349150 -0.425619 -0.312210 -0.278440 0
-1.375664 -0.489067 0.319258 -0.030897 1.324902 1.671157 0.335842 0.052886 -0.117624 0
0.507657 0.322224 0.802717 0.309680 -0.317373 -0.683305 -0.237137 -0.187961 0.010259 0
-0.444025 -0.280442 -0.080281 -0.219696 0.408563 -0.636468 0.026456 -0.124443 -0.131670 1
-0.098823 -0.383804 -0.400679 -0.115342 -0.364609 -0.681885 -0.389365 -0.310225 -0.236748 0
-0.170246 -0.098504 -0.221637 -0.313415 0.883755 0.115857 0.483034 -0.017274 -0.131533 0
0.583534 -0.016193 -0.288123 -0.324272 -0.104224 -0.572042 -0.121320 -0.155751 -0.169697 0
-0.344388 -0.306944 -0.240508 -0.264294 0.043950 -0.691685 -0.323813 -0.260108 -0.210221 0
0.145582 -0.275806 -0.644859 -0.435238 0.083369 -0.564625 -0.272322 -0.266874 -0.264963 0
-0.349524 -0.382260 -0.419086 -0.286244 -0.030859 -0.694232 -0.331103 -0.280554 -0.239383 0
1.419367 2.214405 2.039841 1.309755 0.779903 -0.680193 2.571407 2.078524 1.556368 0
-0.606435 -0.247509 0.824474 0.544169 -0.252824 0.034356 -0.050056 -0.000489 0.162991 0
0.414799 -0.102214 -0.251861 -0.283164 -0.013126 0.442793 -0.349779 -0.270828 -0.234941 0
0.071910 -0.240680 -0.377117 -0.264643 -0.673674 -0.642441 -0.407905 -0.303488 -0.236320 0
0.772419 0.123018 -0.213552 -0.259211 0.823248 -0.181180 -0.092996 -0.152255 -0.130530 0
-0.091586 -0.309934 -0.572029 -0.340149 -0.599588 -0.329873 -0.545909 -0.358847 -0.268517 0
1.337604 0.334608 -0.418708 -0.393300 0.829809 -0.426466 0.112893 -0.074416 -0.171852 0
-0.141930 0.116286 1.369295 0.847651 0.387440 -0.631072 0.326960 0.289151 0.258050 0
1.860888 0.723324 -0.091548 -0.257783 -0.095667 0.586953 -0.142992 -0.208325 -0.193989 0
0.848198 0.930032 1.152318 0.645684 0.695309 -0.137567 0.839129 0.692520 0.644840 0
0.649094 -0.091614 -0.451603 -0.354158 -0.199687 -0.589807 -0.421250 -0.349527 -0.296777 0
0.745082 -0.057807 -0.499372 -0.391859 -0.605069 -0.145937 -0.534345 -0.377814 -0.301528 0
-0.553187 -0.393546 -0.418942 -0.392900 0.082948 2.954005 -0.385041 -0.279002 -0.257523 0
1.729118 0.434687 -0.112364 -0.197496 1.171116 -0.298219 0.196416 -0.067498 -0.138210 0
1.114041 0.071362 -0.476971 -0.405713 0.505375 -0.443157 -0.093030 -0.183616 -0.237130 0
-1.504344 -0.566546 -0.362786 -0.299839 0.049809 -0.593162 -0.322309 -0.282712 -0.297541 0
0.374059 -0.209247 -0.459199 -0.277900 -0.871548 -0.681562 -0.652411 -0.364459 -0.244948 0
0.512998 -0.155719 -0.478542 -0.303195 -0.181770 1.734337 -0.393974 -0.287659 -0.214746 0
1.226779 1.540382 1.572515 1.034872 0.986206 -0.351243 1.300794 1.147835 0.982975 0
0.838453 0.049450 -0.344169 -0.298645 -2.050072 -0.406237 -0.218161 -0.158191 -0.157255 0
0.483192 -0.145381 -0.402858 -0.351529 -0.635765 -0.501727 -0.398312 -0.374022 -0.317084 0
-0.991863 -0.405909 -0.128843 -0.305811 -0.998611 -0.460834 0.043540 -0.161925 -0.238060 0
-0.425712 -0.424019 -0.617606 -0.363430 -1.082243 -0.302366 -0.433602 -0.369537 -0.326499 0
-0.558729 -0.261736 -0.430785 -0.486516 -0.011293 -0.498757 -0.243811 -0.267262 -0.267577 0
-0.953540 -0.438707 -0.465268 -0.396120 -0.578708 0.799814 -0.452537 -0.276307 -0.216626 0
0.072642 -0.312132 -0.597175 -0.359824 -1.728542 -0.638036 -0.470561 -0.353541 -0.281705 0
-0.434752 -0.397567 -0.325180 -0.211024 -1.201262 -0.616875 -0.517849 -0.420187 -0.299674 0
-1.088667 -0.421162 0.631859 0.390256 -1.050799 -0.427553 0.131525 0.135773 0.114789 0
-0.454660 -0.330269 0.040948 -0.046567 -0.052817 -0.657190 -0.094457 -0.096106 -0.122982 0
-0.405898 -0.344220 -0.155751 -0.198342 -0.916753 -0.150707 -0.048014 -0.167942 -0.206338 0
0.452155 -0.217496 -0.605996 -0.385897 -0.548499 -0.260054 -0.454593 -0.317902 -0.278703 0
0.073717 -0.193905 -0.363150 -0.373274 -0.194921 -0.482456 -0.464651 -0.316508 -0.260120 0
0.222562 -0.147546 -0.103091 -0.192739 -0.065280 -0.574421 -0.267164 -0.227535 -0.225697 0
1.423569 0.506214 -0.334073 -0.431705 0.474542 2.382503 -0.161377 -0.277917 -0.293748 0
-1.347209 -0.518437 -0.335103 -0.348261 -0.667312 -0.046210 -0.504412 -0.404018 -0.324158 0
-0.619828 -0.365436 -0.035248 -0.089489 -0.081653 -0.208072 -0.129558 -0.192313 -0.153287 0
0.098284 -0.198287 -0.343852 -0.331821 0.067459 -0.694236 -0.331914 -0.246616 -0.199093 0
-0.937570 -0.483080 -0.471477 -0.355775 -0.084417 -0.657628 -0.450316 -0.335695 -0.277164 0
-0.785924 -0.412782 -0.253567 -0.282258 -0.129942 0.473419 -0.416465 -0.364089 -0.272580 0
0.838603 -0.105188 -0.706034 -0.455689 -0.661966 -0.301858 -0.664941 -0.407202 -0.296378 0
-1.286696 -0.483414 -0.296438 -0.357429 0.197737 0.700187 -0.028162 -0.124554 -0.186761 0
0.918703 -0.034631 -0.557577 -0.420692 -0.463334 -0.249622 -0.425826 -0.296524 -0.247964 0
0.153838 -0.256493 -0.581823 -0.395343 -0.548167 -0.595146 -0.476626 -0.369222 -0.286093 0
0.580435 0.010864 0.209287 0.077734 -0.479179 -0.204400 0.097263 0.010755 -0.065340 0
0.673300 -0.047216 -0.570440 -0.459301 0.517480 -0.625693 -0.097950 -0.197143 -0.245830 0
-0.296807 -0.225822 0.115685 -0.017893 0.831873 -0.045159 -0.108614 -0.201929 -0.177822 0
-0.179126 -0.294162 -0.314451 -0.324846 -0.588193 1.428133 -0.475342 -0.349977 -0.303792 0
-1.865638 -0.614222 -0.470923 -0.349419 -0.315619 -0.196084 -0.475037 -0.346990 -0.257483 0
1.797263 2.886962 1.753655 1.301843 -0.309628 0.323605 1.627706 1.336458 1.294765 1
0.420697 -0.212697 -0.627942 -0.345112 -0.691552 -0.609427 -0.564721 -0.374868 -0.287495 0
0.503862 0.103250 -0.066773 -0.244557 0.951845 -0.334566 0.137775 -0.131777 -0.134201 0
0.568646 0.238281 -0.074202 -0.321400 1.343729 -0.308800 0.473015 -0.011168 -0.170808 0
-1.573147 -0.571360 -0.493005 -0.376799 -0.098930 -0.571305 -0.229208 -0.237033 -0.233203 0
0.182248 -0.194281 -0.423731 -0.347110 -0.815951 -0.555443 -0.341376 -0.320351 -0.230113 0
1.594339 0.520343 -0.458793 -0.442726 -0.563810 -0.617328 -0.179872 -0.235659 -0.232265 0
1.156584 0.216799 -0.281936 -0.320331 0.454007 -0.567621 -0.209124 -0.262463 -0.226172 0
-0.353727 -0.342047 -0.528357 -0.446962 -0.290308 -0.446971 -0.456810 -0.352808 -0.310687 0
0.106236 -0.256275 -0.505285 -0.333222 -0.796910 1.306866 -0.606313 -0.375776 -0.261666 0
-0.294279 -0.234623 -0.269309 -0.316294 -0.656305 -0.475590 -0.347801 -0.290582 -0.214861 0
0.490061 -0.145467 -0.502381 -0.373416 -0.567147 0.381276 -0.446854 -0.312869 -0.251472 0
0.577953 -0.127565 -0.514259 -0.307390 -0.617642 -0.220936 -0.525587 -0.347384 -0.244103 0
-0.852835 -0.442799 -0.443179 -0.403331 0.109741 0.209831 -0.435700 -0.311064 -0.263953 0
0.313611 -0.180250 -0.500342 -0.383961 0.015103 0.651992 -0.338133 -0.293763 -0.261442 0
0.228786 -0.169830 -0.561564 -0.458740 -1.336782 1.125895 -0.573018 -0.432484 -0.308210 0
2.020151 0.483320 -0.372039 -0.361757 0.138623 1.886107 -0.166721 -0.282511 -0.278669 0
-0.541045 -0.304358 0.309699 0.092211 -0.325116 -0.689104 -0.382055 -0.237499 -0.148607 0
0.159138 -0.198300 -0.464856 -0.399109 -1.142158 1.873657 -0.586075 -0.354083 -0.283254 0
-0.849548 -0.395863 -0.201817 -0.266794 0.806235 -0.251467 -0.064627 -0.210951 -0.239212 1
-0.100282 -0.321699 -0.638993 -0.419184 -0.631858 -0.491699 -0.468204 -0.328961 -0.265134 0
-0.169240 -0.308671 -0.388029 -0.319217 -0.220306 -0.673210 -0.377274 -0.296349 -0.297538 0
0.543137 -0.196257 -0.684825 -0.444627 -1.048377 -0.681462 -0.678985 -0.452591 -0.324161 0
-0.687599 -0.171302 1.231605 0.834790 0.511685 -0.017153 0.728102 0.599091 0.508254 0
1.463676 0.424450 0.494832 0.325234 -1.336296 -0.609492 -0.309462 -0.046582 0.036263 0
-1.389118 -0.508358 -0.078349 -0.194202 -0.167063 0.639528 -0.392917 -0.326031 -0.249240 1
-0.258399 -0.137449 0.087069 -0.143894 0.367363 -0.311581 0.488576 0.006846 -0.147198 0
-1.194445 -0.520915 -0.477361 -0.376980 0.020712 -0.399975 -0.393530 -0.315524 -0.273489 0
0.212247 -0.114239 0.641596 0.619933 -0.828372 0.326396 -0.563393 -0.296048 -0.086651 0
-0.915079 -0.425017 0.515860 0.415580 -0.792986 -0.070379 -0.116928 0.035320 0.073777 0
-0.086690 -0.334488 -0.565828 -0.361051 -0.619671 0.884870 -0.548287 -0.360596 -0.304812 0
-0.668455 -0.402290 -0.565955 -0.463176 0.544294 -0.648631 -0.059729 -0.200877 -0.263052 0
-1.807655 -0.593758 0.197626 0.125337 -0.272131 -0.648408 -0.103349 -0.167760 -0.171078 0
0.240446 -0.033511 -0.031584 -0.234525 -0.199835 -0.228062 0.216941 -0.036031 -0.178999 0
1.039290 1.244345 0.903923 0.422795 0.168295 0.050523 1.126899 0.812257 0.683122 0
-0.414890 -0.346636 -0.398818 -0.294924 -0.269068 0.984263 -0.545383 -0.359155 -0.241288 0
0.048623 -0.297825 -0.770045 -0.536583 -0.686424 -0.662405 -0.455318 -0.318765 -0.310455 0
0.590599 0.154419 -0.288316 -0.365980 1.114981 -0.693953 0.185730 -0.068872 -0.162266 0
0.878835 0.175879 -0.062088 -0.130199 0.032496 -0.667629 -0.211982 -0.196610 -0.069288 0
0.615185 -0.198076 -0.485225 -0.311443 -0.381364 -0.566139 -0.515935 -0.350207 -0.270538 0
-0.637856 -0.336003 0.682693 0.552269 0.286975 1.474186 0.118052 0.100382 0.127848 0
1.736464 3.290903 2.326053 1.669572 1.221838 0.080054 2.205311 2.107312 1.740088 0
-1.345222 -0.550896 -0.503267 -0.390563 -0.440342 -0.510660 -0.415182 -0.311392 -0.269198 0
1.630952 2.476845 1.780452 1.016333 2.294099 -0.646125 2.729980 2.046622 1.450548 0
-0.730421 -0.245287 1.038713 0.665202 -0.082908 -0.424546 0.271093 0.465183 0.422205 0
0.220127 -0.198928 -0.512172 -0.413726 -0.791034 -0.693929 -0.371210 -0.273429 -0.239482 0
0.395681 -0.135918 -0.438058 -0.376918 -0.004941 -0.019669 -0.378789 -0.303250 -0.267521 0
-1.376372 -0.554875 -0.312198 -0.247675 -0.574403 1.206895 -0.532185 -0.369379 -0.278534 0
0.583679 -0.165044 -0.559828 -0.395468 -0.772339 -0.241038 -0.585535 -0.392424 -0.297226 0
0.472915 -0.122763 -0.442573 -0.361438 0.020516 -0.203529 -0.298608 -0.252168 -0.231842 0
-0.586950 -0.275221 -0.133486 -0.305462 0.182896 -0.138039 -0.131931 -0.243249 -0.281516 1
-0.040123 -0.276599 -0.333169 -0.305472 -0.202324 -0.666787 -0.459124 -0.358902 -0.307651 0
0.636798 0.499100 1.052160 0.558325 0.353082 -0.357147 0.332993 0.222602 0.164210 0
-0.198843 -0.135664 0.024329 -0.153302 0.146686 -0.419775 -0.069788 -0.078757 -0.105716 0
-0.735812 -0.331610 0.300967 0.014059 -0.921184 2.603329 -0.011723 -0.009469 -0.100134 0
-0.024162 -0.235479 -0.121738 -0.179484 -0.373958 -0.401578 -0.213420 -0.242716 -0.226701 0
0.145785 -0.203591 -0.487149 -0.412981 0.718082 -0.647427 -0.141247 -0.218699 -0.249440 0
-0.097824 -0.280061 -0.487934 -0.386631 -0.161392 -0.089474 -0.369484 -0.265953 -0.237112 0
-0.928031 -0.487010 -0.406146 -0.273137 -0.795055 -0.685157 -0.558808 -0.419591 -0.327488 0
-0.274455 -0.375129 -0.592377 -0.407002 -0.537291 -0.556618 -0.567649 -0.390786 -0.336717 0
-1.698426 -0.602543 -0.733020 -0.444146 -0.595262 1.119389 -0.495338 -0.361803 -0.294244 0
0.047833 -0.372134 -0.656353 -0.401182 -0.647848 -0.325444 -0.555467 -0.369559 -0.300287 0
-0.494942 -0.400810 -0.417961 -0.311204 -0.911510 -0.674431 -0.618014 -0.420385 -0.296348 0
-0.941178 -0.474331 -0.543037 -0.416974 0.197046 0.075687 -0.194392 -0.254885 -0.255267 0
1.697088 0.910006 0.512361 0.118461 -0.444702 -0.080432 -0.149038 -0.055541 -0.016773 0
-1.045027 -0.490692 -0.485831 -0.359933 1.010850 0.104445 0.114402 -0.106654 -0.191922 1
0.554508 -0.135779 -0.564975 -0.374375 -0.412318 0.334249 -0.502286 -0.380984 -0.299340 0
0.574238 -0.151368 -0.432716 -0.314951 -0.621677 -0.177536 -0.587795 -0.394513 -0.295490 0
-1.381979 -0.576370 -0.547431 -0.353109 -0.459941 -0.610641 -0.485408 -0.337152 -0.312312 0
0.592078 -0.147080 -0.477706 -0.403948 -0.158786 -0.660447 -0.481049 -0.360944 -0.308998 0
0.709369 -0.083118 -0.555161 -0.398173 -0.428297 0.496147 -0.497365 -0.349449 -0.286363 0
-0.440179 -0.326425 -0.172827 -0.234560 0.073049 -0.685803 -0.362052 -0.295598 -0.228467 0
2.397689 0.691626 -0.561906 -0.496950 1.303187 0.052012 -0.094467 -0.223821 -0.299285 0
0.334632 -0.210089 -0.579177 -0.412046 -0.058521 -0.258870 -0.380375 -0.308935 -0.279147 0
2.070681 0.477165 -0.295573 -0.301417 -0.220831 0.009410 -0.380063 -0.313529 -0.257392 0
0.986780 -0.009981 -0.603167 -0.480616 -0.431804 -0.667489 -0.366546 -0.297310 -0.293916 0
0.038470 -0.273732 -0.584401 -0.401523 -0.958157 -0.319177 -0.619075 -0.366735 -0.255323 0
-1.111663 -0.449980 -0.107188 -0.233645 -0.429027 -0.513710 -0.271793 -0.212796 -0.226835 0
-1.828145 -0.611145 -0.606562 -0.414533 -0.233244 -0.678858 -0.327619 -0.317030 -0.288144 0
-1.800630 -0.595415 -0.326368 -0.292509 -0.405339 -0.436636 -0.297710 -0.237781 -0.238375 0
-1.271264 -0.507386 -0.045954 -0.183858 0.175382 -0.567597 -0.233754 -0.271390 -0.250056 0
0.645168 -0.159747 -0.742739 -0.483089 -0.244031 -0.694094 -0.445140 -0.340299 -0.290735 0
-0.152989 0.612612 2.955788 2.840117 -0.485135 -0.691985 2.211295 2.309818 2.218476 0
-0.723565 -0.365921 0.018153 -0.138604 -0.702983 -0.400105 -0.329821 -0.183276 -0.150118 0
-0.204275 1.083360 4.135287 4.446711 -0.555484 0.354732 4.013622 3.864227 3.540547 1
-0.427209 -0.218267 -0.201751 -0.356246 1.499449 1.622322 0.202621 -0.066465 -0.218242 0
0.023702 -0.286982 -0.693876 -0.460966 0.025060 -0.599848 -0.441986 -0.355540 -0.304102 0
1.089640 0.241543 -0.223583 -0.300108 0.213612 -0.662338 -0.080961 -0.219416 -0.222053 0
-0.379561 -0.286990 -0.162857 -0.215989 -0.605255 -0.636524 -0.248538 -0.257135 -0.240305 0
-0.084667 -0.348243 -0.685606 -0.420874 -0.604741 0.992133 -0.565073 -0.383766 -0.319779 0
-0.310101 -0.355047 -0.586051 -0.431922 -1.734074 -0.338829 -0.420900 -0.299686 -0.250152 0
-1.699480 -0.578173 0.096807 0.068816 0.386745 -0.636809 -0.170516 -0.158625 -0.081801 0
1.351715 0.425364 -0.324748 -0.422343 -0.043132 0.030744 -0.174372 -0.249852 -0.282182 0
-1.748978 -0.607828 -0.632992 -0.396319 -0.296419 -0.684497 -0.326517 -0.277010 -0.252058 0
0.416353 -0.161611 -0.532500 -0.404654 -0.638056 -0.484470 -0.509119 -0.324785 -0.255783 0
0.405637 0.719983 2.009887 1.566602 -0.563664 -0.683208 1.474705 1.326484 1.064565 0
1.013293 0.147869 -0.461218 -0.411643 1.250002 -0.006256 0.001010 -0.179634 -0.212405 0
0.882938 0.109125 -0.328183 -0.330682 0.279655 -0.519982 -0.233318 -0.254641 -0.252346 0
1.499625 0.316438 -0.484849 -0.416621 0.349550 -0.049067 -0.222422 -0.281090 -0.252133 0
-0.911562 -0.490481 -0.675961 -0.456681 -1.347029 -0.649613 -0.687375 -0.412498 -0.309681 0
1.505967 0.274664 -0.320963 -0.311563 0.911551 0.325103 0.018879 -0.188800 -0.216272 0
0.103159 -0.227003 -0.520079 -0.413819 -0.780174 -0.691733 -0.511885 -0.334667 -0.268640 0
-0.846446 -0.489678 -0.603058 -0.393302 -0.429227 0.325340 -0.452309 -0.346564 -0.297845 0
-0.158737 -0.340964 -0.558128 -0.429318 -0.689641 0.180899 -0.508123 -0.370077 -0.309973 0
0.244351 -0.271571 -0.663755 -0.439781 -0.661594 -0.597860 -0.650731 -0.394402 -0.298284 0
0.248736 -0.239654 -0.621349 -0.423858 0.037530 -0.682148 -0.322101 -0.288538 -0.271048 0
-0.432555 -0.414912 -0.811410 -0.482591 -0.862801 -0.609634 -0.593504 -0.409965 -0.328069 0
0.188045 -0.223506 -0.051878 -0.030716 -0.841671 -0.693777 -0.478254 -0.349325 -0.282492 0
-1.046375 -0.487167 -0.295589 -0.232850 -0.430734 0.142747 -0.455498 -0.353658 -0.248635 0
-1.155545 -0.523542 -0.578865 -0.420805 -0.559804 -0.313645 -0.555800 -0.368398 -0.316394 0
0.002438 -0.259838 -0.445753 -0.332734 -0.440083 -0.223045 -0.504942 -0.376511 -0.304995 0
1.889395 0.674293 -0.184233 -0.318038 1.475064 -0.429554 0.362834 -0.022687 -0.188992 0
0.254263 0.007298 0.198913 -0.007712 -0.747648 0.001925 -0.163894 -0.098995 -0.054565 0
-0.199018 -0.291784 -0.375075 -0.348956 -0.519040 -0.523666 -0.582172 -0.405066 -0.291521 0
1.471252 0.304588 -0.379020 -0.379980 -1.063925 1.780060 -0.471770 -0.332897 -0.239143 0
1.482668 0.727695 0.093232 -0.195930 0.065413 -0.637426 0.795332 0.162450 -0.115241 0
0.947738 0.422614 -0.397307 -0.483012 1.696468 -0.105139 0.414433 0.003051 -0.210926 0
