5.604435 36.116150 7.394232 8.913766 11.066515 15.206206 19.257061 21.218977 22.284273 0
1.104846 5.062673 7.029790 8.288509 9.029888 0.033991 13.994699 14.286317 13.603567 0
2.695755 9.790903 7.207811 8.756444 9.095301 7.238023 13.661438 14.084698 13.683878 0
-0.581373 0.255762 4.865918 5.088764 3.517183 -0.136253 3.950376 3.702937 3.549035 0
0.062932 0.395529 4.091105 4.265427 1.995650 -0.291175 2.114571 2.117477 2.093567 0
-0.450124 0.094032 3.316650 3.068138 2.528055 -0.270064 2.318423 1.972663 1.662365 0
-0.723195 0.056726 3.221075 2.904205 3.605539 0.281164 2.992941 2.365835 1.940179 0
-0.660918 -0.003729 3.787547 3.735984 1.764289 -0.287281 1.791589 1.695346 1.558313 0
-0.471953 0.055383 3.377042 3.270254 1.765416 -0.134121 1.665837 1.604443 1.412882 0
-0.160286 0.160515 3.677571 3.847586 1.864312 0.089538 1.600320 1.602616 1.501670 0
-1.477762 -0.172246 3.317625 3.066660 -2.258422 -0.285018 1.575300 1.347329 1.133436 0
-0.596304 -0.014122 3.038527 3.043619 2.290568 -0.088575 1.272916 1.167257 1.143115 0
-0.338394 0.108338 3.212328 2.886352 1.653306 -0.052059 1.779938 1.422569 1.230523 0
-1.195935 -0.157014 3.472734 3.583939 1.651082 -0.182249 0.833437 0.901687 0.951680 0
-0.156998 0.147237 2.564007 2.207326 2.323497 -0.264148 1.652513 1.262106 1.091016 0
-0.798641 -0.093503 2.645685 2.685360 1.369483 -0.091682 1.066495 0.917584 0.857522 0
-1.470512 -0.196118 2.478732 2.514549 1.379242 -0.149583 0.845624 0.775437 0.673418 1
-0.701600 -0.083837 2.787631 2.804223 0.885789 0.095325 0.990877 0.899026 0.819100 0
-0.241809 0.055787 1.695164 1.414241 2.107895 -0.186657 1.357865 1.018892 0.767522 0
-0.405676 -0.049891 2.445731 2.533998 1.328673 -0.282918 0.878485 0.784582 0.676272 0
-0.685441 -0.081107 2.977563 3.135129 1.364797 -0.281060 0.822395 0.804231 0.738078 0
0.288033 0.593774 1.811426 0.979993 4.111680 -0.281309 3.150547 2.097270 1.381604 0
-0.101955 -0.002824 1.293385 0.921774 2.270700 -0.020481 0.990140 0.658864 0.428157 0
-0.289132 -0.041254 1.471412 0.975140 1.127982 0.501124 0.645511 0.631403 0.424400 0
1.343984 0.411593 1.933377 1.583989 -0.155392 -0.180283 0.217184 0.422292 0.518240 0
-0.475366 -0.088224 1.188790 0.942890 1.858340 -0.086389 0.790284 0.583725 0.386399 0
-0.895108 -0.100224 1.940338 1.707640 1.695745 0.113928 1.199350 0.903496 0.698917 0
-1.622548 -0.232425 2.164404 2.352051 0.266467 -0.045171 0.220597 0.344567 0.390916 1
-0.751963 -0.117528 2.470709 2.501219 0.307230 0.952968 0.491150 0.555117 0.632111 0
-0.986230 -0.127745 1.925799 1.682120 1.322705 -0.279169 1.087778 0.768757 0.624630 0
-1.405639 -0.210032 2.321066 2.238016 1.007600 -0.010873 0.610372 0.533430 0.419332 0
-0.662319 -0.064125 2.066837 1.952316 1.172651 -0.291756 0.897273 0.806108 0.758378 0
1.047905 1.168772 2.071459 1.103898 3.214894 0.615914 2.537334 1.740824 1.210133 0
-0.588593 -0.127411 1.667808 1.525356 0.383425 -0.289048 0.423096 0.408013 0.323700 0
-0.271815 -0.043875 2.312722 2.436841 0.755074 -0.282716 0.633391 0.524503 0.521327 0
-1.533912 -0.221442 2.251607 2.337759 0.542632 -0.278210 0.454059 0.444078 0.468594 1
-1.618314 -0.233551 2.325787 2.622797 0.245685 0.045425 0.140467 0.258157 0.348046 1
0.410638 0.013473 1.508403 1.572341 0.146818 -0.291954 0.089510 0.221730 0.297401 0
0.096136 -0.038378 1.296843 1.274917 1.037265 0.791697 0.583335 0.418921 0.314552 0
1.418585 0.225161 1.529234 1.435586 0.571828 -0.287536 0.398824 0.403262 0.309630 0
-0.677993 -0.093424 1.325521 0.853714 0.160209 -0.279896 0.038257 0.210639 0.271917 0
-0.999061 -0.162131 1.540943 1.293015 0.216193 0.034921 0.280046 0.329265 0.341578 1
-1.182676 -0.172356 1.774022 1.492594 0.334088 -0.223858 0.245190 0.373042 0.407076 0
-0.096034 0.225251 2.872227 2.353706 0.092754 -0.183420 0.975193 1.218436 1.245277 0
0.273381 -0.001581 1.558073 1.423571 1.065992 -0.235535 0.685803 0.420804 0.276029 0
0.339589 0.322688 1.229305 0.670577 1.616093 0.182495 1.187873 0.858330 0.664515 0
0.099202 0.035374 1.203268 0.848908 0.818305 -0.195390 0.660548 0.527569 0.386382 0
-1.043122 -0.155759 0.929013 0.605943 0.483626 -0.232348 0.554753 0.426056 0.347597 0
-1.265297 -0.173746 1.647609 1.271574 1.294856 -0.266297 0.574072 0.429824 0.439184 0
-0.695339 -0.019081 1.565916 0.876814 2.698171 0.721463 1.297642 0.753333 0.511934 0
-1.266366 -0.191875 1.415946 1.157145 1.134708 1.064984 0.581661 0.425969 0.326143 0
-0.900494 -0.117928 1.677564 1.225686 1.581883 -0.171543 0.816537 0.561656 0.464627 0
-0.694161 0.118016 2.658869 1.780977 2.822852 -0.291905 1.748235 1.202830 0.891115 0
-1.325546 -0.193934 0.776837 0.299284 2.595229 0.021268 1.236439 0.584787 0.221918 0
0.603902 0.070920 0.853804 0.612992 1.134824 0.029797 0.527422 0.270050 0.189056 0
0.150926 -0.020921 0.730707 0.530769 0.110215 -0.106883 0.217480 0.239494 0.146983 0
-1.118795 -0.191034 0.424888 0.222082 0.968652 -0.288161 0.519064 0.351870 0.150887 0
-0.394281 -0.121895 1.379432 1.400377 -0.147833 -0.108352 -0.039868 0.142691 0.198239 0
0.334813 0.028748 0.799435 0.573273 -0.469552 0.177301 -0.011626 0.189356 0.234420 0
-0.214766 -0.057781 1.020235 0.704318 0.902411 -0.222552 0.341722 0.287208 0.218780 0
-1.662555 -0.241342 1.718905 1.900927 -0.211818 -0.109083 -0.090925 0.070671 0.143225 0
0.391199 -0.012824 1.164208 1.236205 0.532607 -0.290022 0.273350 0.237150 0.218693 0
-0.311843 0.124542 1.666941 0.975978 -0.402760 11.491875 1.293094 1.076595 0.782285 0
-0.438866 -0.090164 0.675916 0.400946 0.030189 -0.008678 0.032176 0.114333 0.150546 0
-0.076527 -0.015263 0.140471 -0.065646 2.077350 -0.271478 0.523716 0.290318 0.174506 1
-0.134044 -0.103543 0.125265 0.052061 -0.205630 -0.248428 -0.139533 -0.008259 -0.009552 0
-0.431883 -0.024186 0.982001 0.489944 0.300792 -0.166566 0.540725 0.368852 0.225333 0
1.297418 0.197185 0.855521 0.681410 0.353494 -0.060831 0.053557 0.160675 0.191305 0
-1.038037 -0.194533 0.943519 0.724854 -0.151934 -0.264311 -0.051120 0.085077 0.100146 0
-0.894476 -0.175710 1.178544 1.166589 0.378046 0.313376 0.208457 0.193069 0.134996 0
-0.099477 -0.064578 0.665715 0.411544 1.450807 -0.205490 0.397811 0.198242 0.091777 0
-0.889300 -0.155882 1.535861 1.235469 0.679974 -0.291882 0.306097 0.212652 0.195640 0
-0.329796 -0.066251 0.764770 0.403508 0.073605 -0.214802 0.125731 0.124172 0.095312 0
-1.166176 -0.194725 0.506524 0.234377 1.085591 -0.214767 0.741978 0.420752 0.168832 1
1.209768 0.209357 0.200981 0.019027 0.686823 0.269446 0.334791 0.201691 0.087942 0
1.349677 0.157137 0.611702 0.449055 0.456908 -0.100902 0.166427 0.142032 0.080608 0
0.791064 0.071136 0.610424 0.454580 -0.462480 -0.183155 -0.118919 0.093309 0.141001 0
-0.367084 0.011020 0.692507 0.210727 0.495414 -0.210848 0.399865 0.332860 0.288460 0
1.194273 0.131429 0.970990 0.883579 -0.359036 -0.187736 -0.051821 0.033124 0.092475 0
-0.709430 -0.091108 1.257195 0.628492 1.658923 -0.290006 0.630776 0.364648 0.170192 0
0.253581 0.059075 0.922845 0.507909 0.128522 -0.285037 0.360609 0.311219 0.262963 0
-0.442163 -0.125199 0.454778 0.397388 1.168184 0.020327 0.349353 0.182599 0.058111 0
1.430594 0.303213 0.607646 0.430555 1.589884 0.416597 0.737474 0.388150 0.200218 0
-0.874645 -0.146759 0.214653 0.052808 0.997519 -0.270668 0.426487 0.258630 0.124764 0
-1.419536 -0.216150 0.589668 0.420991 0.953420 -0.260223 0.364104 0.188367 0.121384 0
-0.590853 -0.107601 0.771239 0.368811 0.539614 0.217906 0.440471 0.188589 0.093447 0
-1.333048 -0.209241 1.235468 1.083691 0.079794 -0.281922 0.091845 0.129659 0.149454 0
-0.991673 -0.153377 0.437174 0.053306 2.634269 1.330404 0.809906 0.286398 0.067239 0
-1.416796 -0.207679 0.621799 0.217741 0.728706 -0.291187 0.398959 0.287218 0.170232 0
-1.243775 -0.169425 1.088149 0.633131 0.268916 -0.280418 0.334210 0.175212 0.127103 0
-0.161614 -0.044210 0.646678 0.265934 0.289467 0.350236 0.146969 0.136481 0.066982 0
0.319627 -0.004899 0.095328 -0.033874 0.423858 -0.291358 0.129633 0.071753 0.002710 0
1.755142 0.242756 0.468621 0.337269 0.207923 0.560545 0.022999 0.081956 0.075956 0
0.356811 0.058379 0.173779 -0.062819 1.870112 -0.290486 0.865579 0.372551 0.098341 0
-0.905917 -0.172188 0.526139 0.444096 0.082219 -0.021268 -0.014848 0.040361 0.050096 0
-1.444938 -0.214026 1.399922 1.088443 0.061164 1.076623 0.259926 0.135092 0.094881 0
-1.218373 -0.201669 0.442343 0.372170 0.401112 -0.190437 0.255367 0.195090 0.135688 0
-0.994632 -0.196273 0.085040 0.022399 0.598865 -0.169937 0.011654 0.006196 -0.047339 0
-0.879850 -0.148122 0.098605 -0.127313 0.385678 0.560622 0.158967 0.095821 0.043790 0
0.720514 0.025854 0.556060 0.631189 -0.784366 -0.225604 -0.229527 -0.045582 0.027752 0
-0.301421 0.104113 1.199609 0.486065 2.737388 -0.173479 1.457724 0.746290 0.330388 0
-0.417883 -0.095743 0.785272 0.683859 0.494719 -0.274351 0.129303 0.129619 0.150057 0
-1.481176 -0.210983 0.896618 0.486546 1.445788 0.522237 0.937080 0.442018 0.183906 0
-0.681222 -0.141147 0.418153 0.162457 1.224595 -0.182247 0.322456 0.214241 0.044125 0
-0.977904 -0.175044 0.182791 -0.042226 -0.084284 -0.289807 0.148854 0.128706 0.023191 0
-0.922113 -0.172202 0.101185 -0.057664 0.536874 0.189522 0.088635 0.065159 0.003073 0
1.448854 0.208157 0.036554 -0.145752 0.231079 -0.288484 -0.104358 -0.009722 -0.054473 0
0.327529 0.056395 0.516657 0.254271 0.528702 0.007213 0.337930 0.241393 0.149127 0
-1.080027 -0.185237 1.198037 1.148024 0.286147 -0.177264 0.108682 0.139252 0.153031 1
0.976934 0.103448 0.594873 0.637530 -0.928268 0.077455 -0.189157 -0.008750 0.067793 0
-1.496292 -0.230574 0.373666 0.340999 -0.573632 -0.253892 -0.365933 -0.142282 -0.026276 0
0.159821 -0.052413 0.579853 0.539132 -0.451256 0.081707 -0.052613 0.043545 0.109860 0
-0.522005 -0.138878 -0.111128 -0.230594 -1.710824 -0.008411 -0.021210 -0.060698 -0.105751 0
-1.151870 -0.212985 0.306532 0.385891 -0.189604 -0.255076 -0.200250 -0.051135 0.003232 0
-0.218583 -0.067541 1.054357 1.026891 -1.506725 -0.136270 0.424392 0.292325 0.286299 0
0.620705 0.414798 2.181514 2.004115 0.197008 -0.038494 0.431573 0.397873 0.608204 0
-0.369293 -0.088529 0.633716 0.394721 0.996941 -0.138065 0.069644 0.010255 -0.007190 0
-0.891238 -0.162011 0.888463 0.676405 0.315673 -0.284316 0.099963 0.123450 0.141726 0
-0.976213 -0.185617 0.394798 0.400780 0.181412 -0.245221 -0.104753 -0.023063 0.013088 0
1.483746 0.213352 0.232008 0.088779 0.999375 -0.264189 0.317498 0.141862 0.039177 0
0.207477 -0.072234 0.436321 0.581721 -0.381751 -0.125270 -0.116163 -0.040721 0.004557 0
1.564644 0.317308 0.436322 0.121667 0.480057 0.063776 0.047510 -0.027761 -0.041215 0
-1.442179 -0.231654 0.284228 0.398753 -0.858622 -0.270401 -0.352483 -0.134808 -0.024996 0
1.181562 0.148367 0.694959 0.428718 0.277399 0.020435 -0.092895 -0.044516 -0.024954 0
-0.972215 -0.162722 0.408613 0.111718 0.306664 -0.094665 0.136372 0.062750 0.026694 0
0.315356 -0.000313 0.262571 -0.006443 0.234578 -0.028993 0.155388 0.085156 -0.037015 0
-1.315967 -0.219344 0.386495 0.283676 0.088951 -0.184818 0.175471 0.067146 -0.003261 0
1.450329 0.189802 0.631854 0.441469 -0.702457 -0.217339 -0.251175 -0.049277 0.024894 0
-0.996799 -0.176623 0.279828 0.038546 -0.830182 -0.087363 -0.071382 -0.102932 -0.046480 0
-1.426376 -0.225759 0.562575 0.576217 0.734684 -0.021955 0.126697 0.085750 0.066028 0
0.975893 0.118102 0.275373 0.161506 -0.379022 -0.072604 -0.153006 -0.036835 0.012287 0
-1.302385 -0.222241 0.169847 0.290937 0.249815 -0.272647 -0.132015 -0.065026 -0.060359 1
2.694769 0.409976 -0.511263 -0.363768 0.780058 0.699220 0.047637 -0.040007 -0.083793 0
-0.747141 -0.091842 0.240730 -0.135815 1.315163 -0.291072 0.635598 0.253280 0.031587 0
-1.032930 -0.185176 0.364896 0.356968 0.184933 0.035591 -0.029826 0.058257 0.078361 1
0.792056 0.094376 -0.081078 -0.240256 1.906069 0.031345 0.588370 0.170393 -0.027182 0
-1.640927 -0.232945 0.653527 0.396757 0.737231 -0.190379 0.397284 0.182356 0.058905 0
-1.209764 -0.194674 0.255754 0.029812 -0.318655 -0.258979 0.126710 0.035197 0.039181 0
1.364409 0.135728 0.365511 0.325725 0.615645 0.344335 0.031668 0.019541 -0.013721 0
0.014241 -0.061819 0.482473 0.219495 -0.071946 -0.279933 -0.080895 0.015775 0.007662 0
1.191280 0.193106 0.165454 0.057711 0.110174 -0.269732 0.012272 0.014757 0.039760 0
-1.445452 -0.204352 1.268322 0.746345 0.466842 0.721504 0.352819 0.305071 0.203915 0
-0.812541 -0.189973 0.319936 0.373229 -0.098664 -0.051657 -0.243750 -0.085246 -0.046973 0
1.077833 0.125772 -0.368685 -0.364832 -0.176652 -0.268874 -0.261833 -0.136982 -0.132375 0
0.548864 -0.013175 0.332698 0.309041 0.142961 -0.291943 0.157342 -0.001072 -0.008936 0
-0.280507 -0.143778 -0.162108 -0.047931 0.087373 -0.291656 -0.094197 -0.071035 -0.083520 0
0.151665 -0.068075 -0.044779 -0.164736 -0.073621 -0.068742 -0.056623 -0.011029 -0.078643 0
-1.548119 -0.232910 0.446779 0.464060 -0.173287 -0.227669 -0.141750 -0.041910 0.022140 0
-0.034746 -0.004724 0.510286 0.047843 1.691036 -0.109203 0.611462 0.245606 0.089618 0
-1.461357 -0.224160 0.302767 0.121814 1.286988 -0.225317 0.224899 0.098202 -0.010195 0
-1.015542 -0.187688 0.532743 0.485459 -0.149281 -0.249173 -0.052914 -0.041782 -0.004864 0
-0.263985 -0.103420 0.347588 0.313008 1.182458 -0.290029 0.305618 0.133439 0.077920 0
1.153789 0.137576 -0.165631 -0.279151 0.335160 0.489930 -0.098370 -0.042403 -0.088211 0
0.215544 -0.060616 0.300669 0.394451 -0.117693 -0.211388 -0.028145 0.015004 0.023782 0
-0.048265 -0.087704 -0.212780 -0.184685 0.443290 0.032227 -0.054650 -0.034535 -0.064692 0
-1.397419 -0.227012 0.080176 0.176825 -0.026465 -0.288488 -0.216785 -0.107490 -0.064643 0
-0.720026 -0.160183 0.106137 -0.004685 -0.079051 -0.238401 -0.139809 -0.029522 0.000089 0
-0.660711 -0.088741 0.802297 0.359538 0.846601 -0.281286 0.476120 0.306632 0.214530 0
-1.026106 -0.196250 0.014032 0.015151 0.532588 -0.272073 -0.101973 -0.097786 -0.042066 0
-1.422007 -0.234485 0.508400 0.737577 -0.618906 -0.215858 -0.369396 -0.141783 -0.048871 1
-0.969680 -0.187960 0.130335 0.078731 0.169105 0.799945 -0.078959 -0.032375 -0.029844 0
0.206248 0.031597 0.322480 0.061440 0.931871 -0.167010 0.194074 0.142251 0.066866 0
-1.380930 -0.224059 0.269522 0.311397 -0.729288 -0.081013 -0.305503 -0.139160 -0.049636 0
0.941714 0.101371 0.198250 0.102760 0.526136 0.228774 0.026051 0.013830 0.015509 0
-1.158398 -0.189210 0.233744 -0.004325 1.308559 -0.263818 0.369525 0.171240 0.033445 0
-1.279098 -0.156728 1.038168 0.340694 -0.840486 -0.290375 1.030386 0.512868 0.183467 0
-1.565823 -0.235881 0.641800 0.652076 -0.188782 -0.290283 -0.166285 -0.058660 -0.012607 1
-0.267980 -0.109809 -0.006704 0.067470 -0.660248 -0.203167 -0.407792 -0.149636 -0.026478 0
0.378118 0.041727 -0.088597 -0.215559 0.562358 -0.082645 0.126880 0.035558 -0.019926 0
-0.332076 -0.028497 1.263605 0.861458 -0.408557 -0.282115 0.164327 0.166832 0.214926 0
0.605225 -0.011821 0.274453 0.358708 -0.490290 -0.289273 -0.238387 -0.097562 -0.007828 0
0.850688 0.093599 0.029181 -0.079523 -0.195017 -0.009781 -0.091461 -0.060093 -0.036314 0
-1.395477 -0.226946 0.046413 0.098987 -0.789619 -0.283532 -0.369262 -0.192645 -0.110940 0
-0.199560 -0.062283 -0.188563 -0.282918 0.901713 -0.276409 0.402307 0.121657 -0.008743 0
-1.601743 -0.242362 -0.143734 0.044451 -0.378270 -0.197746 -0.263111 -0.121810 -0.084604 1
-0.197588 0.161593 1.286167 0.639840 1.475142 -0.194726 0.404434 0.226747 0.226476 0
2.184771 0.333051 -0.126327 -0.135128 0.294278 -0.276920 -0.123079 -0.067545 -0.076439 0
0.612495 -0.031075 0.204396 0.336912 -0.556761 -0.284105 -0.178649 -0.092439 -0.025613 0
-0.179964 0.125479 1.172763 0.465415 0.958881 0.038175 0.932839 0.485479 0.231357 0
-0.316501 -0.091035 0.269899 0.106821 -0.526559 -0.257591 -0.193734 -0.013961 0.068019 0
-0.744543 -0.156493 0.140659 0.051447 -0.314493 0.040595 -0.332735 -0.149321 -0.044576 0
0.258121 -0.052653 0.334128 0.335529 0.148218 -0.145624 -0.018303 -0.026339 -0.028519 0
-1.457123 -0.202413 1.306859 0.712657 -0.003533 -0.045260 0.545987 0.345223 0.212260 0
1.425142 0.115495 0.316278 0.365380 -0.948145 -0.171238 -0.303706 -0.188749 -0.054350 0
-1.060998 -0.180494 0.422839 0.164523 1.090433 0.888510 0.243203 0.090583 0.030267 0
1.108975 0.155201 0.411270 0.165811 -0.014945 -0.072601 -0.212664 -0.156910 -0.115995 0
-0.817301 -0.163939 0.093926 -0.061404 0.605643 -0.273904 0.128163 0.038621 -0.028679 0
-0.098443 -0.092321 -0.089160 -0.193662 0.886321 -0.243586 0.171589 0.021799 -0.066924 0
-0.051888 -0.094795 0.116947 0.012338 -0.253796 -0.239425 -0.276742 -0.179727 -0.125034 0
-0.721919 -0.173333 -0.047284 0.042136 -0.728321 -0.170671 -0.356684 -0.156265 -0.065691 0
1.013853 0.084115 0.063068 0.005206 1.115202 0.503265 0.273043 0.074512 -0.011829 0
-0.735380 -0.124493 0.423992 0.101292 1.233933 -0.198794 0.112209 0.031495 0.052862 0
-0.041839 -0.080062 -0.356268 -0.315377 0.506777 0.580125 0.031207 -0.064130 -0.102031 0
0.356689 0.027676 -0.346379 -0.430357 1.459137 -0.103158 0.387128 0.027706 -0.124485 0
1.130194 0.103763 -0.016054 0.009183 -0.786469 -0.272708 -0.391256 -0.144637 -0.041480 0
0.944520 0.042175 -0.018328 -0.003405 -0.515659 -0.165594 -0.310809 -0.148953 -0.064028 0
-0.499023 -0.108072 0.392046 0.183059 0.079232 0.671264 0.058879 0.069411 0.079681 0
-0.710986 -0.162270 0.097346 -0.006736 -0.125560 0.989593 -0.137532 -0.062875 -0.049451 0
-1.398897 -0.216562 0.119718 -0.100224 -0.150633 -0.187689 -0.139234 -0.041309 -0.056727 0
0.437253 0.048460 0.611115 0.371848 0.641114 0.218544 0.204937 0.075761 0.029551 0
-0.714768 -0.135348 0.098368 -0.109625 1.183792 -0.130838 0.242509 0.034814 -0.024236 0
-0.854954 -0.167507 0.217601 0.060668 0.378378 -0.290152 -0.179837 -0.137002 -0.114288 0
0.703390 0.007608 -0.224064 -0.235063 -2.306743 -0.291980 -0.285350 -0.153390 -0.127200 0
1.022812 0.116775 0.139661 -0.127080 1.325365 -0.153166 0.281540 0.049171 -0.118255 0
-1.107361 -0.213762 -0.180203 -0.034367 0.477819 -0.268882 -0.027335 -0.030753 -0.065959 0
0.584467 -0.020270 0.008482 0.064983 0.203598 -0.226250 -0.013552 -0.070107 -0.078664 0
-0.317724 -0.115055 -0.125168 -0.131849 0.824025 2.181525 0.268700 0.064535 -0.022920 0
-0.191340 -0.123354 0.143350 0.213559 -0.731014 0.280987 -0.373510 -0.169521 -0.094907 0
0.385309 0.012303 0.229894 -0.046131 0.841157 -0.269508 0.387743 0.084651 -0.052622 0
-1.082676 -0.202831 0.111579 0.062025 -0.334307 -0.057096 -0.212470 -0.080131 -0.052394 0
-1.340709 -0.222243 0.033338 -0.041834 -0.101791 -0.286007 -0.147547 -0.109717 -0.101047 0
-1.335587 -0.223223 0.078684 0.231488 -0.088646 0.582508 -0.162567 -0.116611 -0.067955 0
-1.246958 -0.212445 0.336081 0.123209 0.563619 -0.291417 0.017674 -0.059525 -0.132687 1
-1.527797 -0.212187 1.162993 0.713603 0.207208 -0.152587 0.327005 0.249307 0.157147 0
-1.381418 -0.223360 0.103570 0.083088 -0.456548 -0.217541 -0.397308 -0.165491 -0.059725 0
0.361341 0.015396 -0.223809 -0.361507 0.669594 -0.180593 0.273067 0.039956 -0.101225 0
1.373285 0.305066 0.057293 -0.229000 1.067272 0.068200 0.374783 0.086993 0.010220 0
-1.204208 -0.192600 0.151112 -0.131363 0.366433 0.195972 0.094104 0.033502 -0.063739 0
-0.426165 0.101080 1.292748 0.560886 -0.221533 -0.279358 0.567712 0.724404 0.703386 0
-0.652941 -0.137376 0.337500 0.179264 0.158816 -0.245108 -0.086637 -0.024452 0.036378 0
0.022666 -0.054907 0.081809 -0.127894 1.612524 -0.264521 0.088205 -0.075362 -0.120486 0
0.958744 0.065501 0.067533 0.055368 -0.381319 -0.291916 -0.201864 -0.114287 -0.074085 0
-0.623825 -0.130437 0.106488 0.026110 0.371864 -0.140654 0.042135 0.020682 0.046990 0
-0.722384 -0.140923 0.157458 -0.025425 -0.402805 -0.229450 -0.188298 -0.077976 -0.029217 0
-0.743796 -0.159146 -0.566761 -0.466494 0.443532 -0.290419 -0.095296 -0.096939 -0.098874 0
-0.817085 -0.104197 1.191963 0.673370 -1.076941 -0.046235 0.645064 0.455212 0.325043 0
0.889143 0.057122 0.002279 0.036738 -0.239810 -0.289490 -0.008546 -0.057298 -0.028622 0
-1.519515 -0.237526 0.356167 0.450398 -0.288383 -0.214326 -0.367262 -0.201632 -0.128236 0
0.355998 -0.025386 -0.217705 -0.239887 -0.089413 -0.110744 -0.053110 -0.063734 -0.068217 0
-0.583717 -0.158529 -0.065692 -0.123913 -0.823709 -0.277523 -0.237348 -0.228572 -0.169187 0
0.826166 0.069276 0.104381 0.089722 -0.795907 -0.290241 -0.318635 -0.124477 -0.031049 0
2.264908 0.283660 -0.532802 -0.448136 1.250381 -0.276472 0.285692 -0.011227 -0.160438 0
-0.566216 -0.139931 -0.403129 -0.420618 0.595977 -0.276122 0.033998 -0.032369 -0.106539 0
-1.100649 -0.186432 0.389261 0.197574 -0.187983 -0.263782 -0.298238 -0.146607 -0.033266 0
0.435290 0.127597 0.892491 0.434961 -0.085367 -0.209155 0.239488 0.292237 0.273126 0
0.740506 0.069819 -0.306563 -0.384614 0.510216 0.100824 0.072733 -0.033097 -0.161547 0
-1.437340 -0.229629 -0.290403 -0.254624 0.266750 0.089959 -0.179687 -0.131338 -0.133192 0
-1.477745 -0.229672 0.085905 0.075728 -0.801424 -0.246783 -0.191936 -0.090254 -0.041871 0
-0.770025 -0.149906 -0.122071 -0.262472 -0.317170 -0.289211 -0.057958 -0.065622 -0.068662 0
0.585100 0.034074 -0.131261 -0.186672 0.254789 -0.289565 -0.012172 -0.052124 -0.049367 0
2.037231 0.320793 0.029474 -0.067865 1.479401 -0.290921 0.309718 0.045069 -0.015154 0
-0.374105 -0.109897 -0.069571 -0.181516 0.891391 -0.289748 0.031436 -0.046708 -0.072113 0
-1.615773 -0.242333 -0.176055 -0.029833 -0.452274 -0.291235 -0.406312 -0.207448 -0.110391 0
0.165567 -0.020371 0.126981 -0.077399 0.063429 0.064155 0.068908 -0.045271 -0.074666 0
0.331709 -0.029333 -0.034437 -0.154111 -0.669022 -0.167592 -0.226695 -0.197720 -0.131932 0
-0.502852 0.135341 1.369940 0.580402 2.242882 -0.217494 1.862851 1.120749 0.758403 0
-0.129459 -0.013630 1.038363 0.658828 0.108537 -0.247057 -0.055822 0.038984 0.114070 0
-1.198292 -0.207353 0.368791 0.308878 -0.343006 -0.195729 -0.299615 -0.158916 -0.077923 0
2.200729 0.592518 -0.100171 -0.284812 0.812461 -0.292003 0.271841 0.090729 -0.006217 0
-0.295498 -0.097307 0.136637 0.039210 -0.004874 -0.255580 -0.256452 -0.139539 -0.081120 0
-0.590588 -0.153511 -0.136251 -0.243422 0.445581 0.681581 -0.164037 -0.144392 -0.170182 0
0.499760 0.011669 -0.415479 -0.415210 0.896781 -0.291323 0.210402 -0.046756 -0.129038 0
-0.420464 -0.110837 -0.168080 -0.293914 0.267135 -0.287870 0.026110 -0.043189 -0.121240 0
1.814322 0.247649 -0.346081 -0.352773 0.442441 -0.145455 0.194427 -0.002424 -0.093919 0
0.059110 -0.072959 -0.060216 -0.080226 0.042106 -0.012136 -0.188923 -0.128224 -0.077825 0
1.186733 0.109894 -0.327973 -0.349558 0.446027 -0.278033 0.078920 -0.081667 -0.111672 0
-0.091490 -0.047502 -0.003905 -0.218839 0.395454 0.304005 -0.016598 -0.065496 -0.096774 0
-1.434968 -0.215742 0.253616 -0.034667 0.476471 0.303371 0.173507 0.003299 -0.094089 0
-0.291154 -0.094607 -0.275510 -0.323531 0.150972 -0.218068 -0.255027 -0.126403 -0.067330 0
1.303069 0.089971 -0.565878 -0.427543 -0.118177 0.416482 -0.107311 -0.086271 -0.146376 0
0.847597 0.051218 0.287660 0.119758 -0.117806 0.142323 -0.145440 -0.078834 -0.057093 0
0.959069 0.100502 0.210654 0.155391 -0.672990 -0.180617 -0.195056 -0.039106 0.013945 0
-0.995833 -0.201069 -0.052844 -0.079536 -0.486946 -0.261310 -0.130188 -0.107513 -0.097108 0
-0.251261 -0.082370 0.149297 0.015440 1.586512 -0.239421 0.521230 0.115149 -0.061301 0
-1.388606 -0.225418 0.008863 0.021868 -0.436670 -0.273542 -0.303409 -0.175359 -0.106037 0
0.460114 0.059326 -0.255310 -0.393106 0.753249 -0.142191 0.128594 -0.001809 -0.082916 0
-1.171516 -0.209130 0.335463 0.344429 0.224144 -0.241470 -0.034971 -0.043536 -0.030299 0
0.387130 -0.045631 -0.205473 -0.145257 -0.466703 0.263597 -0.457679 -0.263699 -0.157840 0
2.250230 0.265654 -0.092046 -0.127147 0.512418 -0.287173 -0.136608 -0.130833 -0.125208 0
-0.320855 -0.080258 0.274062 -0.002899 0.590723 -0.264211 0.138176 0.021481 -0.028058 0
0.545778 0.017207 -0.399136 -0.449854 0.705686 1.263645 0.058968 -0.041609 -0.141064 0
0.073571 -0.052685 -0.259133 -0.252444 0.410239 -0.016817 0.199510 -0.005227 -0.080960 0
-0.722766 -0.163672 -0.339138 -0.345680 1.075289 -0.234005 0.228799 0.021241 -0.071973 0
1.799781 0.254245 -0.338178 -0.319257 -0.148535 -0.290069 -0.130811 -0.158323 -0.154415 0
-1.180020 -0.208224 0.352403 0.290364 -0.436215 -0.251381 -0.279303 -0.152873 -0.106322 0
1.560385 0.132367 -0.592918 -0.464775 -0.090534 -0.091005 -0.291955 -0.179333 -0.162135 0
0.803735 0.057261 -0.348620 -0.290960 0.065584 0.149107 0.030815 -0.030830 -0.075899 0
-0.538199 -0.145086 0.151412 0.056314 -0.250220 0.168870 -0.129409 -0.107146 -0.086438 0
-0.243752 -0.123563 -0.173609 -0.117282 -0.468058 -0.132837 -0.198080 -0.144151 -0.081482 0
2.093200 0.264055 -0.545406 -0.409881 -1.568691 -0.237721 -0.171812 -0.188125 -0.189949 0
-0.693284 -0.131716 -0.110721 -0.290779 0.568045 -0.056940 0.236798 -0.018823 -0.122227 0
-0.264241 -0.114418 -0.544757 -0.459129 -0.157675 0.247202 -0.360462 -0.215345 -0.194891 0
0.071455 0.003886 -0.207250 -0.362907 0.814113 0.582739 -0.027702 -0.054318 -0.079142 0
-1.406630 -0.237616 -0.431889 -0.122242 0.028608 0.138502 -0.269290 -0.186510 -0.164656 0
-0.432887 -0.146510 -0.097176 0.026094 -0.623684 -0.236243 -0.416187 -0.170447 -0.065430 0
0.741165 0.051711 -0.185380 -0.208141 -0.131258 -0.196614 -0.144102 -0.080484 -0.055681 0
-0.131868 -0.060848 -0.309169 -0.383221 0.471409 -0.291791 -0.220456 -0.181744 -0.137710 0
-0.882448 -0.187531 -0.244329 -0.132244 0.077444 0.509699 -0.065037 -0.053241 -0.045318 0
-1.146913 -0.201658 0.159421 0.002074 0.032047 0.284003 0.039297 -0.068951 -0.130381 0
0.841082 0.050847 -0.432783 -0.439299 0.326785 -0.161135 -0.064802 -0.086175 -0.149811 0
-1.165640 -0.168176 0.892018 0.436179 0.539664 0.570935 0.073215 0.074399 0.090348 0
0.421272 0.014734 -0.059215 -0.210697 0.503349 -0.126883 0.156206 0.016274 -0.139732 0
1.098319 0.067070 -0.406551 -0.290061 0.408896 -0.248456 -0.193010 -0.148165 -0.113828 0
-1.358307 -0.218172 -0.135261 -0.201643 -0.004589 -0.277055 -0.131269 -0.118396 -0.133841 0
0.704018 0.052363 -0.272138 -0.352828 -0.589098 -0.275166 -0.305576 -0.212620 -0.173137 0
0.329416 -0.062461 -0.426479 -0.232293 -0.569097 0.211597 -0.372357 -0.221160 -0.136568 0
0.755222 -0.030475 -0.686223 -0.484816 0.170760 -0.242972 -0.178269 -0.169055 -0.223801 0
-0.995781 -0.192173 0.073172 0.000358 0.211972 -0.274388 -0.073381 -0.092321 -0.083101 0
-0.808575 -0.161338 -0.217396 -0.286019 1.453712 0.205805 0.237916 -0.054176 -0.146610 0
0.067597 -0.108408 -0.528083 -0.304194 -0.430795 -0.270048 -0.403632 -0.242535 -0.174022 0
0.765863 0.039538 -0.270278 -0.280279 -0.605457 -0.082700 -0.283363 -0.193403 -0.131269 0
0.286948 -0.014167 -0.190086 -0.250429 -0.173615 -0.278324 -0.031772 -0.081765 -0.084915 0
0.889490 0.000371 -0.204369 -0.137667 0.320758 0.072979 -0.192490 -0.184931 -0.206398 0
0.973494 0.010185 -0.344038 -0.156272 -0.116149 -0.210273 -0.144364 -0.142033 -0.130897 0
0.414309 -0.033360 -0.507383 -0.450084 0.591035 -0.227453 -0.186716 -0.179387 -0.195055 0
-1.475988 -0.223302 0.186968 -0.056823 0.464277 -0.060736 0.076898 -0.099849 -0.082643 1
0.884059 0.014754 -0.615823 -0.356514 -0.664926 -0.167094 -0.348989 -0.210930 -0.139807 0
0.435613 -0.030169 -0.252653 -0.204037 -0.284998 0.325535 -0.331372 -0.172716 -0.125098 0
0.533919 0.001953 -0.190076 -0.297198 0.621947 0.237896 0.214997 0.016550 -0.116643 0
0.921509 0.042927 -0.330543 -0.390502 0.555637 -0.291849 0.029646 -0.074062 -0.184182 0
0.562889 0.030336 -0.087796 -0.217242 -0.625630 -0.282999 -0.424491 -0.215723 -0.144231 0
1.084693 0.813666 0.840925 0.133667 -0.776769 -0.261591 1.007559 0.653747 0.422484 0
0.735164 -0.029043 -0.459768 -0.327688 -0.262167 0.880955 -0.348265 -0.199550 -0.160887 0
0.548523 -0.001494 -0.327676 -0.340627 -0.650430 -0.280886 -0.280623 -0.236746 -0.157161 0
-1.094618 -0.185358 0.533673 0.295004 -0.300615 -0.263034 -0.241268 -0.165799 -0.155190 0
-0.678646 0.006917 2.307973 1.685132 -0.210927 0.053983 1.113693 0.996139 0.907956 0
0.214241 -0.035338 -0.042800 -0.102452 0.588237 -0.291988 -0.028255 -0.073839 -0.059843 0
-0.768768 -0.169579 -0.426555 -0.432579 0.030903 0.075027 -0.167589 -0.118972 -0.130144 0
1.975686 0.290937 -0.453487 -0.432368 0.620959 -0.076944 0.053589 -0.057700 -0.108959 0
-0.162372 -0.107903 -0.281373 -0.197996 0.355713 -0.016225 -0.115994 -0.126190 -0.104618 0
1.562682 0.260640 -0.148535 -0.305498 0.183024 0.263990 -0.136131 -0.138367 -0.179612 0
2.639010 0.529833 -0.613289 -0.572554 1.702898 -0.113690 0.360868 -0.005746 -0.167390 0
0.550320 0.067080 -0.108036 -0.260844 -0.203338 0.125050 -0.246027 -0.169849 -0.159375 0
1.292828 0.126149 -0.435994 -0.378514 -0.271408 -0.291494 -0.383714 -0.208856 -0.157024 0
-0.164114 -0.116799 -0.327079 -0.253373 -0.617918 0.718193 -0.532630 -0.369820 -0.273984 0
1.282220 0.052463 -0.513158 -0.268565 -1.030403 0.175924 -0.493879 -0.275188 -0.172125 0
0.094879 0.673668 3.159863 2.590638 0.601875 15.983486 2.800296 1.800976 1.634844 0
0.640841 0.052562 -0.141875 -0.219388 0.121058 -0.290176 -0.081360 -0.104793 -0.106382 0
-1.455303 -0.193287 3.041189 3.023393 -0.615104 -0.188154 0.725668 0.660116 0.595105 0
1.448786 0.081627 -0.514892 -0.336698 0.380566 -0.252879 -0.145919 -0.146311 -0.137293 0
0.489814 -0.006266 -0.382371 -0.419462 1.071522 -0.239073 0.240196 -0.059980 -0.193973 0
-0.786784 -0.148077 0.147134 -0.059339 -0.773158 0.495344 -0.330039 -0.171825 -0.101868 0
-1.304928 -0.222720 -0.140894 -0.065966 -0.437116 0.438150 -0.195155 -0.129443 -0.098477 1
-0.368209 -0.151156 -0.420777 -0.272734 -0.085192 -0.272182 -0.306693 -0.205860 -0.148497 0
-0.077483 -0.105321 -0.316394 -0.277707 -0.707031 -0.290588 -0.413438 -0.192938 -0.139781 0
0.650892 0.052261 0.937841 0.655518 -0.668891 -0.289928 -0.066538 0.092156 0.145789 0
-1.008380 -0.170792 0.335787 0.099494 -1.645448 -0.029996 0.277846 0.121137 0.071187 0
0.980184 0.038440 -0.386205 -0.292542 -0.326095 -0.265474 -0.056423 -0.141756 -0.166808 0
-1.472105 -0.236250 -0.406809 -0.224969 -0.917610 -0.201767 -0.422894 -0.250405 -0.149456 1
0.345398 -0.047887 -0.212773 -0.201644 0.024339 -0.205053 -0.247150 -0.203397 -0.176850 0
-0.543002 -0.136760 -0.181351 -0.271963 0.197324 0.093412 -0.043984 -0.097547 -0.130478 0
2.161898 0.299821 -0.545136 -0.449932 0.501404 0.292954 -0.214402 -0.230623 -0.213834 0
0.568130 0.012560 -0.604662 -0.498358 0.571248 0.012134 0.177107 -0.055711 -0.147159 0
-1.355083 -0.222192 -0.200747 -0.249190 0.945805 0.177617 0.215578 -0.034003 -0.158329 1
0.330065 -0.056453 -0.266020 -0.264905 0.422600 -0.073015 -0.118291 -0.187801 -0.207969 0
0.180301 -0.066515 -0.387138 -0.388592 -0.085904 -0.151029 -0.216209 -0.161195 -0.186498 0
-1.049350 -0.186559 0.108986 -0.158058 -0.575261 -0.269928 -0.260374 -0.247681 -0.187992 0
-0.364710 -0.114471 -0.287650 -0.245571 -0.708570 -0.278450 -0.297949 -0.139056 -0.071001 0
0.271863 0.018630 -0.352522 -0.396103 1.397553 -0.289310 0.136029 -0.055869 -0.123571 0
-0.167854 -0.098999 -0.589260 -0.467426 -0.280629 0.465956 -0.201516 -0.179052 -0.178168 0
-0.855280 -0.195387 -0.488208 -0.235513 -0.153910 -0.245546 -0.354828 -0.227866 -0.156002 0
0.015054 -0.089616 -0.653497 -0.486597 0.451242 -0.288888 -0.080420 -0.124198 -0.148512 0
-0.590443 0.260453 3.407557 2.908978 0.460849 27.992915 2.369902 1.352871 1.249266 0
1.294401 0.154653 -0.321413 -0.242345 0.027229 -0.164067 -0.239290 -0.183759 -0.121126 0
-0.814342 -0.152744 0.122146 -0.139039 -0.647906 -0.073144 -0.244449 -0.124304 -0.077248 0
-0.326119 -0.029266 0.746280 0.350579 1.276173 0.414790 0.355460 0.102339 0.163390 0
1.719821 0.220904 -0.335504 -0.324035 -0.472343 -0.051732 -0.313213 -0.129114 -0.099487 0
1.311845 0.164874 -0.252346 -0.318420 0.437002 -0.199873 -0.055708 -0.129677 -0.153391 0
0.334515 -0.046523 -0.579956 -0.469810 1.009459 -0.259775 0.000379 -0.116708 -0.189994 0
-1.156559 -0.208750 -0.241130 -0.277706 -0.040292 -0.244503 -0.169706 -0.132608 -0.142918 0
-0.273079 -0.071820 0.148099 -0.149554 0.177155 0.066359 -0.145861 -0.154822 -0.144993 0
-1.312376 -0.218330 -0.127076 -0.155906 -0.344200 -0.177186 -0.288559 -0.185679 -0.149638 0
0.505212 -0.012871 -0.305536 -0.317463 -0.089023 -0.195896 -0.167069 -0.167522 -0.156597 0
0.919610 0.020120 -0.373351 -0.257582 -0.498758 -0.243412 -0.378292 -0.212157 -0.153198 0
1.040718 0.145427 -0.219430 -0.351798 1.172698 -0.076029 0.315362 -0.033865 -0.125616 0
0.121207 -0.065348 -0.024561 -0.119084 -0.038558 0.327217 -0.092582 -0.117776 -0.149301 0
1.356141 0.070653 -0.599729 -0.388326 -0.028635 -0.166347 -0.174929 -0.179733 -0.171066 0
-0.419161 -0.123646 0.301682 0.147157 -0.934860 -0.137221 -0.341177 -0.176922 -0.101939 0
0.964953 0.039643 -0.364215 -0.281897 -0.773119 -0.261750 -0.431080 -0.265765 -0.173600 0
-1.566438 -0.241597 -0.192791 -0.041132 -0.577004 0.352987 -0.354338 -0.220962 -0.152684 0
2.300164 0.407233 -0.001595 -0.140178 0.542015 -0.264108 0.095224 -0.056382 -0.101535 0
-0.829941 -0.156102 -0.004103 -0.189737 -0.603796 -0.291683 0.004267 -0.175158 -0.109501 0
-0.952666 -0.175927 -0.185728 -0.298874 -0.289563 0.115343 -0.313014 -0.220627 -0.157694 0
-0.039655 -0.099973 -0.234134 -0.119676 -0.359107 -0.191943 -0.339062 -0.203665 -0.141524 0
-1.329545 -0.226957 -0.380271 -0.267823 -0.805708 0.213918 -0.385787 -0.262426 -0.197014 0
0.023442 -0.046367 0.112095 -0.114567 -0.354719 -0.166418 0.315666 -0.031016 -0.074237 0
0.989475 0.033830 -0.418630 -0.318275 -0.309604 -0.274797 -0.428936 -0.267232 -0.191533 0
-0.647858 0.068837 1.544587 0.813850 0.896584 -0.266082 1.684118 1.089265 0.850498 0
-1.396319 -0.223313 -0.131918 -0.239636 0.104874 -0.261257 -0.256229 -0.187356 -0.151514 0
-1.040949 -0.190459 -0.255091 -0.345191 -0.219434 -0.137283 -0.255364 -0.202931 -0.200775 0
0.775445 0.032167 -0.591666 -0.467242 -0.477444 -0.208775 -0.342908 -0.181641 -0.143915 0
-1.547623 -0.239106 -0.036422 -0.015250 -0.828543 -0.076805 -0.488700 -0.280308 -0.187997 0
0.617735 -0.010182 -0.241811 -0.208151 -1.463536 0.657177 -0.448538 -0.324201 -0.196075 0
-1.198476 -0.203222 -0.214773 -0.248642 -0.708030 -0.207338 -0.284009 -0.175296 -0.129432 0
0.904267 0.022702 -0.577659 -0.470901 0.501459 0.001788 -0.022718 -0.162237 -0.222617 0
0.287094 -0.075049 -0.250147 -0.185355 -0.139916 -0.224083 -0.209736 -0.172779 -0.157026 0
-0.161465 -0.125250 -0.577501 -0.452883 -1.018922 0.190855 -0.421126 -0.270639 -0.191101 0
-0.925893 -0.194742 -0.232602 -0.195799 0.208810 -0.285764 -0.085252 -0.087922 -0.115326 0
0.707886 -0.004750 -0.199021 -0.230328 -0.428488 -0.086160 -0.318368 -0.184889 -0.134981 0
-0.950477 -0.174781 0.231717 0.045720 -0.214417 -0.290969 -0.158345 -0.134220 -0.054503 1
-0.790175 -0.154191 -0.123822 -0.284950 0.216036 -0.288676 -0.114359 -0.117950 -0.128867 0
1.252953 0.079657 -0.442809 -0.288550 -0.009762 -0.260725 -0.109776 -0.117356 -0.118519 0
0.929961 0.064295 -0.571079 -0.533946 0.158453 -0.291384 -0.186627 -0.158873 -0.194021 0
-1.073230 -0.191033 -0.252960 -0.369617 0.314860 -0.287030 -0.024785 -0.107529 -0.157556 0
0.529586 -0.013225 -0.130669 -0.127683 -0.894309 -0.263355 -0.400821 -0.253680 -0.187604 0
-0.500592 -0.107347 0.593830 0.382403 0.297463 -0.102828 -0.011530 0.065039 0.079118 0
-0.380070 0.112417 3.162057 2.829848 1.106894 -0.165243 1.877843 1.492573 1.287704 0
1.172901 0.067948 -0.427167 -0.274829 0.820274 0.655546 0.060465 -0.068492 -0.112331 0
-0.823510 -0.195270 -0.116156 -0.036741 -0.643143 -0.278351 -0.402227 -0.246340 -0.180233 0
0.781918 0.047115 -0.279922 -0.236086 -0.732271 -0.290799 -0.327758 -0.223505 -0.138724 0
1.761680 0.114189 -0.676887 -0.412199 0.120022 0.012137 -0.222293 -0.177581 -0.163937 0
1.380128 0.211413 -0.226392 -0.271137 0.597544 -0.264497 -0.014567 -0.121522 -0.104870 0
-1.836594 -0.255026 -0.274569 0.013675 -0.481806 -0.140266 -0.361663 -0.216459 -0.145395 0
1.323557 0.112179 -0.429539 -0.338675 -0.409900 -0.280932 -0.198567 -0.175132 -0.133188 0
0.893614 0.061899 -0.405424 -0.343540 0.196876 -0.148007 -0.266990 -0.160500 -0.111261 0
0.325715 0.011249 -0.592757 -0.562190 0.676809 -0.274001 0.087278 -0.045320 -0.141163 0
-0.266585 -0.051039 -0.253465 -0.398750 0.964137 0.372469 0.442380 0.033788 -0.117977 0
0.271134 -0.016160 -0.060246 -0.168470 -0.326944 -0.290925 -0.224610 -0.137841 -0.092363 0
-0.603169 -0.166017 -0.608241 -0.491222 0.534272 1.835063 -0.148398 -0.187202 -0.185814 0
-0.537647 -0.155306 -0.455822 -0.419119 -0.144464 -0.247970 -0.173250 -0.199788 -0.216075 0
-0.627556 -0.128387 0.066823 -0.190104 0.084854 -0.267869 -0.229602 -0.155033 -0.162048 0
0.101746 -0.051309 -0.572062 -0.557168 1.441036 0.120240 0.267387 -0.002148 -0.157441 0
-1.216968 -0.207367 0.085794 -0.095262 0.166819 -0.286981 -0.059265 -0.122015 -0.169713 0
0.268338 -0.078242 -0.005410 0.074845 -0.908865 -0.254382 -0.464708 -0.245438 -0.155875 0
0.385075 -0.024942 -0.525541 -0.427070 -0.420516 -0.060765 -0.408150 -0.227080 -0.144326 0
0.097715 0.011234 0.555686 0.234987 0.569685 -0.201432 0.210576 0.182308 0.106933 0
-1.019195 -0.188849 0.048250 -0.075537 -1.082739 -0.256369 -0.149699 -0.189071 -0.120251 0
1.887990 0.310634 -0.034502 -0.141304 0.029909 -0.288960 -0.243195 -0.195841 -0.161084 0
0.738604 0.023969 -0.236305 -0.246996 -0.113096 0.169325 -0.359493 -0.235795 -0.158155 0
-0.637696 -0.145701 -0.354572 -0.387848 -0.738595 0.059304 -0.401450 -0.284683 -0.233785 0
0.972665 0.028497 -0.494391 -0.316486 -0.693854 -0.145147 -0.297030 -0.211862 -0.152395 0
1.014785 0.043563 -0.454215 -0.386796 0.593545 -0.275186 -0.047768 -0.134530 -0.189203 0
-0.170592 -0.055470 -0.503040 -0.558784 0.677590 -0.208589 0.482471 0.019063 -0.161437 0
-1.121899 -0.194844 -0.474723 -0.492962 0.690817 -0.188795 -0.034924 -0.148642 -0.212573 0
-0.103448 -0.074732 -0.395011 -0.401918 -0.141934 -0.273333 -0.186105 -0.143678 -0.147085 0
0.020799 -0.113825 -0.601749 -0.364676 -0.633660 1.214180 -0.320542 -0.258264 -0.203432 0
0.347149 -0.027457 -0.604571 -0.519553 2.075994 -0.267098 0.315189 -0.015689 -0.165244 0
1.921305 0.230713 -0.355486 -0.314228 -0.123381 -0.057957 -0.303270 -0.245786 -0.186603 0
0.254131 0.217026 0.607665 0.023553 1.317824 0.997243 0.302011 0.169006 0.043345 0
-1.238046 -0.214174 -0.178731 -0.233213 -0.293414 -0.282262 -0.332564 -0.247548 -0.242433 0
0.188837 -0.055718 -0.147110 -0.174808 -1.024102 -0.286456 -0.523918 -0.244821 -0.126622 0
-1.396348 -0.231668 -0.625019 -0.392955 -0.076002 0.432741 -0.308378 -0.255431 -0.250185 0
-0.756274 -0.182157 -0.461447 -0.386217 0.625831 -0.050407 -0.032397 -0.126610 -0.196965 0
0.274634 -0.057728 -0.427673 -0.361020 -0.308283 -0.290728 -0.400131 -0.262338 -0.205402 0
-0.503883 -0.135031 0.325351 0.240785 -1.683441 0.424283 -0.262231 -0.133948 -0.040114 0
0.359961 0.015534 -0.112727 -0.275331 -0.768662 -0.191013 -0.008202 -0.150284 -0.153148 0
-1.028945 -0.172858 0.742515 0.548503 0.034370 -0.002501 0.144741 0.180053 0.187520 0
1.745402 0.213170 -0.484296 -0.383172 -0.511859 -0.256741 -0.417409 -0.253689 -0.192533 0
0.810967 0.001531 -0.613122 -0.412660 -0.366030 -0.216269 -0.279263 -0.207150 -0.174343 0
0.470041 -0.024124 -0.485728 -0.461069 0.054688 -0.262669 -0.253898 -0.213445 -0.204030 0
-1.457996 -0.223338 -0.003021 -0.168760 0.065987 -0.193812 -0.252532 -0.202508 -0.194177 0
2.843165 0.459351 -0.578334 -0.416298 -0.079012 -0.117257 -0.280688 -0.207979 -0.155157 0
-0.764863 -0.135342 0.142632 -0.150462 1.834423 1.867652 0.230965 -0.000515 -0.045835 1
0.309131 -0.061539 -0.418340 -0.335056 -0.337352 0.047926 -0.358408 -0.239706 -0.196405 0
-1.264914 -0.188446 1.064188 0.637338 -1.497991 -0.271475 0.544471 0.320017 0.195793 0
0.394395 0.007830 -0.289248 -0.356340 -0.626231 0.318694 -0.430538 -0.229923 -0.158514 0
0.374460 -0.059700 -0.374768 -0.320098 0.129299 -0.284522 -0.128508 -0.141387 -0.156855 0
-1.070493 -0.170068 0.383927 0.058915 -2.360679 0.034394 0.506145 0.222136 0.085542 0
-1.314772 -0.220545 -0.282286 -0.284293 0.407501 -0.291685 -0.206430 -0.203399 -0.206274 0
-0.648692 -0.163291 -0.140373 -0.229473 0.046904 -0.105659 -0.013116 -0.127226 -0.165346 1
-1.046418 -0.201302 -0.701436 -0.534700 0.283157 0.149699 -0.164589 -0.179168 -0.175642 0
-1.361773 -0.216022 0.094630 -0.103854 0.157670 -0.109996 -0.241683 -0.198300 -0.141696 0
0.331870 0.061140 0.339956 0.056683 -0.730219 0.546905 0.012161 0.030682 -0.005154 0
-0.036940 -0.081082 -0.141218 -0.255324 -0.519389 -0.216219 -0.173104 -0.175769 -0.189703 0
0.433295 0.043890 -0.388814 -0.470127 0.692202 -0.234774 0.121624 -0.068214 -0.168716 0
0.145994 -0.094496 -0.734052 -0.514478 -0.542490 -0.268235 -0.342730 -0.231908 -0.216468 0
1.270517 0.062509 -0.366642 -0.191499 -1.150992 0.664076 -0.403615 -0.220081 -0.138140 0
1.430162 0.107039 -0.292729 -0.148350 -0.317896 -0.287698 -0.204064 -0.154192 -0.112748 0
-0.950879 -0.167209 0.861852 0.621010 0.096620 -0.286953 0.109432 0.065566 0.080834 0
-0.872240 -0.193565 -0.400762 -0.230016 -0.115183 0.026034 -0.303810 -0.194339 -0.144473 0
-1.036760 -0.205503 -0.418632 -0.313282 -0.758393 -0.154280 -0.430983 -0.271025 -0.227569 0
-1.522614 -0.236876 -0.310076 -0.243208 -0.229291 -0.019992 -0.247899 -0.188544 -0.155158 0
-1.296933 -0.201735 -0.080178 -0.254748 -0.663944 -0.245578 -0.312969 -0.165878 -0.152310 0
0.747856 -0.002824 -0.738356 -0.527590 0.134798 -0.027294 0.016246 -0.119678 -0.174659 0
0.584398 -0.009774 -0.379001 -0.388508 0.552988 -0.286572 -0.091129 -0.172505 -0.199084 0
0.200228 -0.043773 -0.505924 -0.464513 -1.048324 -0.215354 -0.441226 -0.315715 -0.245672 0
-0.623275 -0.136460 -0.174004 -0.356389 0.456714 0.805948 -0.027466 -0.123931 -0.198362 0
-1.623400 -0.237978 0.411728 0.151261 -0.992863 0.047070 -0.251627 -0.220073 -0.112416 0
-1.225332 -0.201084 0.055947 -0.130871 0.189794 -0.068243 0.134997 -0.086293 -0.126269 1
-0.954915 -0.191226 -0.219122 -0.220866 -0.814678 -0.280475 -0.429088 -0.258014 -0.184591 0
0.785138 0.012106 -0.406568 -0.352546 0.483983 -0.290149 -0.135367 -0.182488 -0.186280 0
-1.312063 -0.223259 0.039480 -0.076894 -0.075856 0.085008 -0.344816 -0.250330 -0.209012 0
-0.223996 -0.109851 -0.272855 -0.257092 -0.361649 -0.159405 -0.419710 -0.269783 -0.196099 0
0.899320 0.032097 -0.354849 -0.362062 -0.654081 -0.179831 -0.388483 -0.264684 -0.208292 0
-0.486953 -0.120968 -0.625620 -0.524338 1.072023 1.179828 0.032718 -0.096991 -0.135580 0
-0.566754 -0.121431 -0.069165 -0.234553 0.433509 -0.246615 -0.054531 -0.090475 -0.139293 0
-0.699326 -0.161415 -0.467501 -0.454578 0.515287 -0.277055 0.057574 -0.071328 -0.127352 0
0.999782 0.065388 -0.381134 -0.355227 0.463024 -0.175229 -0.317350 -0.210956 -0.174366 0
-1.135784 -0.212975 -0.599563 -0.427024 0.239204 -0.226103 -0.328325 -0.278314 -0.222777 0
1.446290 0.142469 -0.150830 -0.140502 -1.276347 -0.148958 -0.453135 -0.281224 -0.203548 0
1.240568 0.112707 -0.198806 -0.168828 -0.934925 0.400642 -0.305209 -0.217309 -0.125115 0
-0.267850 -0.114732 -0.183030 -0.204021 -0.516108 -0.174174 -0.385479 -0.253651 -0.185696 0
0.400101 -0.045001 -0.220422 -0.238149 -0.442247 0.100598 -0.385077 -0.277907 -0.206034 0
0.276878 -0.053063 -0.456325 -0.418485 -0.239018 -0.186493 -0.092239 -0.153380 -0.169793 0
-0.207156 -0.110457 -0.558362 -0.437317 -0.631924 0.384383 -0.381385 -0.276699 -0.179214 0
2.348206 0.354139 -0.821562 -0.578157 0.245053 -0.286172 -0.095705 -0.154911 -0.170281 0
0.153459 -0.049567 -0.432884 -0.404003 0.026341 -0.035051 -0.135304 -0.212836 -0.221597 0
0.513763 -0.047932 -0.665486 -0.465342 -0.245737 -0.096106 -0.372647 -0.262841 -0.220598 0
-0.290952 -0.077199 0.307164 0.115462 -0.320659 -0.285827 0.122892 0.067753 0.040043 0
-0.894583 -0.174938 0.397420 0.197827 0.030478 -0.268283 -0.104935 -0.155726 -0.099795 0
0.100832 -0.066098 -0.026215 -0.053060 -0.637330 -0.211254 -0.177736 -0.165890 -0.106364 0
0.629416 -0.030614 -0.540709 -0.440552 0.028849 0.127946 -0.300734 -0.246117 -0.228207 0
2.305278 0.300455 -0.667306 -0.524002 0.284494 -0.155073 -0.077273 -0.164299 -0.207889 0
-0.395059 -0.128794 -0.498334 -0.428865 -0.425328 -0.145000 -0.316799 -0.213027 -0.183046 0
0.485515 0.005724 -0.527060 -0.461259 0.466898 -0.288205 -0.237994 -0.208825 -0.190376 0
-0.727574 -0.150606 -0.181191 -0.229406 -1.595178 0.078645 -0.282384 -0.286449 -0.208734 0
0.721618 0.017066 -0.160175 -0.183141 -0.585107 -0.151022 -0.354267 -0.237494 -0.145787 0
-1.171258 -0.213087 -0.505162 -0.396778 -0.197822 -0.271330 -0.421309 -0.278794 -0.224467 0
1.241495 0.185289 0.595989 0.330733 -0.970543 -0.058802 -0.320842 -0.114058 -0.045454 0
-0.249493 -0.132541 -0.216417 -0.167261 -0.918852 -0.190185 -0.576433 -0.297451 -0.180319 0
-1.361450 -0.223978 -0.062011 -0.134168 0.246357 0.227058 -0.176711 -0.174984 -0.156492 0
-0.549882 -0.161268 -0.538676 -0.422289 0.092672 0.701160 -0.090781 -0.134309 -0.176833 0
-1.553088 -0.239503 -0.226444 -0.172024 -0.080604 -0.261496 -0.093221 -0.151215 -0.143641 0
0.586681 -0.037802 -0.407852 -0.375791 -0.142215 -0.075624 -0.312129 -0.231249 -0.185869 0
-1.064236 -0.200754 -0.525642 -0.460253 -0.869853 -0.169838 -0.499906 -0.293386 -0.206085 0
-0.850821 -0.183794 -0.355901 -0.391470 -0.469828 0.374665 -0.347953 -0.231977 -0.202426 0
0.170139 -0.029907 -0.048918 -0.194759 -0.394551 -0.199545 0.137996 0.029317 -0.055506 0
-0.788072 -0.189978 -0.563264 -0.399241 0.191885 -0.114250 -0.163288 -0.148302 -0.157657 0
1.839651 0.188539 -0.333784 -0.176957 -0.389313 0.516177 -0.261871 -0.178467 -0.125366 0
