2.153824 3.631290 4.186078 4.052976 3.087276 -0.365479 5.440090 5.157687 4.585967 1
1.288550 1.584927 3.878359 3.703034 2.628247 2.525565 4.042653 3.459595 3.024391 1
1.292709 1.900221 4.341232 4.321836 0.781514 -0.372978 4.745077 4.536475 4.188115 1
0.925817 0.833954 2.699618 2.033198 2.291179 0.855452 3.255653 2.467946 1.616570 1
0.093690 0.273523 5.468478 6.449352 1.226030 -0.471258 2.630294 2.849313 3.106109 1
-0.301955 0.030514 4.564209 4.924113 3.238525 1.745423 2.566719 2.511170 2.521835 0
0.489241 0.368145 4.504789 4.996974 2.657314 0.709000 2.234651 2.209547 2.268907 1
0.010250 -0.045285 1.739703 1.318330 2.947565 -0.502641 1.042522 0.637492 0.345520 1
1.951140 0.527896 0.561369 0.104919 1.314737 -0.306931 0.716467 0.280608 0.038510 0
2.291088 0.681996 0.315241 -0.075221 2.060697 -0.349272 0.706954 0.283964 0.026554 0
-0.243130 -0.057736 2.523258 2.067670 -0.202548 -0.359635 1.148419 1.030184 0.914559 0
-0.715097 -0.185645 0.587712 0.084831 0.604688 -0.324284 0.753080 0.338497 0.116417 0
1.046198 0.427211 1.389844 1.034700 -0.990129 -0.314829 1.210100 0.848139 0.724062 1
1.042142 0.183672 0.466423 -0.001684 2.286877 0.262910 0.635040 0.167533 -0.041996 0
1.005053 0.170037 -0.208633 -0.356105 2.268314 0.365743 0.509403 0.023639 -0.140278 0
-0.249831 -0.146142 0.277714 -0.018355 -1.431485 -0.433569 0.275005 0.055077 -0.061739 0
-0.533106 -0.141478 0.617558 0.071736 1.509345 -0.073445 0.613129 0.247527 0.114514 0
-0.626131 -0.177777 0.447571 0.019887 0.536016 0.348347 0.622343 0.195350 0.005399 0
-0.213588 -0.114485 0.407198 0.076905 0.845607 0.148953 0.757940 0.335632 0.161318 1
0.193785 -0.053453 0.479163 0.090924 2.291524 2.091436 0.635838 0.250678 0.008999 0
-0.171132 -0.106857 1.567847 1.134959 1.203971 -0.240055 0.435657 0.414387 0.361394 0
-0.157083 -0.126040 0.597601 0.228689 1.546592 -0.138713 0.336381 0.200598 0.124896 0
-0.400231 -0.160995 1.106076 0.798306 0.719997 0.298678 0.455462 0.311577 0.218021 0
-0.073442 -0.125191 0.323634 0.044804 1.620780 -0.502864 0.359663 0.157317 0.018281 0
-0.106224 -0.101123 0.887513 0.435388 2.018579 0.027452 0.604418 0.334444 0.182717 1
-0.099280 -0.074440 3.590698 3.971381 0.907888 1.380657 0.782163 0.790987 0.808448 1
0.872738 0.015383 0.339742 0.099680 0.561552 -0.137685 0.245445 0.106890 -0.008302 1
-0.287455 -0.136879 1.988144 1.832505 1.171522 -0.363369 0.480045 0.478827 0.471929 1
0.324109 -0.063139 0.238676 -0.071778 1.941914 -0.485968 0.283242 0.034424 -0.077312 1
0.003418 -0.087078 0.750095 0.254050 1.135753 -0.452879 0.186578 0.113759 0.075933 0
-0.221335 -0.139403 1.153548 0.904456 0.757467 0.524065 0.418748 0.316150 0.246072 0
-0.701823 -0.187403 0.368408 -0.073493 1.158721 0.850939 0.345792 0.077043 -0.044693 0
-0.620233 -0.187762 0.319250 0.006385 0.673840 0.145123 0.132667 -0.010797 -0.068964 0
-0.697067 -0.195589 1.175247 0.886493 -0.677047 -0.486287 0.404989 0.332031 0.250236 0
0.212132 -0.026451 0.841153 0.440374 1.205587 -0.217628 0.628067 0.357507 0.214585 0
0.973025 0.045622 -0.362789 -0.365358 0.184490 -0.261067 0.045649 -0.094728 -0.153172 0
0.166476 -0.108871 0.177810 -0.056782 1.354171 -0.475231 0.113838 -0.032738 -0.132894 1
0.813452 0.127406 0.149139 -0.020499 1.271383 0.665842 0.522266 0.249021 0.116347 0
-0.621885 -0.175579 3.116651 3.400536 -1.388573 0.304826 0.392481 0.406545 0.498298 0
1.227322 0.144489 -0.300104 -0.358437 0.115166 -0.505915 0.119694 -0.122993 -0.172853 0
-0.517094 -0.157397 1.777326 1.534081 -0.090567 -0.321168 0.729766 0.569889 0.515118 1
-0.433740 -0.154070 0.991701 0.597417 0.135401 -0.445553 0.331470 0.247337 0.239215 0
-0.581878 -0.156669 0.565752 0.046526 0.997314 -0.415610 0.505056 0.254789 0.131158 0
1.499411 0.171490 -0.234269 -0.269422 0.211911 -0.371015 0.061035 -0.075073 -0.127159 0
2.393653 0.648293 -0.107864 -0.273210 0.796075 -0.444228 0.145065 -0.065214 -0.098537 0
0.104595 -0.105646 -0.082389 -0.256714 -1.211017 -0.231862 -0.033315 -0.058335 -0.122366 0
-0.453711 -0.177956 1.072460 0.737230 0.084661 -0.047843 0.180044 0.170388 0.104299 0
-0.443978 -0.175853 -0.005160 -0.173798 0.381343 -0.470031 0.164959 -0.034637 -0.108141 0
2.034091 0.320090 -0.120703 -0.181629 0.854296 0.167917 0.170603 -0.033468 -0.102916 0
-0.645623 -0.193343 0.351073 0.118279 -0.172052 -0.451298 0.183591 0.036502 -0.029369 0
1.503542 0.369976 0.004845 -0.161838 0.078039 0.818665 0.437628 0.148245 0.019910 0
-0.350460 -0.158558 1.866263 1.885342 0.611607 -0.466110 0.257179 0.257915 0.264783 0
-0.048255 -0.115732 0.807012 0.429604 0.646955 1.142470 0.122607 0.191259 0.150476 0
0.241143 -0.007390 0.470795 0.017233 -0.183073 0.814480 0.564110 0.240537 0.069835 0
0.128813 -0.078113 -0.261412 -0.348492 0.029362 -0.115041 0.272839 -0.009813 -0.110275 0
-0.778072 -0.197850 0.800013 0.342506 1.430433 -0.044404 0.183306 0.020853 0.006246 0
0.972860 0.157964 -0.165877 -0.332588 1.178431 1.293041 0.257574 0.052001 -0.060427 0
-0.067347 -0.127382 0.846530 0.651849 0.543138 -0.505810 0.099919 0.098802 0.091531 0
0.404357 -0.007297 -0.146389 -0.339423 -0.284509 -0.463856 0.399094 -0.005085 -0.161196 0
-0.854062 -0.212172 1.197844 1.005981 0.372096 -0.399426 0.201158 0.208558 0.198116 0
0.752946 0.136871 0.041615 -0.251558 1.916693 0.251619 0.453225 0.092705 -0.040442 0
-0.444320 -0.195932 -0.436014 -0.342559 -1.243396 -0.490465 -0.358114 -0.270024 -0.231059 0
1.252684 0.222938 -0.207383 -0.332652 1.306164 0.150045 0.345695 0.027416 -0.100434 0
0.897726 0.089063 -0.054275 -0.208920 0.229094 1.547131 0.158185 -0.001315 -0.072798 0
0.982217 0.101478 -0.180993 -0.316771 0.597085 -0.252350 -0.014472 -0.131117 -0.168798 0
-0.170407 -0.130061 0.068698 -0.195658 0.159303 -0.503502 0.044645 -0.073882 -0.129127 0
-0.355219 -0.176644 -0.179081 -0.271398 -0.138652 -0.501346 0.113346 0.016205 -0.079839 0
-0.249792 -0.136229 -0.065271 -0.276388 1.132504 0.550410 0.125466 -0.063018 -0.139908 1
-0.339313 -0.175779 -0.102223 -0.217616 -0.221940 0.860801 -0.142021 -0.178169 -0.196146 0
-0.480872 -0.165953 0.082960 -0.200074 0.350463 -0.145676 0.184029 0.002599 -0.073029 0
-0.132361 -0.154413 0.530111 0.504849 0.897303 -0.488194 0.155652 0.090795 0.060927 0
-0.775860 -0.210801 0.365820 0.151812 0.098826 -0.247500 -0.052441 -0.061403 -0.068879 0
0.566990 -0.006150 1.246341 1.184042 0.614950 1.627763 0.065058 0.121146 0.191618 0
0.870470 0.108811 -0.196660 -0.351015 -0.448920 1.323679 0.070978 -0.133919 -0.206938 0
-0.593665 -0.170244 2.281473 2.317761 0.586879 -0.436085 0.520965 0.514299 0.546255 0
0.778754 0.038341 -0.105285 -0.240745 0.243820 0.305855 0.125033 -0.056307 -0.126531 0
2.965518 0.734427 -0.014037 -0.226492 0.423807 -0.490718 0.056646 -0.102685 -0.171961 0
0.365535 -0.042229 -0.060468 -0.224241 0.275048 0.928737 0.114284 -0.032123 -0.118545 0
-0.853917 -0.216415 -0.071926 -0.225994 0.692021 -0.331863 0.071434 -0.083688 -0.133632 0
0.065402 -0.126183 0.071895 -0.022514 -0.011793 -0.503095 -0.090939 -0.081850 -0.083130 0
0.274100 -0.076883 -0.268207 -0.325343 1.540088 -0.440036 0.114510 -0.089309 -0.148433 0
1.186154 0.044948 0.180969 0.084827 0.499283 -0.330258 0.028370 -0.012712 -0.048522 0
-0.573284 -0.182093 1.139105 0.840740 0.019999 -0.437900 0.089448 0.178514 0.196532 0
0.058143 -0.108418 0.245210 -0.009549 0.233397 1.209474 0.079286 0.031056 -0.005731 0
-0.633389 -0.194834 0.005679 -0.196707 0.971611 2.233401 -0.050284 -0.138225 -0.163653 0
2.655053 0.326891 -0.457136 -0.346592 0.473909 -0.361289 -0.093380 -0.145452 -0.179414 0
0.826910 0.052894 -0.138743 -0.289462 -0.006628 -0.371473 0.150600 -0.038408 -0.134844 0
1.376702 0.210011 -0.369850 -0.399378 0.394465 -0.303629 0.041644 -0.136488 -0.177248 0
-0.425175 -0.181930 -0.256343 -0.273203 -0.479723 -0.268417 -0.080978 -0.107146 -0.151089 0
-0.238617 -0.164827 0.263402 0.146758 -0.516521 -0.484443 -0.057505 -0.052467 -0.049191 0
0.703126 0.065955 0.047056 -0.220408 0.184068 0.239869 0.136975 -0.092570 -0.139575 0
-0.606916 -0.191321 0.040600 -0.130772 1.090836 -0.252771 0.032490 -0.049043 -0.059504 0
1.376682 0.290732 -0.355578 -0.404028 0.306266 1.610976 0.000999 -0.165267 -0.190724 0
-0.588915 -0.196635 -0.044017 -0.195509 0.075734 -0.505753 -0.024570 -0.135539 -0.185805 0
-0.577720 -0.196735 -0.226963 -0.297585 0.383717 -0.368138 -0.163150 -0.141293 -0.158324 0
-0.294574 -0.146526 0.887479 0.682554 0.084095 -0.398466 0.102156 0.140436 0.184146 1
-0.945925 -0.222538 -0.327397 -0.374517 0.675655 1.055092 -0.087642 -0.176885 -0.214808 0
-0.935571 -0.223961 -0.408205 -0.377170 0.345690 0.505862 -0.089642 -0.205352 -0.242610 0
-0.151100 -0.174211 -0.427928 -0.337077 -0.631085 -0.156532 -0.423496 -0.301066 -0.244119 0
-0.086830 -0.152836 -0.382566 -0.377266 0.343181 -0.464299 -0.058786 -0.162754 -0.218537 0
-0.819997 -0.200495 0.902552 0.641880 0.895083 0.797436 0.227448 0.225003 0.260949 0
-0.572701 -0.182471 0.681238 0.430156 -0.623371 0.312045 0.286581 0.192732 0.167889 0
0.383416 -0.097173 -0.232307 -0.226577 0.712286 0.049345 -0.042847 -0.105316 -0.146821 0
-0.084350 -0.137589 1.054272 0.878668 0.704442 -0.308281 0.088230 0.111246 0.123900 0
1.568594 0.181566 -0.345638 -0.387332 -1.385475 -0.502423 -0.133577 -0.210610 -0.231566 0
-0.613472 -0.208886 -0.505273 -0.386753 0.212562 -0.500068 -0.295950 -0.247298 -0.231433 0
-0.541014 -0.182334 1.804392 1.791264 0.390210 -0.051232 0.160439 0.239340 0.264703 0
3.810357 0.914089 -0.235388 -0.325407 0.269785 0.336318 -0.168754 -0.177274 -0.217814 0
-0.709586 -0.205056 0.813145 0.645964 0.171370 1.166092 0.052199 0.084599 0.059568 0
0.354830 -0.052582 0.266811 -0.021567 0.467991 0.186670 -0.098839 -0.145520 -0.134480 1
-0.462517 -0.194322 -0.365745 -0.325902 -1.440807 -0.384402 -0.269482 -0.207575 -0.205601 0
-0.195312 -0.159968 -0.318991 -0.362701 0.112702 0.090281 -0.231866 -0.195819 -0.208030 1
-0.517646 -0.204464 -0.477202 -0.329173 -0.806402 -0.136231 -0.274643 -0.224879 -0.200347 0
-0.075551 -0.147029 -0.342898 -0.369712 0.003728 -0.432753 -0.052804 -0.169059 -0.216007 0
-0.154967 -0.169177 -0.271170 -0.251476 -0.001250 -0.094628 -0.081056 -0.120105 -0.155891 0
-0.005548 -0.126817 0.389030 0.253806 0.344785 -0.506379 -0.002410 -0.021452 -0.005669 0
-0.459840 -0.191903 0.021276 -0.064407 0.513757 -0.477344 -0.099669 -0.129077 -0.130008 0
-0.330820 -0.152140 0.128845 -0.110271 -0.227234 -0.149035 -0.028134 -0.120701 -0.055287 0
0.575286 -0.021737 -0.350022 -0.387222 -0.347425 -0.383923 -0.026551 -0.132586 -0.190112 0
-0.149005 -0.145229 1.486433 1.458847 0.600562 0.634619 0.173369 0.173678 0.178393 0
0.324979 -0.089933 0.058514 -0.036813 0.810731 -0.280306 -0.041782 -0.052268 -0.069892 1
-0.859174 -0.211118 0.172099 0.003718 0.723390 0.464056 0.102873 0.017414 -0.013243 0
-0.411952 -0.182814 -0.510398 -0.449714 -0.380951 -0.296120 -0.172291 -0.214372 -0.234540 0
0.660459 -0.010508 -0.224157 -0.314063 -0.747908 -0.506367 -0.228120 -0.197456 -0.203797 1
-0.029732 -0.145599 -0.339306 -0.348861 0.660545 -0.495265 -0.061652 -0.181523 -0.227573 1
-0.247906 -0.160306 0.605288 0.441863 -0.050149 1.679189 0.101770 0.065374 0.065334 0
-0.395372 -0.175676 0.595200 0.389128 -0.782523 0.126740 0.018906 0.018367 0.033142 0
0.768431 0.071480 0.188281 -0.075630 -1.362627 2.145016 0.091258 -0.038329 -0.036076 0
-0.448499 -0.187959 -0.321373 -0.336088 -0.347031 0.800641 -0.124262 -0.188639 -0.217988 0
-0.571650 -0.200492 0.035527 -0.033367 0.566368 -0.185352 -0.058184 -0.044064 -0.073860 0
1.300877 0.020488 -0.628636 -0.455969 0.707206 0.071958 -0.224352 -0.273275 -0.276816 0
-0.011266 -0.136828 -0.169824 -0.270738 0.393627 -0.497799 -0.260145 -0.203234 -0.192168 1
0.276667 -0.099405 -0.392143 -0.382518 -0.630765 -0.461795 -0.139651 -0.209207 -0.238987 0
-0.775227 -0.213661 0.060256 -0.059252 -0.073000 -0.337882 -0.081560 -0.111011 -0.135140 1
-0.311947 -0.154607 1.387339 1.166443 0.654973 1.341553 0.198317 0.195288 0.206981 0
-0.297930 -0.154246 -0.006935 -0.245440 0.224532 -0.479891 -0.066644 -0.143323 -0.175464 0
-0.685085 -0.201499 1.768691 1.820464 0.032052 -0.402939 0.074790 0.151894 0.197371 0
-0.824285 -0.217108 -0.472055 -0.416521 0.533024 0.005812 -0.188507 -0.239639 -0.248018 0
0.668650 0.060906 0.047488 -0.217511 0.202404 0.005309 0.160347 -0.019194 -0.115170 0
-0.731850 -0.206265 1.281035 1.247905 0.195457 -0.506177 0.070389 0.148306 0.183648 0
-0.767051 -0.208214 -0.254227 -0.346354 -0.476511 0.667348 -0.205114 -0.155848 -0.167353 0
-0.518055 -0.193953 0.114907 0.106947 0.246255 -0.503909 -0.107496 -0.101153 -0.076070 0
3.477543 1.009415 -0.348648 -0.351765 0.583532 -0.448076 -0.013609 -0.112725 -0.137468 0
-0.846050 -0.215266 -0.267333 -0.334778 0.291118 -0.413565 -0.121172 -0.171890 -0.181092 0
-0.438535 -0.196083 -0.190664 -0.164376 0.429570 -0.506474 -0.187960 -0.174379 -0.162219 0
-0.038854 -0.138013 -0.167495 -0.210708 0.399192 -0.500914 -0.137749 -0.145163 -0.152930 0
-0.709086 -0.216944 -0.721373 -0.464988 0.178633 -0.505337 -0.199246 -0.243408 -0.255745 0
-0.485460 -0.194230 -0.330984 -0.325871 -0.113588 -0.501080 -0.163493 -0.225193 -0.240782 0
1.804862 0.113151 -0.844624 -0.511964 -0.000655 -0.484418 -0.256867 -0.250980 -0.256965 0
-0.526023 -0.204205 -0.593331 -0.420482 0.179566 -0.487375 -0.311160 -0.284112 -0.277324 0
-0.727953 -0.211143 -0.426008 -0.418270 -0.826871 -0.017566 -0.029096 -0.193882 -0.218667 0
-0.003241 -0.139465 -0.157912 -0.223898 -0.787779 0.084669 -0.084428 -0.105230 -0.147574 0
-0.174862 -0.149925 0.033218 -0.170236 0.695781 0.750710 -0.099532 -0.126632 -0.126719 0
-0.578560 -0.198690 0.390465 0.361218 0.206987 -0.365922 -0.033250 0.004195 0.012488 0
-0.018268 -0.145499 -0.002804 -0.006390 0.376829 -0.207083 -0.178579 -0.141058 -0.132753 0
-0.682333 -0.203813 0.104182 -0.096874 -1.350830 -0.474035 0.074545 -0.027947 -0.094532 0
-0.537486 -0.201268 0.129116 0.081431 -0.170695 0.084935 -0.105042 -0.108404 -0.112167 0
-0.628067 -0.202300 0.672117 0.559866 0.355699 -0.429972 -0.144736 -0.041558 -0.000010 0
1.330266 0.131787 -0.440100 -0.400297 0.226129 0.569534 -0.154835 -0.227192 -0.213369 0
-0.416354 -0.174058 1.055100 0.959632 -0.951186 -0.042084 0.080409 0.124235 0.157538 0
-0.181730 -0.168501 -0.557532 -0.444845 0.037324 -0.506524 -0.214964 -0.230564 -0.241622 0
-0.907975 -0.210505 0.551531 0.213606 -1.216402 -0.253471 0.030087 0.096794 0.127500 0
2.185182 0.168199 -0.631759 -0.390535 -0.480116 -0.380691 -0.255381 -0.222811 -0.221210 0
-0.369360 -0.173690 0.754344 0.689488 0.218534 -0.454402 -0.002605 0.054467 0.101291 0
-0.622748 -0.211161 -0.556370 -0.392572 0.033304 0.733270 -0.259206 -0.210660 -0.219535 0
-0.350078 -0.141206 0.155937 -0.150456 1.069891 -0.502182 0.084637 -0.053058 -0.080015 1
-0.377763 -0.172286 0.990911 0.926736 0.420609 -0.500908 0.058056 0.119170 0.155827 0
2.639947 0.550861 0.142335 -0.050345 0.021943 -0.415823 0.109446 0.000212 -0.041889 0
-0.823892 -0.221222 -0.611328 -0.451853 -1.424646 -0.506019 -0.435286 -0.319358 -0.278765 0
-0.791737 -0.217256 -0.029980 -0.087810 -0.324993 0.595155 -0.337861 -0.197773 -0.156715 0
1.382784 0.174898 -0.234631 -0.339628 -0.365257 -0.354918 -0.026865 -0.193479 -0.219150 0
2.541557 0.410844 -0.455836 -0.404754 -0.083902 -0.486743 -0.285798 -0.282420 -0.256158 0
-0.230806 -0.159140 0.348070 0.144476 -0.099349 -0.359787 -0.018103 0.043778 0.030584 0
-0.295928 -0.187722 -0.531060 -0.383106 -0.492758 -0.475536 -0.270515 -0.262845 -0.261775 0
-0.908599 -0.228447 -0.680315 -0.460225 -0.823265 0.183895 -0.565665 -0.399846 -0.320609 0
0.042964 -0.109263 0.185019 -0.081996 0.181831 -0.506453 -0.144778 -0.169378 -0.176828 0
0.257310 -0.131000 -0.446700 -0.317230 0.218589 0.211185 -0.266487 -0.215699 -0.197586 0
-0.051049 -0.131987 0.413811 0.255134 0.342884 2.276328 -0.038272 -0.026424 -0.007162 0
-0.467953 -0.194660 0.096822 0.059632 -0.136615 -0.143763 -0.078338 -0.085030 -0.077163 0
0.353474 -0.080948 0.282624 0.090305 -0.296184 -0.045280 -0.123075 -0.105591 -0.091217 0
-0.341929 -0.172808 0.516139 0.345633 -0.666600 1.641192 -0.107900 -0.004727 0.031721 0
-0.594676 -0.196858 0.994912 0.899389 -0.283990 0.015801 -0.020646 0.044253 0.105421 0
-0.678974 -0.209982 -0.546377 -0.438668 -0.542515 -0.504994 -0.173446 -0.240917 -0.261925 0
0.023720 -0.141516 -0.424705 -0.375526 -0.120979 1.021556 -0.164641 -0.233743 -0.246821 0
-0.426417 -0.182469 -0.095564 -0.189231 0.066708 0.232997 -0.086416 -0.146114 -0.146609 0
-0.605890 -0.211231 -0.618384 -0.438361 -0.506281 -0.437813 -0.321200 -0.270440 -0.279965 0
0.261169 -0.124190 -0.535447 -0.382977 -0.220095 -0.500756 -0.340669 -0.258024 -0.227030 0
0.636779 -0.004755 -0.498020 -0.461992 -0.893570 -0.456582 -0.025683 -0.197418 -0.244333 0
0.591294 -0.044091 -0.301286 -0.361746 0.074686 -0.177077 -0.223358 -0.216975 -0.229931 0
-0.505025 -0.199121 -0.155132 -0.086277 0.026197 0.334996 -0.193277 -0.149606 -0.140505 0
-0.612802 -0.199566 0.274637 0.088367 -0.482467 -0.451191 -0.261789 -0.150707 -0.111086 0
-0.140084 -0.165918 -0.366155 -0.335062 0.280411 -0.275423 -0.157474 -0.176150 -0.216464 0
-0.641859 -0.192847 0.695600 0.362552 0.005185 -0.414202 0.050489 0.076051 0.048653 0
-0.565988 -0.208854 -0.499708 -0.365328 -0.572123 0.822121 -0.339029 -0.271272 -0.250578 0
0.165362 -0.101488 1.130492 0.879913 0.125986 1.541955 -0.226967 -0.116993 -0.044904 0
-0.086784 -0.113743 0.344028 -0.000833 -0.976025 -0.475484 -0.042357 -0.100428 -0.114781 0
-0.970110 -0.221766 -0.208874 -0.317985 0.226450 0.018525 -0.074080 -0.148011 -0.162217 0
-0.124037 -0.165510 -0.591775 -0.443471 -0.169542 0.805035 -0.241224 -0.261741 -0.263500 0
0.229286 -0.116423 -0.359828 -0.331341 0.104879 0.159605 -0.241340 -0.216983 -0.216963 0
-0.522972 -0.204232 -0.597629 -0.410600 -0.244003 0.146074 -0.340531 -0.242186 -0.228239 0
-0.276480 -0.163575 0.561012 0.313168 0.208537 -0.490261 -0.074416 0.002567 0.022191 0
-0.288090 -0.138809 0.168027 -0.139441 -0.558803 -0.065407 0.189812 -0.058834 -0.098082 0
-0.645433 -0.204968 -0.428719 -0.413148 -0.091866 0.111918 -0.147215 -0.262096 -0.264385 0
-0.088517 -0.135884 0.500971 0.222530 -0.765466 -0.497018 -0.287593 -0.126928 -0.050349 0
-0.894559 -0.224375 -0.675396 -0.478988 -0.144130 -0.431359 -0.442544 -0.337932 -0.297127 0
0.496752 -0.087419 -0.451270 -0.381501 -0.387087 0.668815 -0.323285 -0.271233 -0.247606 0
1.294793 0.194447 -0.203616 -0.345765 0.424659 -0.209486 0.096772 -0.115619 -0.188173 0
-0.476784 -0.197943 -0.582044 -0.448455 -0.533798 -0.476422 -0.318144 -0.299217 -0.279080 0
-0.634901 -0.206007 0.098833 -0.006245 0.161156 -0.150006 -0.162526 -0.136051 -0.118542 0
-0.455693 -0.194049 -0.304265 -0.274944 -1.514683 -0.326432 -0.280935 -0.211954 -0.200414 0
2.410137 0.598954 -0.220154 -0.355442 -0.531377 -0.229865 0.002587 -0.156411 -0.176466 0
0.838217 -0.020597 -0.409813 -0.369366 -0.335829 0.936586 -0.355161 -0.302193 -0.262409 0
2.659924 0.572362 -0.197124 -0.330584 -0.421276 -0.260154 -0.136139 -0.174053 -0.183913 0
-0.199643 -0.168085 -0.324754 -0.319989 -1.027943 -0.423385 -0.209298 -0.211347 -0.192601 1
0.553106 -0.085414 -0.359969 -0.304544 0.134456 -0.387265 -0.304044 -0.239819 -0.213481 0
1.841275 0.238400 -0.489460 -0.439127 -0.065205 -0.259876 -0.180448 -0.214829 -0.234518 0
-0.302420 -0.166225 0.394895 0.273615 -0.518878 -0.169691 -0.179878 -0.031540 0.027673 1
-0.199627 -0.145700 0.033763 -0.171878 -0.220251 -0.202899 -0.345931 -0.271921 -0.182145 0
-0.488329 -0.184209 0.391085 0.134826 0.076746 -0.463156 -0.160145 -0.089178 -0.062901 0
-0.158824 -0.163297 0.163473 0.044995 -0.461623 -0.393771 -0.269792 -0.190239 -0.157754 0
-0.067968 -0.161825 -0.359827 -0.303627 -0.240123 -0.404523 -0.237856 -0.204069 -0.205156 0
0.001141 -0.138897 0.017854 -0.071467 -0.781310 -0.465065 -0.314607 -0.177486 -0.134170 0
-0.243632 -0.175740 -0.525942 -0.426978 -0.446367 -0.370998 -0.228321 -0.258757 -0.262884 1
0.490913 -0.105973 -0.711473 -0.485514 -0.002768 1.565864 -0.409793 -0.346926 -0.313408 0
-0.722662 -0.213574 0.135126 0.100506 -0.072789 -0.349095 -0.202948 -0.125083 -0.103625 0
-0.117365 -0.136188 -0.256348 -0.328163 0.685743 -0.396195 -0.023711 -0.166879 -0.196816 0
-0.506988 -0.201934 -0.439747 -0.337159 -0.841416 0.222742 -0.268804 -0.235824 -0.213835 0
-0.603825 -0.214376 -0.633501 -0.424038 -0.898202 -0.329238 -0.357061 -0.319119 -0.290077 0
0.057627 -0.146888 -0.543669 -0.402626 -0.156353 -0.474452 -0.260438 -0.261192 -0.249985 0
-0.739299 -0.213950 -0.395909 -0.332392 -0.291782 -0.206508 -0.301417 -0.242350 -0.217378 0
-0.333556 -0.194818 -0.830123 -0.494420 -0.401188 -0.448932 -0.383785 -0.309135 -0.273738 0
-0.165265 -0.169051 -0.215099 -0.235416 0.032457 -0.477891 -0.267248 -0.210404 -0.186757 0
0.068334 -0.152606 -0.362427 -0.303788 0.041241 -0.394985 -0.327343 -0.289249 -0.260119 0
-0.761181 -0.210638 0.902940 0.883143 0.040190 -0.161519 -0.039690 0.028582 0.085282 0
-0.723841 -0.220220 -0.668836 -0.424996 -0.495443 -0.402651 -0.383045 -0.285138 -0.256085 0
-0.912017 -0.226470 -0.742646 -0.473394 0.088787 1.621525 -0.303683 -0.299597 -0.281417 0
-0.661825 -0.211797 -0.592217 -0.439204 -0.246340 -0.396243 -0.299910 -0.292936 -0.270112 0
-0.589028 -0.201618 0.119556 0.063051 -0.022968 -0.397308 -0.155399 -0.100873 -0.076158 0
-0.249794 -0.177794 -0.648102 -0.460608 -0.629858 -0.214780 -0.308818 -0.309874 -0.273482 0
-0.532073 -0.198303 0.281055 0.112441 -1.033699 -0.504930 -0.140558 -0.114455 -0.117583 0
0.003415 -0.152432 -0.246931 -0.223086 -0.063508 0.314649 -0.249466 -0.161623 -0.151505 0
0.320444 -0.106601 -0.445535 -0.384450 -0.228614 -0.501322 -0.402766 -0.295228 -0.250144 0
-0.502826 -0.198574 -0.320921 -0.260739 -0.571008 -0.502636 -0.394638 -0.274891 -0.208336 0
-0.168399 -0.165691 -0.468596 -0.392073 -0.195963 -0.220750 -0.217531 -0.200703 -0.216032 0
0.077930 -0.146518 -0.647667 -0.440940 -1.094105 0.312089 -0.440216 -0.307943 -0.244095 0
0.372819 -0.104607 -0.518615 -0.417314 -0.888272 -0.379815 -0.222555 -0.219948 -0.218653 1
1.803821 0.289494 -0.171536 -0.289634 0.051173 -0.179825 -0.112799 -0.203174 -0.173155 0
0.344025 -0.087933 0.428688 0.391782 -0.189491 0.339602 -0.203320 -0.066930 0.006077 0
-0.192070 -0.150455 -0.263928 -0.327055 -0.220861 -0.421148 -0.195669 -0.193964 -0.191493 0
-0.767886 -0.219153 -0.540459 -0.399383 -0.056950 -0.438625 -0.290181 -0.306873 -0.281266 0
-0.762967 -0.213389 0.014101 -0.063465 -0.127756 -0.318851 -0.270434 -0.187228 -0.152247 0
0.664257 0.058152 -0.277370 -0.355346 -0.643479 0.939355 0.078452 -0.175097 -0.179932 0
-0.487539 -0.195777 -0.089760 -0.148553 0.232172 -0.436827 -0.196009 -0.131633 -0.129951 0
0.531839 -0.082429 -0.191304 -0.164287 -0.269950 -0.494968 -0.204338 -0.185205 -0.177829 0
-0.483880 -0.200359 -0.569419 -0.419111 -0.113347 -0.235084 -0.373623 -0.309445 -0.273698 0
-0.462001 -0.192120 -0.227744 -0.295857 -0.141681 -0.500389 -0.298974 -0.216926 -0.187473 0
-0.640676 -0.207236 -0.387386 -0.314339 -0.319610 -0.435408 -0.299203 -0.203126 -0.179601 0
-0.233078 -0.166211 0.431606 0.391621 -0.437896 -0.395695 -0.226037 -0.059467 -0.001856 0
-0.297858 -0.185162 -0.270479 -0.240601 -0.902490 -0.492184 -0.343236 -0.267337 -0.238987 0
-0.702360 -0.212194 -0.276035 -0.287130 -1.288356 -0.487474 -0.270347 -0.221418 -0.194788 0
-0.699197 -0.215925 -0.567635 -0.408782 -0.124030 -0.043033 -0.387699 -0.280930 -0.252644 0
2.456195 0.334275 -0.612819 -0.468444 0.438705 0.577108 -0.175177 -0.296880 -0.286255 0
-0.387066 -0.189077 -0.374934 -0.308599 -0.674038 0.485771 -0.356221 -0.248455 -0.206838 0
-0.366641 -0.188674 -0.265922 -0.238196 -1.046367 0.137820 -0.294945 -0.219552 -0.191980 0
-0.811305 -0.219053 -0.414506 -0.323156 -0.218039 -0.342470 -0.231396 -0.187266 -0.184214 0
-0.387674 -0.188477 0.025453 0.052976 -0.228304 -0.177733 -0.164137 -0.125091 -0.097002 0
-0.498069 -0.183178 0.042510 -0.158227 -0.183636 0.224056 0.030828 -0.009423 -0.081799 0
-0.613262 -0.193998 0.336276 0.092570 -0.747009 -0.372411 -0.188217 -0.099079 -0.064229 0
0.075836 -0.094924 -0.224799 -0.367689 0.111823 0.267579 -0.250977 -0.229785 -0.231473 0
-0.611254 -0.211411 -0.576731 -0.395575 0.112688 -0.439366 -0.348904 -0.263445 -0.227120 0
-0.471702 -0.195532 -0.288638 -0.246518 -0.248630 0.193905 -0.213334 -0.188125 -0.182760 0
-0.399665 -0.195148 -0.267129 -0.173696 -0.489089 -0.175239 -0.321581 -0.233066 -0.186603 0
1.060469 0.048138 -0.192879 -0.293797 -0.213253 -0.506029 -0.187297 -0.222243 -0.189839 0
-0.518288 -0.194970 -0.316148 -0.342124 -0.058730 -0.240058 -0.313792 -0.244453 -0.233132 0
-0.711409 -0.217945 -0.591365 -0.357702 0.121526 -0.255764 -0.294304 -0.276020 -0.242249 0
0.771823 -0.059304 -0.737888 -0.489719 0.094773 0.071501 -0.295792 -0.281060 -0.268852 0
-0.794081 -0.221217 -0.556070 -0.411992 -0.622426 -0.396195 -0.387378 -0.302921 -0.268495 0
-0.629692 -0.210623 -0.600585 -0.421382 -1.543008 -0.392704 -0.372443 -0.313687 -0.269739 0
0.132254 -0.135172 -0.091454 -0.148523 -0.316513 -0.123013 -0.266843 -0.226458 -0.176149 0
-0.693357 -0.214966 -0.751111 -0.487759 -0.085199 0.838706 -0.308148 -0.302785 -0.289165 0
-0.222170 -0.177028 -0.555228 -0.402345 -0.079224 0.036568 -0.276350 -0.235220 -0.216439 0
-0.418904 -0.186037 -0.429623 -0.399795 -1.277913 -0.500482 -0.180101 -0.258504 -0.254675 0
-0.711067 -0.216162 -0.721678 -0.494926 -0.203048 1.827556 -0.473134 -0.355252 -0.304236 0
1.939326 0.255021 -0.492210 -0.441472 -0.188038 2.940256 -0.319470 -0.280636 -0.261227 0
-0.093552 -0.161805 -0.707303 -0.482529 -0.174669 0.038959 -0.363632 -0.312479 -0.283815 0
0.741494 -0.072994 -0.717228 -0.501729 0.058562 -0.126516 -0.403782 -0.324067 -0.292708 0
-0.391379 -0.179383 -0.226110 -0.308151 0.096027 -0.479288 -0.022382 -0.119784 -0.188965 0
-0.432115 -0.200216 -0.738353 -0.482487 -0.597418 -0.504849 -0.374126 -0.330246 -0.296083 0
1.625493 0.070500 -0.718032 -0.480262 -0.278830 -0.504313 -0.393404 -0.345911 -0.306045 0
-0.748041 -0.219105 -0.507042 -0.374470 -0.019106 -0.330739 -0.259009 -0.253263 -0.250132 0
-0.345754 -0.180325 -0.375586 -0.339254 -0.466673 0.289906 -0.320475 -0.257323 -0.210929 0
-0.064788 -0.167281 -0.645406 -0.447271 -0.209659 -0.245542 -0.327764 -0.264729 -0.238214 0
-0.172002 -0.170123 -0.608773 -0.439795 -0.210605 -0.341134 -0.343006 -0.268764 -0.244290 0
-0.809634 -0.222389 -0.550617 -0.381366 -0.496299 0.212170 -0.331410 -0.234230 -0.212812 0
-0.586197 -0.200027 -0.054664 -0.068914 -0.164132 -0.369004 -0.184455 -0.133974 -0.106227 0
-0.226894 -0.165882 -0.170437 -0.227366 0.000132 0.632905 -0.331479 -0.234185 -0.170918 0
-0.518209 -0.200060 -0.432626 -0.354215 -0.233109 -0.287611 -0.370201 -0.260706 -0.224376 0
-0.358180 -0.170454 0.740516 0.406542 0.331726 -0.479214 -0.093750 -0.056290 -0.017161 0
0.218899 -0.138673 -0.562491 -0.425612 -0.393567 1.203369 -0.350495 -0.270124 -0.266003 0
-0.660623 -0.209778 -0.488957 -0.417111 -0.224944 -0.368054 -0.331422 -0.271140 -0.248749 0
-0.508118 -0.206500 -0.659933 -0.452424 -0.896245 -0.504068 -0.365315 -0.308854 -0.283066 0
-0.474922 -0.193182 -0.415462 -0.357788 -0.159084 0.232114 -0.315956 -0.264379 -0.224883 0
0.958858 -0.021180 -0.662634 -0.463882 -0.073970 0.426139 -0.293587 -0.285500 -0.268694 1
-0.237637 -0.158458 -0.208373 -0.326327 -0.721725 0.816494 -0.299780 -0.220110 -0.221980 1
-0.867569 -0.226079 -0.837156 -0.499572 -0.306806 -0.282005 -0.417357 -0.313652 -0.276309 0
-0.097549 -0.156496 -0.297530 -0.268544 -0.195950 -0.355089 -0.259472 -0.211206 -0.172722 0
1.764505 0.252900 -0.460462 -0.431326 -0.170660 0.191848 -0.388380 -0.273023 -0.237204 0
1.314761 0.032838 -0.605722 -0.430496 0.124331 -0.502551 -0.284839 -0.267539 -0.248782 1
-0.547532 -0.203542 -0.217020 -0.138984 -0.287982 -0.383737 -0.386144 -0.292467 -0.205873 0
-0.355471 -0.172762 0.018200 -0.172552 -0.870343 -0.477455 -0.092695 -0.177315 -0.181582 0
-0.348547 -0.196121 -0.686014 -0.460727 -0.578465 -0.505349 -0.304595 -0.300929 -0.282857 0
0.230247 -0.154409 -0.815638 -0.479962 -0.002476 -0.248872 -0.400515 -0.323654 -0.294499 0
-0.616505 -0.211293 -0.583559 -0.409971 -0.042176 -0.197278 -0.342968 -0.299091 -0.263491 0
-0.214529 -0.164611 0.070658 -0.007009 -0.118354 0.457507 -0.170280 -0.126811 -0.104728 0
-0.461637 -0.200040 -0.607130 -0.429311 -0.373800 -0.368324 -0.379017 -0.307263 -0.283367 0
-0.410329 -0.191801 -0.223129 -0.205997 -0.652821 1.990883 -0.194724 -0.171347 -0.154003 1
-0.549807 -0.203360 -0.487452 -0.416198 -0.156758 -0.293879 -0.351872 -0.320731 -0.271483 0
-0.075777 -0.164777 -0.523040 -0.430979 -0.463799 -0.094886 -0.297140 -0.313082 -0.301127 0
-0.014451 -0.145064 -0.085363 -0.169788 -0.960757 -0.347247 -0.204286 -0.149148 -0.143163 0
-0.133259 -0.171102 -0.745811 -0.491853 0.117466 -0.503787 -0.377914 -0.335496 -0.290548 0
-0.513125 -0.199624 -0.067056 -0.095072 -0.180345 2.337145 -0.182670 -0.133176 -0.127611 0
-0.474028 -0.204047 -0.732632 -0.489286 -0.114277 1.229100 -0.396890 -0.346367 -0.302988 0
-0.480660 -0.192080 -0.488074 -0.421773 -0.718046 -0.214974 -0.262152 -0.255131 -0.260009 0
-0.921178 -0.225547 -0.592034 -0.437730 -0.012957 -0.273528 -0.312648 -0.258356 -0.235329 0
-0.606166 -0.211986 -0.529367 -0.356504 -0.211758 1.253162 -0.355319 -0.266859 -0.229213 0
-0.025382 -0.163445 -0.659409 -0.457036 -0.214990 -0.434941 -0.368364 -0.287019 -0.249613 0
0.325356 -0.078477 -0.442369 -0.420457 0.320744 -0.414134 -0.096087 -0.204160 -0.207145 0
-0.502330 -0.186396 0.553811 0.411692 -0.410307 0.377819 -0.217359 -0.083458 -0.004747 0
-0.812264 -0.219593 -0.596785 -0.434730 -0.958807 0.102981 -0.435798 -0.321953 -0.274022 0
-0.920462 -0.229144 -0.918474 -0.521336 -0.132270 -0.490600 -0.426577 -0.343611 -0.303690 0
-0.087528 -0.168163 -0.635116 -0.423884 -0.635677 -0.336063 -0.360927 -0.292094 -0.245345 0
0.206422 -0.126945 -0.694863 -0.476317 -1.582349 -0.250971 -0.278921 -0.239727 -0.239587 0
-0.844936 -0.220621 -0.557189 -0.414740 0.159725 1.120452 -0.272775 -0.246731 -0.242775 0
-0.762878 -0.219200 -0.457295 -0.337175 -0.315911 -0.500475 -0.386918 -0.256966 -0.217459 0
-0.573865 -0.208056 -0.747365 -0.495203 -0.047685 -0.465680 -0.362168 -0.315018 -0.287571 0
-0.215312 -0.170789 0.127297 0.103766 -0.398160 0.857377 -0.293296 -0.165494 -0.102367 0
-0.110348 -0.167831 -0.525887 -0.380153 -0.298318 -0.506165 -0.387091 -0.283416 -0.239886 0
-0.845911 -0.223678 -0.642516 -0.431491 -0.701713 1.078462 -0.316131 -0.258691 -0.253752 0
-0.707064 -0.211251 0.070361 0.007650 0.005468 0.828818 -0.199987 -0.174103 -0.138977 0
-0.774464 -0.220346 -0.762295 -0.503488 -0.666010 0.468369 -0.498942 -0.377434 -0.326554 0
-0.286268 -0.181567 -0.203246 -0.177145 -0.383949 -0.446345 -0.334052 -0.232218 -0.190879 1
-0.532225 -0.207150 -0.600920 -0.431733 -0.101541 -0.482099 -0.382096 -0.325751 -0.290340 0
-0.237449 -0.185235 -0.717103 -0.464038 -0.137394 -0.500619 -0.388257 -0.322424 -0.290816 0
0.211567 -0.110952 -0.017184 -0.122206 -0.529186 0.207478 -0.355234 -0.250271 -0.208204 0
-0.439237 -0.191448 -0.012073 -0.034735 -0.052374 -0.372227 -0.197746 -0.113780 -0.089601 0
-0.600341 -0.206398 -0.019009 -0.018940 -0.557699 -0.505964 -0.274106 -0.163854 -0.129808 0
0.265160 -0.144604 -0.745590 -0.455643 -0.158939 0.975227 -0.376618 -0.291480 -0.258166 0
-0.801162 -0.217743 -0.312578 -0.326001 -0.690655 0.655786 -0.294846 -0.232455 -0.218821 0
-0.611482 -0.200957 -0.345753 -0.367585 -0.548045 -0.414900 -0.103283 -0.201154 -0.231135 0
-0.700223 -0.205781 -0.181263 -0.260859 -0.389298 -0.489277 -0.241882 -0.228320 -0.177980 0
-0.840449 -0.222397 -0.537887 -0.380223 -0.386914 -0.481546 -0.408394 -0.296698 -0.257523 0
-0.460427 -0.199730 -0.697598 -0.487853 -0.118005 0.194200 -0.420333 -0.338937 -0.306122 0
-0.235360 -0.187221 -0.570752 -0.388413 -0.467496 -0.444755 -0.323224 -0.274557 -0.252257 0
-0.747979 -0.218551 -0.589329 -0.383207 -0.270755 -0.505176 -0.358587 -0.290532 -0.246433 0
0.709125 -0.080663 -0.835580 -0.507007 -0.351831 -0.373227 -0.414149 -0.330146 -0.280907 0
-0.633040 -0.204299 -0.093516 -0.171747 -0.690746 -0.284819 -0.411558 -0.263330 -0.199455 0
-0.631690 -0.204818 0.457098 0.419529 -0.140261 -0.104691 -0.243568 -0.110449 -0.038047 0
-0.581690 -0.206145 -0.386794 -0.305811 -0.494637 -0.487090 -0.333864 -0.236167 -0.199359 0
-0.132235 -0.175374 -0.858382 -0.525491 -0.714165 -0.269929 -0.498538 -0.359785 -0.313091 0
-0.366485 -0.194679 -0.793923 -0.507062 -0.343370 -0.506081 -0.410145 -0.342382 -0.303576 0
-0.619933 -0.211565 -0.704750 -0.471559 -0.227863 -0.492661 -0.375639 -0.339771 -0.296398 0
-0.633039 -0.207647 -0.186313 -0.195209 -0.825514 -0.462914 -0.166640 -0.163361 -0.146801 0
-0.701794 -0.215096 -0.619551 -0.442928 -0.422771 -0.376365 -0.373981 -0.293812 -0.264044 0
-0.863820 -0.226267 -0.902700 -0.515481 -0.561473 -0.485231 -0.508497 -0.370870 -0.326898 0
0.322615 -0.120320 -0.403433 -0.233352 0.080137 -0.037185 -0.356461 -0.248293 -0.199865 0
-0.310095 -0.191164 -0.649247 -0.436222 -0.258807 -0.085602 -0.357724 -0.320559 -0.286778 0
-0.761844 -0.220064 -0.828338 -0.514775 -0.334603 1.121773 -0.385489 -0.321712 -0.299076 0
0.177606 -0.141100 -0.480852 -0.369553 -0.629425 -0.506519 -0.394623 -0.288751 -0.245359 1
-0.239414 -0.177773 -0.295612 -0.222896 -0.160891 -0.498448 -0.263531 -0.214907 -0.190539 0
-0.661936 -0.211765 -0.558514 -0.374887 -0.519854 -0.448345 -0.344751 -0.269728 -0.234737 0
-0.693997 -0.212926 -0.320702 -0.286584 -0.515898 -0.364448 -0.385794 -0.240714 -0.205912 0
-0.649280 -0.214863 -0.774348 -0.498165 -0.203163 -0.257558 -0.378770 -0.303901 -0.282502 0
-0.368606 -0.185633 0.105266 0.117057 -0.390316 0.282160 -0.336337 -0.190540 -0.113749 0
-0.673912 -0.216386 -0.824199 -0.498267 -0.555235 -0.104334 -0.512362 -0.367139 -0.309544 0
-0.666783 -0.216990 -0.806920 -0.491991 -1.017794 -0.503062 -0.467012 -0.350955 -0.304662 0
-0.460477 -0.200211 -0.609227 -0.420823 -1.027141 -0.506299 -0.432510 -0.322915 -0.264515 0
-0.829260 -0.219670 -0.535021 -0.423920 -0.000460 -0.210727 -0.231267 -0.201895 -0.209669 0
-0.501694 -0.196509 -0.022936 -0.066796 -1.079958 1.801386 -0.377884 -0.231219 -0.175206 0
-0.625734 -0.206400 -0.052042 -0.079833 -0.778747 -0.272749 -0.259008 -0.175767 -0.122251 0
-0.118902 -0.148213 0.218824 0.020546 -0.775751 -0.188086 -0.240701 -0.198793 -0.136521 0
-0.596878 -0.207862 -0.288721 -0.254131 -0.886774 0.980862 -0.294127 -0.265917 -0.226440 0
3.218416 0.475319 -0.651860 -0.472874 -0.199666 -0.089356 -0.327648 -0.314935 -0.290863 0
-0.498297 -0.202789 -0.552269 -0.372896 -0.427234 -0.504656 -0.354360 -0.277170 -0.237351 0
-0.832837 -0.225624 -0.755228 -0.452183 -0.571727 -0.415348 -0.408625 -0.321967 -0.288024 0
-0.247505 -0.186234 -0.782382 -0.505845 -0.709052 -0.440591 -0.333631 -0.299782 -0.284226 0
-0.828559 -0.224523 -0.859637 -0.509646 -0.263468 0.049504 -0.410483 -0.327692 -0.292735 0
1.225591 0.043744 -0.342605 -0.353344 -0.445479 -0.405398 -0.293162 -0.238156 -0.219023 0
1.254395 -0.018680 -0.888697 -0.520373 -0.214457 -0.498524 -0.437785 -0.342966 -0.313669 0
-0.092547 -0.164043 -0.487528 -0.387114 -0.753601 -0.038600 -0.336479 -0.256070 -0.228907 0
-0.175749 -0.179367 -0.516683 -0.347935 -0.889195 -0.466514 -0.398129 -0.312109 -0.254274 0
-0.170337 -0.177944 -0.604595 -0.431129 -0.679327 -0.223324 -0.327822 -0.293387 -0.281637 0
0.281163 -0.066158 -0.237077 -0.349002 -1.540068 -0.109173 -0.250865 -0.240405 -0.222560 0
-0.960856 -0.225033 -0.447076 -0.394239 -1.036835 -0.505505 -0.278086 -0.282989 -0.245286 0
-0.502246 -0.203671 -0.517003 -0.386762 -0.149218 -0.435245 -0.395429 -0.272294 -0.228773 0
1.300218 0.019443 -0.724005 -0.476417 -0.555555 0.364817 -0.403171 -0.320690 -0.280879 1
-0.093437 -0.152221 -0.314090 -0.289067 -0.464111 -0.506311 -0.247747 -0.169243 -0.148654 0
-0.738116 -0.218961 -0.776754 -0.484393 -0.174883 -0.505757 -0.431544 -0.317664 -0.272437 0
-0.633142 -0.208989 -0.421738 -0.332495 -0.206539 1.655414 -0.391535 -0.298619 -0.244137 0
-0.531209 -0.204904 0.052704 0.085118 -0.351744 -0.489732 -0.274512 -0.161514 -0.113198 0
-0.523566 -0.207595 -0.689779 -0.443393 -0.292196 -0.387981 -0.369294 -0.310984 -0.272149 0
-0.563606 -0.210569 -0.827288 -0.501662 -0.350081 0.199923 -0.420185 -0.338615 -0.292864 0
-0.315213 -0.188558 -0.604452 -0.415590 -0.648806 1.523507 -0.423809 -0.344391 -0.281737 0
-0.424400 -0.194153 -0.301445 -0.203500 -1.165276 -0.467497 -0.334356 -0.241239 -0.198128 0
1.019497 0.062779 -0.444875 -0.425801 0.592939 -0.202655 -0.176055 -0.274339 -0.265113 0
0.591404 -0.064736 -0.716933 -0.500103 -0.952865 -0.350924 -0.345671 -0.330620 -0.284711 0
-0.075619 -0.171435 -0.554807 -0.375196 -0.618319 -0.358766 -0.355046 -0.232213 -0.212880 0
-0.719496 -0.215821 -0.601792 -0.382091 -0.650207 -0.487215 -0.349427 -0.234177 -0.202573 0
-0.858642 -0.222782 -0.370864 -0.276151 -0.120471 -0.431574 -0.310617 -0.244825 -0.207524 0
-0.594544 -0.207895 -0.468896 -0.370510 -0.754844 -0.497102 -0.359582 -0.272785 -0.254507 0
-0.320106 -0.180890 -0.228868 -0.251609 -0.564183 -0.411516 -0.334840 -0.199466 -0.178859 1
-0.694389 -0.215890 -0.630705 -0.404672 -0.183184 0.338903 -0.354215 -0.266713 -0.227299 0
-0.454886 -0.203210 -0.826868 -0.522607 -0.536762 0.381339 -0.461723 -0.365680 -0.321024 0
-0.844454 -0.225721 -0.819414 -0.506741 -0.919701 0.124949 -0.511451 -0.386501 -0.319261 0
0.212200 -0.103084 0.309274 0.139177 -0.141047 1.120930 -0.264636 -0.098448 -0.048047 0
-0.339790 -0.188752 -0.684300 -0.482326 -0.385002 1.115437 -0.329900 -0.313250 -0.286690 0
-0.537100 -0.210300 -0.523979 -0.341735 -0.482469 2.011962 -0.395929 -0.290267 -0.238091 0
-0.585992 -0.207466 -0.501890 -0.359710 -1.293021 -0.421727 -0.420785 -0.285984 -0.226089 0
-0.554527 -0.205822 -0.296227 -0.256116 -0.374318 -0.505683 -0.348046 -0.234901 -0.195421 0
-0.591446 -0.209458 -0.518246 -0.407790 -0.240786 0.063747 -0.368248 -0.303622 -0.266001 0
0.032467 -0.151688 -0.495412 -0.392555 -0.895855 -0.436299 -0.414492 -0.322900 -0.271898 0
-0.813616 -0.223011 -0.598618 -0.421160 -0.599025 -0.472034 -0.399810 -0.324004 -0.277202 0
0.018923 -0.132013 -0.181711 -0.262616 -0.442057 -0.434333 -0.429878 -0.275201 -0.196819 0
1.473282 0.056967 -0.672313 -0.430066 -0.225224 -0.318480 -0.344033 -0.281755 -0.247619 1
-0.637062 -0.211801 -0.545731 -0.391989 -0.796401 -0.504827 -0.367808 -0.279312 -0.244204 0
-0.536965 -0.203635 -0.580111 -0.425174 -0.434228 -0.490775 -0.442373 -0.339039 -0.283253 0
-0.095117 -0.153894 -0.075350 -0.088858 -0.322490 -0.452415 -0.394791 -0.204293 -0.118984 0
-0.472162 -0.190840 1.000915 0.993317 -0.630156 -0.200580 -0.323675 -0.116556 -0.010211 0
-0.340586 -0.192636 -0.635422 -0.422218 -0.805413 -0.293467 -0.482337 -0.351219 -0.274628 0
1.863729 0.126680 -0.586692 -0.426218 -0.319168 -0.407781 -0.390805 -0.317445 -0.272367 0
-0.884181 -0.225110 -0.594145 -0.431318 -0.659800 -0.395526 -0.400123 -0.309874 -0.269052 0
0.578798 -0.094408 -0.755905 -0.510047 -0.050308 -0.331408 -0.383292 -0.343854 -0.312237 0
-0.082769 -0.134514 0.493968 0.217102 -0.244796 1.497541 -0.294308 -0.127357 -0.059979 0
-0.640328 -0.213875 -0.664275 -0.445186 -0.599046 -0.468043 -0.470396 -0.326098 -0.273393 0
-0.635145 -0.213355 -0.577141 -0.404312 -0.445823 -0.503526 -0.415071 -0.317557 -0.269414 0
-0.532068 -0.171495 0.528762 0.101657 -0.674657 -0.131393 -0.027312 -0.047665 -0.045454 0
-0.418897 -0.190921 -0.432232 -0.365636 -0.121190 -0.382200 -0.409319 -0.296130 -0.248958 0
-0.599725 -0.208521 -0.655138 -0.456282 0.023408 -0.476470 -0.451155 -0.344120 -0.283456 0
-0.462322 -0.189726 0.057776 -0.002942 -0.108813 -0.320395 -0.226167 -0.134500 -0.084015 0
-0.529483 -0.197118 0.208464 0.171235 -0.555506 -0.489085 -0.276977 -0.131310 -0.054005 0
-0.794312 -0.220528 -0.586057 -0.429340 -0.396558 -0.465389 -0.354495 -0.306271 -0.260965 0
-0.422403 -0.194649 -0.100086 -0.087742 0.025363 -0.411224 -0.339109 -0.253940 -0.210974 0
-0.709655 -0.217863 -0.724486 -0.485560 -0.562009 -0.436014 -0.407952 -0.333213 -0.303686 0
-0.526545 -0.204106 -0.465852 -0.338313 -0.164994 0.216388 -0.406406 -0.318740 -0.259480 0
0.855819 0.042171 -0.413996 -0.411312 -0.188593 -0.414439 -0.239781 -0.280992 -0.234851 0
-0.686061 -0.218566 -0.927486 -0.551681 -0.185846 -0.195880 -0.352603 -0.336652 -0.313931 0
-0.298317 -0.182006 -0.203716 -0.237258 -0.032338 -0.491139 -0.362458 -0.242942 -0.193431 0
-0.670781 -0.212305 -0.566392 -0.376313 -0.397357 0.906623 -0.317317 -0.267688 -0.239907 0
-0.089375 -0.165817 -0.819365 -0.515269 -0.176223 -0.346875 -0.418426 -0.349443 -0.307911 0
-0.669690 -0.214042 -0.399906 -0.306264 -0.251661 -0.448555 -0.271177 -0.223602 -0.199049 0
-0.813236 -0.221002 -0.558033 -0.417834 -0.722316 1.322132 -0.404838 -0.280597 -0.245433 0
0.026117 -0.148943 -0.464973 -0.377813 -0.944666 1.397820 -0.359396 -0.235265 -0.217451 0
-0.114077 -0.178802 -0.613412 -0.396835 -0.811941 -0.344520 -0.453261 -0.324491 -0.264916 0
-0.663005 -0.214077 -0.712485 -0.475528 -0.281105 -0.441749 -0.405500 -0.331133 -0.293513 0
-0.582083 -0.206881 -0.088373 -0.022437 -0.245607 -0.409152 -0.318032 -0.195664 -0.130682 0
