13.419050 29.499241 5.344540 6.243768 7.588478 11.126889 12.969859 13.796660 13.994703 0
1.222456 0.795870 5.425641 6.182998 2.095379 0.058204 7.155458 7.561464 7.525645 1
1.195803 0.528181 4.884065 5.421690 3.922441 -0.681780 5.077563 5.309972 5.235687 1
2.708388 0.689077 2.694720 2.391920 3.864366 -0.427284 3.569396 2.915737 2.189487 1
-0.319797 -0.015714 1.505440 0.994059 3.303208 -0.614145 2.191237 1.319138 0.899709 0
-0.108532 0.042005 1.050765 0.602226 -2.092980 -0.651434 3.015898 1.905871 1.145969 0
0.843740 0.215550 2.170214 1.673104 1.900586 4.475478 2.761151 2.576772 1.997453 1
-0.088712 -0.021937 0.323285 -0.035743 1.109737 -0.687690 1.519180 0.628651 0.134746 0
1.225507 0.109367 1.400602 1.093016 1.768514 -0.374247 1.548701 1.187795 0.787513 0
0.222928 0.000177 1.141758 0.765476 1.155460 -0.625554 1.268033 0.693980 0.385468 0
-0.389672 -0.056999 0.798561 0.443025 1.469954 -0.691816 1.177162 0.806902 0.491195 0
-0.706787 -0.073054 1.191689 0.941479 0.685268 -0.270779 1.262388 1.061799 0.799610 0
0.160236 -0.002290 0.875310 0.624235 1.287580 0.229663 0.679713 0.640407 0.591919 0
-0.702998 -0.056749 3.938445 4.276731 1.474260 -0.687231 1.665534 1.799176 1.916599 1
0.955676 0.085378 0.634462 0.329941 0.990870 -0.406131 0.823108 0.602943 0.421609 0
0.156874 -0.021627 0.203071 0.007198 -1.964126 0.229407 0.761382 0.350551 0.146943 0
-0.237161 -0.061291 -0.248472 -0.372014 1.838606 1.543873 0.863913 0.294462 -0.091109 0
-0.221170 -0.029584 3.037595 3.387043 1.757411 -0.482610 1.220358 1.274503 1.334048 1
0.574032 0.025842 0.701861 0.568166 2.002524 -0.637917 1.108114 0.696784 0.508376 0
-0.129202 -0.035709 1.147121 0.791525 -2.273005 -0.600530 0.417888 0.363910 0.401493 0
0.168958 -0.039875 -0.517403 -0.521534 1.568194 -0.694139 0.352162 -0.035036 -0.172351 0
0.662826 -0.012697 -0.434291 -0.438962 1.908815 -0.610833 0.385555 -0.012446 -0.179111 0
-0.447726 -0.066152 -0.036978 -0.239253 -0.219041 -0.423031 0.735437 0.123382 -0.066638 0
-0.876635 -0.088935 1.178990 0.685697 -1.137532 0.292317 0.600738 0.574236 0.334256 0
-0.081694 -0.044872 -0.252729 -0.406778 0.470479 -0.690710 0.550611 0.101910 -0.118180 0
1.452540 0.077861 -0.519651 -0.547382 1.535495 0.135649 0.724085 0.043353 -0.216246 0
0.121956 0.015524 0.225813 -0.113581 1.990541 -0.025782 0.746575 0.347918 0.148081 0
-0.040907 -0.005326 0.590529 0.247563 -0.600426 -0.254737 1.223613 0.683064 0.421572 0
-0.349724 -0.060236 0.976845 0.741442 0.895483 -0.546708 0.752060 0.528426 0.359857 0
-0.976626 -0.088566 2.201309 1.903546 1.276791 0.895376 1.047274 1.130296 0.964876 0
0.443266 0.003695 0.050468 -0.185910 1.472469 0.066916 0.806849 0.397128 0.172949 0
0.409031 -0.019251 -0.261847 -0.344160 1.431042 4.418275 0.443264 0.019859 -0.208885 0
-0.265651 -0.047329 1.111780 0.865382 -0.411891 -0.565970 0.934168 0.750779 0.564946 0
0.380646 0.011821 -0.020863 -0.185715 2.042143 0.286506 1.105138 0.547276 0.207914 0
0.099051 -0.032334 0.419369 0.207696 -1.382620 0.933661 0.178591 0.243261 0.154522 0
0.097285 -0.048870 -0.419459 -0.457506 1.529310 -0.437206 0.296747 -0.131759 -0.288601 0
-0.332607 -0.053413 0.545855 0.235354 0.624495 0.447696 0.930535 0.684588 0.432974 0
0.300795 -0.033755 -0.476869 -0.474318 0.820395 -0.693526 0.462785 0.005902 -0.221303 0
0.865935 0.006391 -0.909865 -0.731948 1.957614 -0.694849 0.383213 -0.124862 -0.288004 0
0.486766 -0.033988 0.018129 0.021399 -0.645765 -0.691138 0.274280 0.026537 -0.101107 0
-0.659969 -0.087330 -0.251716 -0.350636 0.450349 -0.317879 0.191726 0.073165 -0.071470 0
-0.483410 -0.069853 0.071850 -0.204120 -0.644607 -0.384167 0.289110 0.088189 -0.059397 1
1.465289 0.093250 1.267497 1.185113 1.743041 -0.529303 0.801421 0.646579 0.486938 0
-0.618293 -0.070567 0.934442 0.413524 -0.216746 -0.657616 0.930767 0.538209 0.246396 1
0.421601 -0.019277 -0.175579 -0.320611 0.593362 -0.596989 0.164930 -0.002961 -0.118043 0
2.365456 0.165049 1.744703 1.830363 0.491191 -0.695232 0.510762 0.403167 0.404373 0
-0.509965 -0.068960 0.160505 -0.129276 1.261955 -0.503394 0.236008 0.124699 -0.009544 0
1.382127 0.064830 -0.642551 -0.525742 -0.219522 -0.686293 0.606390 0.094888 -0.121109 0
1.341135 0.090459 1.026338 0.861551 1.710224 -0.625808 0.739404 0.533006 0.465418 0
0.356801 -0.030098 -0.416936 -0.479154 1.271008 0.858074 0.079394 -0.129876 -0.255275 0
0.020735 -0.042061 -0.403282 -0.443244 1.318526 -0.667942 0.148607 -0.094512 -0.149776 0
-0.408380 -0.063192 0.245974 -0.018382 1.591861 -0.056345 0.617026 0.473429 0.196671 0
0.174462 -0.034797 0.161280 -0.021416 1.432084 -0.397858 0.576089 0.235491 0.072551 0
1.391727 0.070469 -0.824289 -0.688620 1.456196 -0.572374 0.371333 -0.169219 -0.300237 0
-0.946521 -0.089616 1.661276 1.432133 0.826062 0.617036 0.754513 0.725857 0.655990 0
-0.577174 -0.080389 0.170773 -0.023525 -0.940859 -0.360347 0.305091 0.163285 0.047525 1
-0.724351 -0.089854 0.459235 0.273626 1.260396 0.195513 0.472107 0.310970 0.136507 0
0.480392 -0.016424 -0.623772 -0.605105 0.511119 -0.532907 0.316840 -0.187818 -0.322881 0
-0.220069 -0.066324 0.034770 -0.109191 0.836698 -0.481309 -0.042684 -0.073105 -0.086595 0
0.589304 0.027288 1.828048 1.840133 1.398927 -0.694279 0.845897 0.749567 0.749151 1
-0.422936 -0.081881 0.041236 -0.021765 0.777857 0.296281 -0.131191 -0.157480 -0.175122 0
0.018274 -0.063860 -0.560556 -0.531100 0.459360 -0.311544 -0.156350 -0.317365 -0.396836 0
-0.321552 -0.075659 0.173816 0.092565 -0.361744 -0.300446 -0.002966 0.081323 0.043583 0
-0.399345 -0.050534 0.564169 0.254769 -2.492790 -0.599942 0.329538 0.309269 0.331914 1
-0.483869 -0.060002 0.608645 0.270270 0.499337 -0.659364 0.261239 0.378527 0.326477 0
-0.011629 -0.035829 0.022638 -0.184206 1.093055 -0.541260 0.210406 0.072629 -0.063840 0
-0.207568 -0.034068 -0.113715 -0.380927 -0.701527 0.968666 0.008427 0.147497 0.065397 0
0.992645 0.008540 -0.819074 -0.691144 0.586829 -0.542313 0.070306 -0.266416 -0.393263 0
-0.316328 -0.061313 -0.252005 -0.413941 2.021734 -0.690208 0.332054 -0.112122 -0.257143 0
0.148372 0.009349 3.677146 4.189887 1.019778 -0.693762 0.955559 1.241728 1.376150 1
0.168541 -0.030809 -0.685255 -0.671464 0.764161 -0.575107 0.141735 -0.128970 -0.284251 0
7.436161 1.460277 0.253510 -0.083913 -1.613508 -0.565950 1.018063 0.460288 0.147414 0
-0.264781 -0.062323 -0.123578 -0.282630 -0.480882 -0.686668 0.389171 -0.054255 -0.151988 0
0.967748 -0.005345 -0.778187 -0.650926 0.868815 -0.069441 -0.060378 -0.349773 -0.420022 0
-0.624084 -0.081320 0.095590 -0.113397 0.425240 2.481865 -0.015299 0.075029 -0.017419 0
-0.200578 -0.069797 0.136958 0.071861 0.859683 0.114654 0.184389 -0.043496 -0.153967 0
1.147550 0.019039 -0.700354 -0.626774 1.034075 -0.637343 0.084424 -0.186826 -0.308481 0
0.067380 -0.040277 -0.340434 -0.421322 0.163487 -0.625399 -0.156657 -0.259466 -0.289348 0
-0.759793 -0.092913 -0.424570 -0.485498 0.289008 -0.557355 0.302389 -0.088361 -0.270888 0
-0.439970 -0.077412 0.283981 0.190267 0.106898 0.367285 0.239076 0.198395 0.132404 1
1.038602 0.016121 -0.714588 -0.634421 0.525199 -0.671268 -0.048238 -0.285243 -0.339386 0
0.529200 -0.029597 -0.625798 -0.559261 0.186935 -0.388386 0.181867 -0.104581 -0.255492 0
0.216161 -0.052961 -0.217521 -0.215920 1.182829 -0.334258 0.273791 0.073395 -0.074330 0
-0.603331 -0.074425 2.473451 2.576326 1.069913 0.435441 0.859727 0.872889 0.797286 1
0.654348 -0.015022 -0.695781 -0.578429 -0.340259 0.895927 0.092883 -0.150886 -0.280054 0
0.007076 -0.036742 -0.017388 -0.271812 1.143027 1.433830 0.407576 0.111923 -0.073392 0
-0.443201 -0.056551 0.280741 -0.022490 0.566915 -0.603885 0.544576 0.476657 0.334157 0
-0.483785 -0.062976 1.164416 0.897234 0.859641 -0.508933 0.603014 0.672853 0.619184 0
-0.459847 -0.072870 -0.034388 -0.227754 -1.044213 -0.695180 -0.101304 -0.098719 -0.168160 0
0.622810 0.030532 0.335292 0.095623 0.765974 -0.532725 0.339626 0.249049 0.204855 0
-0.601637 -0.086983 1.620454 1.474468 0.364055 -0.695254 0.376040 0.473163 0.449443 0
0.156319 -0.055320 -0.416696 -0.396705 -0.619259 0.905236 -0.238992 -0.197727 -0.207473 0
0.619669 -0.015448 -0.547373 -0.546261 0.332525 -0.690704 -0.039863 -0.242184 -0.317103 0
0.127893 -0.045947 -0.100179 -0.194897 1.248077 0.042975 0.314004 0.052188 -0.087838 0
-0.665874 -0.078677 1.676083 1.335193 0.797797 -0.168002 0.473124 0.509074 0.481123 0
-0.746759 -0.091780 0.232241 0.037145 -1.653202 -0.694417 -0.145599 0.049497 -0.005551 0
-0.075864 -0.050995 0.003394 -0.167917 0.940807 -0.495878 0.213412 0.135998 0.072174 0
1.846426 0.086231 -0.050736 -0.070970 1.742400 -0.694975 0.233640 -0.082526 -0.160203 0
-0.226305 -0.060163 0.621580 0.348124 -2.147085 -0.691625 -0.074878 0.030727 0.009336 0
-0.388134 -0.067054 -0.237512 -0.395496 1.061728 -0.594358 -0.097185 -0.087229 -0.129434 0
-0.885300 -0.094227 0.112461 -0.106196 -0.420910 -0.369002 -0.070444 0.007374 -0.028090 1
0.001326 -0.046951 -0.247707 -0.331672 -0.505685 -0.160830 0.203186 0.043912 -0.076158 0
0.111047 -0.051125 -0.475203 -0.505170 -0.012421 2.479362 -0.375852 -0.330729 -0.348127 0
0.782901 -0.004315 -0.725002 -0.601881 1.086945 -0.670393 0.205796 -0.092379 -0.212871 0
0.548248 -0.025654 -0.720747 -0.630600 -0.761469 1.010935 -0.335456 -0.410377 -0.431821 0
-0.137297 -0.055070 -0.221071 -0.285229 -0.766837 -0.481066 0.128218 -0.014263 -0.089599 0
1.715732 0.053037 -0.616285 -0.383987 -0.478043 -0.588988 -0.069176 -0.167925 -0.187361 0
-0.041942 -0.044548 -0.381483 -0.479084 -0.691571 0.121406 0.327746 -0.187317 -0.301068 1
0.714691 0.032643 0.490653 0.344276 0.765780 -0.695119 0.496365 0.352895 0.329527 0
-0.503430 -0.080945 -0.074582 -0.175431 0.645162 0.045202 -0.100867 -0.070476 -0.150711 0
-0.390611 -0.070638 -0.010235 -0.173834 0.262233 1.092452 0.157463 -0.010409 -0.137078 0
0.401911 -0.025653 -0.338600 -0.348975 0.463195 -0.668986 -0.215920 -0.205653 -0.207614 0
-0.095064 -0.055544 0.186502 -0.032433 -0.658742 -0.684751 -0.229229 -0.127210 -0.132603 1
0.079629 -0.021031 -0.082941 -0.277416 1.088193 -0.555818 0.086048 0.036326 0.001033 0
1.892736 0.094231 0.568490 0.558328 0.947579 -0.641296 0.176159 0.069760 0.084661 0
-0.377798 -0.042557 1.288444 1.194901 -0.899535 -0.664321 0.760501 0.798364 0.874903 0
-0.100090 -0.077411 -0.630147 -0.495128 0.473700 0.194892 -0.334065 -0.334458 -0.348921 0
-0.243001 -0.060873 0.167329 -0.070527 -0.311237 -0.297917 -0.166372 -0.035520 -0.032788 0
1.531000 0.041343 -0.891282 -0.701941 1.016401 -0.562942 -0.111926 -0.354662 -0.382316 0
-0.337201 -0.064885 1.500315 1.420135 0.168682 -0.330806 0.472335 0.480529 0.515454 0
-0.905557 -0.106569 -0.148569 -0.204103 0.751938 0.159750 -0.019295 -0.091193 -0.214730 0
0.950810 0.069609 -0.189196 -0.408686 -1.248110 2.111972 0.723627 0.012597 -0.247775 0
-0.357034 -0.063835 0.986515 0.814783 0.876486 0.494750 0.405650 0.381089 0.331065 0
-0.012477 -0.050559 0.090154 -0.147436 -0.793381 0.100412 -0.029898 -0.165044 -0.159466 0
-0.178301 -0.067562 -0.345807 -0.418601 -1.553543 -0.695128 -0.324414 -0.304103 -0.326010 0
1.183889 0.035686 -0.949967 -0.772043 0.299658 0.198261 0.109590 -0.296963 -0.374331 0
1.692685 0.054247 -0.984936 -0.747140 0.461638 -0.319798 -0.082081 -0.326962 -0.375290 0
0.013295 -0.040144 -0.040577 -0.274366 1.226214 1.528697 -0.092167 -0.135427 -0.145466 0
-0.093096 -0.057948 -0.700977 -0.580306 0.454610 -0.132948 -0.357064 -0.359085 -0.255838 0
0.521080 0.017072 0.681879 0.568841 0.248361 -0.256624 0.353253 0.425282 0.493830 1
0.015703 -0.061824 -0.756695 -0.631812 -0.149832 2.206026 -0.190798 -0.357018 -0.411845 0
0.287579 -0.018821 -0.177965 -0.277761 -0.998218 0.165097 -0.392534 -0.155767 -0.049279 0
-1.100809 -0.109417 1.253993 1.477736 0.342031 -0.695192 0.042363 0.164385 0.235110 0
-0.598867 -0.082393 0.248120 0.078264 -0.117687 -0.593056 -0.169999 -0.049512 0.008814 0
0.268448 -0.034386 0.578087 0.395741 0.115720 2.365028 -0.149064 0.103943 0.124248 0
0.459813 -0.051038 -0.828789 -0.616089 -0.244376 -0.099883 -0.418247 -0.450788 -0.436421 0
-0.865803 -0.094340 0.862076 0.741625 0.766300 -0.112566 -0.090273 0.115876 0.229010 0
0.406647 -0.046195 -0.707167 -0.612142 1.043749 -0.665610 0.098906 -0.144620 -0.296201 0
-0.571936 -0.077076 0.333217 0.089693 -0.134634 -0.661737 -0.235903 0.017278 0.094544 0
0.863200 0.009600 0.168797 0.149706 1.182203 -0.679103 0.339878 0.188159 0.081130 0
0.041684 -0.085580 -1.160217 -0.750005 -1.720982 -0.659168 -0.738792 -0.553484 -0.468201 0
-0.419486 -0.075734 -0.434378 -0.483883 -1.795479 3.595609 -0.206817 -0.188379 -0.219853 0
-0.847013 -0.107934 -0.235566 -0.130983 -0.365101 -0.416730 -0.251318 -0.222419 -0.261170 0
-0.496162 -0.076563 0.458354 0.402454 -0.220734 -0.397837 0.176683 0.180416 0.149419 0
-0.998725 -0.110843 -0.630704 -0.475825 -0.039433 -0.194527 -0.332854 -0.275980 -0.302566 0
0.083995 -0.061829 -0.802032 -0.638626 -0.876144 0.568944 -0.270487 -0.368279 -0.357925 0
-0.408005 -0.079706 -0.354095 -0.383339 0.718794 -0.688163 -0.193396 -0.197661 -0.191685 0
-0.561357 -0.074522 0.115922 -0.054193 0.336044 1.418871 -0.140561 -0.166519 -0.084601 0
-0.251613 -0.082312 -0.718476 -0.599970 0.741170 0.144654 -0.346268 -0.437662 -0.440704 0
0.270586 -0.019837 -0.214458 -0.259377 -1.008902 -0.016921 0.139840 0.058487 0.034291 0
-0.332869 -0.054133 1.607909 1.654152 0.085982 -0.463318 0.108284 0.388519 0.570041 0
0.188772 -0.044256 -0.326576 -0.400144 0.174301 0.212698 -0.509407 -0.391339 -0.350310 0
0.100712 -0.028523 0.929333 0.606834 0.378058 0.923550 0.134168 0.120672 0.156588 0
-0.494474 -0.070074 0.018504 -0.248133 -1.032887 1.529014 -0.258673 -0.229918 -0.173533 0
-0.471359 -0.063309 1.083203 0.892263 0.721275 0.441380 0.501969 0.566683 0.570198 0
0.460299 -0.008764 0.773099 0.531727 0.190077 -0.399856 0.187996 0.214253 0.217893 0
-0.196768 -0.062206 -0.142153 -0.261407 -0.389063 -0.296629 -0.100916 -0.095050 -0.114673 0
-0.279867 -0.074355 -0.428312 -0.414827 -1.254112 -0.025455 -0.284127 -0.336461 -0.297693 0
-0.723414 -0.087192 -0.081147 -0.276310 0.146308 -0.454083 -0.136681 -0.130427 -0.140967 0
0.081484 -0.045263 -0.194376 -0.207672 0.778764 -0.500484 0.226429 0.021467 -0.058984 0
0.945193 -0.022844 -0.973424 -0.753521 -0.126791 0.026853 -0.443726 -0.520110 -0.509852 0
-1.031514 -0.111107 -0.300277 -0.289849 0.039330 -0.591376 -0.312501 -0.277567 -0.316635 0
-0.216011 -0.037738 0.960740 0.569392 0.034694 -0.675788 0.516208 0.393859 0.395805 1
-0.793631 -0.094777 0.336690 0.086261 -2.537023 -0.103355 -0.451393 -0.178249 -0.059909 0
-0.771529 -0.078270 0.748716 0.315000 0.752234 -0.667405 0.354777 0.235573 0.105467 0
-0.449139 -0.061041 1.942522 1.764764 0.312666 -0.673209 0.340320 0.607063 0.746252 0
-0.214575 -0.022331 1.162449 0.692121 0.397749 -0.672987 0.306111 0.509282 0.497483 0
-0.322321 -0.069324 0.007153 -0.200132 -1.026885 -0.202503 -0.307191 -0.145980 -0.170317 0
-1.024885 -0.105827 1.652156 1.842895 0.472105 -0.131288 0.128199 0.195114 0.242249 1
-0.778630 -0.091654 0.272758 0.023251 -0.568978 -0.638098 0.159497 0.062155 -0.012404 0
-0.616283 -0.075652 0.185882 -0.091419 -0.980480 -0.695182 -0.096762 -0.213253 -0.145336 0
-1.023881 -0.107810 0.433014 0.307460 0.328898 0.331156 -0.095026 -0.097058 -0.125175 1
-0.860226 -0.090415 0.518927 0.289670 0.323810 -0.356440 0.315929 0.236731 0.167073 0
4.185091 0.241796 -1.086879 -0.759780 -0.100834 0.290691 -0.318816 -0.476180 -0.473251 0
-0.267660 -0.062078 0.799909 0.573157 0.444738 -0.288601 0.074324 0.118171 0.177850 0
-0.545519 -0.095465 -0.507154 -0.426491 0.125920 0.184563 -0.182753 -0.293320 -0.290772 0
-0.681249 -0.073685 1.568673 1.404953 -2.082496 0.918586 -0.149475 0.316268 0.586144 0
-0.483247 -0.078590 0.799660 0.700094 0.440545 -0.278393 0.078732 0.178998 0.235289 0
-0.336854 -0.070534 -0.104328 -0.296630 -1.971398 0.576084 -0.116288 -0.223379 -0.266295 0
-0.440899 -0.066228 1.671967 1.690922 -1.226220 -0.562219 0.203150 0.443998 0.499265 0
0.284765 -0.027125 -0.544466 -0.543504 0.445727 -0.263026 -0.135518 -0.228977 -0.302372 0
-0.487626 -0.082792 -0.363439 -0.419968 -0.935088 -0.483238 -0.079019 -0.271475 -0.297708 0
-0.600902 -0.086622 0.084643 -0.056953 0.409831 0.932558 -0.059006 -0.024289 -0.024789 0
1.955130 0.073388 -0.658765 -0.550209 0.130132 1.708701 -0.232990 -0.319812 -0.299796 0
-0.359443 -0.085720 -0.687483 -0.580120 -1.016315 -0.693400 -0.368300 -0.418186 -0.415528 0
0.049055 -0.053649 -0.203014 -0.188261 0.100165 0.210948 -0.072060 -0.106076 -0.114904 0
0.679012 0.001019 -0.016680 -0.149029 0.518955 -0.527919 -0.169207 -0.056031 -0.052381 0
7.591921 0.713668 -0.124660 -0.099652 -0.651360 1.060037 -0.179948 -0.202798 -0.223842 0
-0.271511 -0.078156 0.079190 0.099468 0.309492 -0.579063 -0.130337 -0.131476 -0.093016 0
0.150192 -0.065176 -0.853118 -0.645379 -0.239949 -0.420702 -0.269704 -0.298773 -0.374480 0
-0.101775 -0.051897 0.257385 0.049220 0.550619 -0.591910 0.154686 0.024321 -0.037831 0
-0.009115 -0.062339 -0.462114 -0.442186 -1.445822 1.217129 -0.239725 -0.277227 -0.267438 0
-1.039739 -0.097811 0.543231 0.142687 0.417319 0.153649 0.217610 0.155887 0.091276 0
0.198994 -0.046990 -0.298245 -0.352597 -1.002151 0.178373 -0.429619 -0.301696 -0.290602 0
-0.337835 -0.069014 0.816660 0.702102 0.829241 2.119000 0.139889 0.201738 0.231995 0
0.097058 -0.048750 -0.037602 -0.198289 -1.057802 0.219388 -0.280236 -0.158730 -0.132672 0
-0.707405 -0.085267 -0.028105 -0.223358 -0.739946 0.312103 0.108003 -0.157927 -0.142245 0
-0.780884 -0.095991 -0.207042 -0.340402 0.289687 -0.695226 -0.135150 -0.143490 -0.221070 0
-0.398485 -0.083815 -0.901306 -0.690845 0.129684 -0.684601 -0.381878 -0.454126 -0.401246 0
-0.274724 -0.073677 -0.361811 -0.362947 0.380871 1.085727 -0.418103 -0.309820 -0.256970 0
-0.345760 -0.074584 0.574687 0.549628 0.359867 -0.536941 -0.076232 0.029391 0.109817 0
-0.101250 -0.047639 -0.270072 -0.422747 1.248001 -0.690208 0.088161 -0.005378 -0.077663 0
-0.088260 -0.054342 -0.431376 -0.524725 -0.740653 0.667193 -0.291845 -0.342343 -0.275777 0
-0.314493 -0.040095 2.662054 2.799403 -1.469886 -0.172247 0.652422 0.967787 1.179583 0
-0.355764 -0.086483 -0.541124 -0.424433 -0.210177 5.522263 -0.386251 -0.295305 -0.276880 0
-0.040208 -0.068618 -0.807326 -0.656574 -1.133941 -0.193783 -0.561257 -0.436570 -0.395018 0
-0.927023 -0.109481 -0.833364 -0.643013 0.630936 0.332857 -0.371470 -0.405613 -0.443690 0
0.712367 0.004653 -0.258086 -0.337386 0.260298 1.083506 -0.029342 -0.030270 -0.135269 0
-0.182888 -0.071304 -0.192957 -0.189242 -0.203101 -0.478639 -0.470593 -0.316622 -0.200787 0
-0.557912 -0.074055 0.898297 0.686400 0.134490 -0.188453 -0.073631 0.123176 0.225290 0
-0.424357 -0.081858 0.261811 0.179065 0.562310 -0.593676 -0.073070 -0.033409 -0.008189 0
-0.364970 -0.083219 -0.185090 -0.211930 -0.389372 0.634786 -0.270561 -0.243545 -0.206087 0
-0.483212 -0.087613 -0.209130 -0.286521 -0.578259 -0.582287 -0.298145 -0.293308 -0.257370 0
0.051548 -0.046664 -0.432090 -0.440112 -0.484052 -0.681769 -0.424491 -0.432277 -0.358399 0
-0.577507 -0.094719 -0.507123 -0.431809 0.584527 -0.442957 -0.166969 -0.196080 -0.231930 0
-1.235988 -0.113231 1.068669 1.029910 0.157723 -0.512443 -0.055062 0.028791 0.068915 0
-0.392932 -0.080566 -0.611793 -0.581313 0.400470 0.247787 -0.409712 -0.364278 -0.376049 0
-0.114842 -0.056953 -0.254216 -0.280333 -0.414370 -0.149696 -0.406282 -0.255885 -0.163581 0
0.342341 -0.027413 -0.410207 -0.444952 -0.069797 -0.644109 0.118016 -0.013000 -0.136477 0
-0.711992 -0.105067 -0.714820 -0.463616 0.184057 2.598926 -0.411823 -0.383650 -0.376455 0
-0.295033 -0.077225 -0.198122 -0.179809 0.106340 0.301497 -0.240752 -0.181845 -0.202814 0
-0.118488 -0.071884 -0.425120 -0.398992 -0.888659 0.699799 -0.429506 -0.300313 -0.264663 0
0.092076 -0.036043 0.711458 0.534277 0.078737 -0.223535 0.108841 0.301373 0.319747 0
1.334615 0.034420 -0.564178 -0.476787 0.258733 -0.575729 -0.289521 -0.370507 -0.317733 0
-0.150339 -0.081442 -0.593595 -0.426158 0.234869 -0.628598 -0.424586 -0.351475 -0.297968 0
-0.355919 -0.046610 0.405806 0.017629 -0.009131 -0.651963 -0.122710 0.061943 0.097735 0
1.073618 -0.024434 -1.019399 -0.736274 -0.040187 0.105018 -0.391279 -0.399021 -0.439804 0
-0.283926 -0.083574 -0.758363 -0.582555 -0.007468 -0.687383 -0.128850 -0.319915 -0.331122 0
3.154059 0.169515 -0.925788 -0.671148 0.344409 -0.568167 -0.122231 -0.232836 -0.304666 0
-0.380885 -0.064454 0.143260 -0.180022 2.373213 0.933900 0.020186 -0.170505 -0.175317 0
0.283017 -0.051689 -1.060604 -0.801631 -0.094730 0.401012 -0.343924 -0.441430 -0.459392 0
-0.291273 -0.053243 -0.131818 -0.351361 -0.322585 -0.596926 -0.459619 -0.305341 -0.210894 0
-0.917692 -0.099095 0.102782 -0.090764 -0.451124 1.867604 -0.312999 -0.249971 -0.251955 1
-0.243976 -0.074456 -0.087944 -0.080763 -0.005640 3.457845 -0.207573 -0.136209 -0.081207 0
-0.195096 -0.071256 -0.716654 -0.594600 0.038490 -0.485088 -0.268110 -0.327218 -0.330948 0
-0.135061 -0.045646 0.053004 -0.156759 -0.305882 -0.624981 -0.238202 -0.117074 -0.005697 0
0.240069 -0.071494 -0.650928 -0.390669 -1.319556 0.449468 -0.437685 -0.331620 -0.287236 0
-0.406135 -0.083863 -0.419693 -0.393030 -0.024800 -0.568813 -0.454754 -0.316393 -0.259820 0
-0.427792 -0.076572 -0.532291 -0.554566 -0.794023 -0.580764 -0.350406 -0.384916 -0.364902 0
1.363165 0.003490 -1.198071 -0.819096 -2.559782 2.653411 -0.549811 -0.609108 -0.520665 0
-0.781804 -0.092193 -0.060241 -0.219295 0.007937 -0.692116 -0.311330 -0.276080 -0.159702 0
-0.508531 -0.076040 0.192281 0.041179 -0.507176 4.953523 -0.157471 -0.002810 0.011759 0
0.136753 -0.043299 -0.306597 -0.339120 0.704458 -0.088552 0.044597 -0.043638 -0.112765 0
-0.532347 -0.088380 0.240521 0.441553 -0.847032 -0.561024 -0.132348 -0.046237 0.039791 0
0.705076 -0.013257 -0.905573 -0.724990 0.946245 1.374320 -0.131440 -0.342485 -0.371600 0
-0.581909 -0.094299 -0.095665 -0.070022 0.186337 1.325852 -0.277246 -0.229916 -0.195654 0
-0.805436 -0.097759 -0.167879 -0.172177 -0.660919 1.556477 -0.518067 -0.275113 -0.159042 0
-0.362253 -0.087093 -0.789486 -0.628287 0.298561 0.948228 -0.601682 -0.526156 -0.444971 0
1.228820 0.029063 -0.557608 -0.501687 0.607795 -0.523523 -0.063155 -0.281735 -0.284018 0
-0.592556 -0.098163 0.054210 0.141596 -1.337838 -0.622117 -0.199585 -0.138518 -0.120643 0
2.120012 0.019179 -1.062776 -0.697011 -0.271187 -0.313363 -0.288010 -0.402191 -0.433507 0
0.011094 -0.064438 -0.879482 -0.700572 -0.897825 -0.436350 -0.499424 -0.476416 -0.424570 0
-0.474713 -0.079760 -0.372805 -0.431337 -1.247523 -0.376825 -0.092850 -0.155308 -0.164393 0
0.046148 -0.036058 0.271677 0.158168 -0.362380 2.847327 0.015904 0.132730 0.193920 0
0.424570 -0.038151 -0.442726 -0.434379 -0.359930 0.721047 -0.348032 -0.324709 -0.300479 0
0.525222 0.004906 -0.247911 -0.391759 0.595540 -0.611199 -0.283017 -0.318094 -0.304746 0
-0.492157 -0.074406 -0.084928 -0.220652 -1.229277 0.932625 -0.010795 -0.113837 -0.094973 0
0.234190 -0.059669 -0.866063 -0.635763 0.173098 0.759614 -0.318703 -0.345521 -0.310325 0
-0.383918 -0.077453 -0.371284 -0.419361 -0.564762 -0.679326 -0.391597 -0.340004 -0.290854 0
0.153427 -0.061646 -0.193925 -0.212059 -1.913404 -0.433100 -0.347340 -0.232635 -0.220377 0
0.236993 -0.028685 0.065131 -0.119993 0.198014 -0.692895 -0.263335 -0.243543 -0.139731 0
-0.361109 -0.083844 -0.698734 -0.603788 0.167323 -0.673186 -0.361303 -0.383138 -0.384175 0
-0.563627 -0.083896 -0.613575 -0.597977 -1.647655 1.334398 0.085560 -0.153479 -0.298118 0
-0.864326 -0.099126 -0.254384 -0.354094 -0.311824 -0.678953 -0.214601 -0.267968 -0.284824 0
-0.090641 -0.073123 -0.163904 -0.116479 0.111315 -0.646110 -0.316875 -0.179446 -0.157021 0
-0.133073 -0.075241 -0.621164 -0.498357 -0.058416 -0.695257 -0.526474 -0.290635 -0.291683 0
-0.220741 -0.053566 0.850205 0.536108 -0.629640 -0.621579 -0.354731 -0.023914 0.054605 0
-0.870008 -0.105622 -0.336507 -0.383326 0.007512 -0.694924 -0.569059 -0.467803 -0.395578 0
-0.497350 -0.099547 -0.659142 -0.514722 -0.201820 -0.664129 -0.486731 -0.462090 -0.417247 0
-0.704960 -0.096039 -0.450984 -0.421372 -1.815343 -0.512019 -0.418065 -0.327668 -0.283244 0
0.107257 -0.053419 -0.487006 -0.470460 -0.727910 -0.627274 -0.635906 -0.462549 -0.385352 0
-0.041854 -0.068454 -0.787143 -0.666864 -1.216464 -0.694560 -0.643318 -0.479045 -0.448987 0
-0.165793 -0.063812 -0.064461 -0.083961 -0.211519 0.296631 -0.495181 -0.217528 -0.077194 0
-0.292361 -0.079028 0.159316 0.181147 -0.157004 -0.242338 -0.319007 -0.210516 -0.176494 0
-0.038748 -0.065920 -0.601439 -0.558729 -1.312072 -0.220498 -0.664460 -0.484449 -0.394486 1
-1.046193 -0.110761 -0.163680 -0.211114 -0.730046 -0.686339 -0.604728 -0.403544 -0.322149 0
0.308265 -0.045161 -1.059927 -0.794685 -0.075564 4.713287 -0.343221 -0.418093 -0.419959 0
-0.650510 -0.098340 -0.574907 -0.483165 0.272120 -0.639584 -0.426392 -0.307251 -0.316059 0
-0.320594 -0.074300 0.341396 0.185530 0.186830 -0.433167 0.001688 0.022357 -0.008238 0
-0.870171 -0.109577 -1.188596 -0.805830 0.166584 -0.622579 -0.338175 -0.420065 -0.432648 0
-0.577706 -0.075028 -0.448818 -0.551109 -1.546799 2.272028 -0.531729 -0.373124 -0.319395 0
-0.723684 -0.100704 -0.080318 -0.105615 0.390593 -0.512744 -0.184556 -0.131858 -0.166698 0
-0.452559 -0.080198 -0.048070 -0.176496 0.101986 0.450494 -0.235863 -0.142270 -0.125821 0
1.161061 -0.041978 -1.504733 -0.897023 -0.689755 0.454598 -0.634743 -0.601033 -0.538938 0
-0.001046 -0.021193 1.041043 0.938306 -0.031033 -0.680361 0.054956 0.356134 0.542327 0
0.770768 -0.035634 -1.058764 -0.750035 0.005171 -0.694687 -0.625530 -0.552402 -0.475715 0
0.124433 -0.035810 -0.625028 -0.579517 -0.071540 -0.570195 -0.339951 -0.296808 -0.274418 0
0.530004 -0.029482 -0.122802 -0.112821 -0.003579 -0.335226 -0.189271 -0.098820 -0.057432 0
-0.566696 -0.095952 -0.582374 -0.479801 -0.440148 -0.646115 -0.367609 -0.330672 -0.330445 0
0.285039 -0.065119 -0.864607 -0.581035 -0.858032 -0.683791 -0.468784 -0.364275 -0.346428 0
-0.315412 -0.070725 -0.678862 -0.665435 -0.335947 -0.368599 -0.359290 -0.433506 -0.417614 0
-0.696444 -0.086957 -0.243355 -0.384503 0.020044 -0.035710 -0.224471 -0.086995 -0.105893 0
0.248313 -0.059423 -0.506055 -0.432365 -0.140383 0.037292 -0.344246 -0.175692 -0.200365 0
-0.742769 -0.097102 0.077122 -0.004327 -0.475955 3.164952 -0.168146 -0.067825 -0.086785 0
0.159320 -0.055775 -0.622264 -0.543657 -0.052193 -0.447459 -0.617460 -0.478713 -0.369033 0
0.027693 -0.060987 -0.342749 -0.369096 0.138265 -0.621526 -0.273543 -0.363057 -0.319638 0
-0.276424 -0.088861 -0.129102 -0.113080 0.064123 -0.650417 -0.441778 -0.267854 -0.234438 0
-0.147439 -0.074140 -0.914091 -0.723688 -1.352361 -0.497935 -0.379563 -0.465436 -0.440853 0
-0.323315 -0.076486 -0.388281 -0.446673 0.014729 -0.671143 -0.447764 -0.369954 -0.324968 0
-0.188582 -0.084543 -0.742566 -0.584934 -0.123191 -0.683232 -0.643190 -0.500709 -0.421557 0
-0.086467 -0.068285 -0.785961 -0.647331 0.354666 -0.554499 -0.443271 -0.465156 -0.420521 0
-0.927861 -0.103292 -0.188758 -0.290479 -0.195456 -0.329050 -0.338339 -0.316509 -0.271721 0
-1.117629 -0.116679 -0.773061 -0.499382 -1.394816 -0.245880 -0.857824 -0.555927 -0.399245 0
-0.366593 -0.075519 -0.681202 -0.621801 0.049217 0.321304 -0.445812 -0.301312 -0.301662 0
-0.291491 -0.074014 -0.419328 -0.430013 -0.019954 0.671515 -0.275618 -0.291698 -0.267544 0
0.459014 -0.019191 -0.424062 -0.484433 -0.364159 -0.694577 -0.575863 -0.427806 -0.330239 0
-0.746527 -0.098036 0.787445 0.782459 -1.073204 -0.559922 -0.135480 0.071306 0.105989 0
-0.382391 -0.084799 -0.840009 -0.676621 -0.154530 0.241541 -0.515872 -0.450539 -0.421656 0
-0.145079 -0.082640 -1.053982 -0.774276 -0.759738 -0.559470 -0.433298 -0.506268 -0.496635 0
0.668002 -0.032843 -0.836894 -0.626254 0.076213 -0.674750 -0.293245 -0.349241 -0.387255 0
-0.052995 -0.075027 -0.310427 -0.253830 0.047872 -0.695190 -0.414106 -0.327777 -0.306802 0
-0.245770 -0.073202 -0.114717 -0.178639 -0.134489 1.794002 -0.256026 -0.202859 -0.173229 0
0.289885 -0.064865 -0.603484 -0.495892 -1.031411 0.414938 -0.343062 -0.363661 -0.403847 1
-0.172058 -0.077794 -0.334945 -0.240628 0.343805 1.898485 -0.401047 -0.270209 -0.208949 0
-0.795515 -0.105319 -0.911710 -0.650297 0.022349 -0.695079 -0.462109 -0.403205 -0.391331 0
0.276951 -0.057504 -0.651988 -0.487556 -0.032343 -0.263983 -0.368069 -0.324134 -0.309799 0
-0.250285 -0.057825 0.234923 -0.046027 0.335009 -0.631284 -0.242010 -0.060123 -0.030099 0
-0.633373 -0.083751 -0.068176 -0.199975 -0.682949 -0.347471 -0.125949 -0.020114 -0.020181 0
0.276273 -0.046812 -0.380263 -0.426165 -0.452204 -0.260544 -0.163105 -0.352752 -0.297423 0
0.088676 -0.063143 -0.699162 -0.580265 0.341223 0.442710 -0.259616 -0.346582 -0.352238 0
0.420903 -0.051658 -0.961056 -0.722937 0.740273 -0.177682 -0.479089 -0.553707 -0.459928 0
-0.024109 -0.057411 0.316974 0.281214 0.025379 0.063260 -0.382966 -0.133460 -0.031044 0
-0.664989 -0.103305 -0.838435 -0.628575 -1.307200 -0.695244 -0.586142 -0.492627 -0.459757 0
-0.528857 -0.094319 -0.698562 -0.560997 -0.256955 -0.413012 -0.639484 -0.491895 -0.415112 0
-0.070140 -0.067583 0.059421 0.010337 -0.409846 -0.507523 -0.126189 -0.104645 -0.139779 0
-0.196644 -0.059588 0.588314 0.254455 0.342538 -0.303473 -0.008139 -0.045469 -0.082251 0
-0.289399 -0.035966 0.875841 0.815362 0.423670 -0.535910 0.155025 0.395403 0.589815 0
-0.306165 -0.056698 0.013603 -0.184197 -0.621733 0.669355 -0.201138 -0.071767 -0.027635 0
-0.542275 -0.088887 0.197659 0.070291 -0.544643 -0.609030 -0.079786 -0.148314 -0.166394 0
-0.422918 -0.089996 -0.725180 -0.617302 0.581476 0.312004 -0.505324 -0.481877 -0.438938 0
-0.502389 -0.097406 -0.831302 -0.621233 0.133833 -0.541321 -0.572503 -0.533980 -0.480354 1
0.028253 -0.036959 -0.301542 -0.383938 -0.276582 -0.583436 -0.153145 -0.190586 -0.200995 0
-0.559650 -0.092443 -0.230426 -0.279958 -0.550049 -0.162888 -0.316277 -0.271475 -0.271134 0
0.719482 -0.004614 -0.289590 -0.378705 -0.349129 -0.623390 -0.324262 -0.138164 -0.152210 0
0.403071 -0.046715 -0.772230 -0.624884 -0.950087 -0.015782 -0.558678 -0.485316 -0.420746 0
-0.037982 -0.035225 0.375758 0.254015 0.282427 -0.662253 -0.122384 0.074484 0.196369 0
0.934061 -0.013892 -0.595530 -0.527444 -1.696229 -0.638740 -0.365039 -0.452554 -0.404879 0
-0.470584 -0.073824 0.429473 0.132654 -0.431506 -0.278632 -0.307222 0.023475 0.098699 0
-0.320083 -0.086875 0.038454 0.030056 -0.013768 -0.323756 -0.319181 -0.201556 -0.152265 0
0.032125 -0.072889 -0.673205 -0.558697 -0.759064 -0.393598 -0.601972 -0.453543 -0.395343 0
-0.674098 -0.089543 -0.032476 -0.207680 -0.241480 0.828118 -0.511290 -0.351960 -0.295185 0
-0.295874 -0.083856 -0.648623 -0.502460 -0.685080 0.395004 -0.623424 -0.432525 -0.327278 0
-0.346557 -0.085381 0.471477 0.562047 -0.180804 -0.686667 -0.335384 -0.120031 -0.024807 0
-0.429489 -0.083332 -0.419399 -0.417791 -0.674135 -0.494945 -0.308296 -0.237032 -0.245314 0
-0.441578 -0.087793 -0.510373 -0.449164 -1.371909 -0.654074 -0.625476 -0.362645 -0.286580 0
-0.038641 -0.061036 -0.784184 -0.678756 -0.189124 -0.233665 -0.479061 -0.444609 -0.419856 0
-0.175888 -0.063401 -0.685207 -0.624530 -0.186925 -0.126069 -0.319825 -0.343284 -0.346200 0
-0.417527 -0.089539 -0.093144 -0.101676 -0.032839 -0.510885 -0.469690 -0.295858 -0.196230 0
-0.489844 -0.097789 -0.282055 -0.086892 -0.126787 0.612965 -0.541011 -0.348081 -0.238543 0
1.559965 0.024739 -1.174177 -0.811790 -0.434278 -0.643835 -0.392422 -0.502453 -0.483295 0
0.200490 -0.050536 -0.280803 -0.233631 -0.837626 1.328785 -0.376733 -0.221410 -0.141066 0
0.414951 -0.034664 -0.724684 -0.644173 -1.269697 0.146654 -0.640332 -0.489138 -0.437746 0
-0.240728 -0.064745 -0.095988 -0.224821 0.074838 -0.570018 -0.257918 -0.228397 -0.218832 0
-0.712521 -0.099547 -0.952792 -0.740291 0.311922 1.828472 -0.653977 -0.573891 -0.495850 0
-0.128482 -0.063032 -0.143816 -0.229809 -0.043768 -0.693399 -0.526379 -0.251949 -0.159451 0
0.395458 -0.038387 -1.139238 -0.830181 -0.408601 -0.197040 -0.698970 -0.630589 -0.513500 0
-0.226726 -0.082905 -0.823787 -0.641535 -1.937591 -0.431666 -0.433978 -0.491355 -0.405910 0
-0.071085 -0.027099 0.837850 0.407426 -0.831831 -0.448686 0.352082 0.237751 0.111536 0
-0.647208 -0.102265 -0.939345 -0.643668 -0.203066 -0.137709 -0.616588 -0.527528 -0.436696 0
0.942028 -0.029409 -1.088114 -0.752682 -0.440124 0.997394 -0.479286 -0.529675 -0.471406 0
-0.799851 -0.101081 -0.501600 -0.409002 -0.011078 -0.367066 -0.540041 -0.459342 -0.327924 0
-0.504324 -0.085076 0.095524 0.091566 -1.049725 1.650939 -0.486533 -0.208415 -0.084210 0
-0.450902 -0.081772 -0.742489 -0.668344 0.013640 -0.688500 -0.575687 -0.406341 -0.348188 0
-0.883821 -0.103638 0.618686 0.591563 -0.614846 0.326185 -0.356530 -0.167610 -0.038525 0
-0.748073 -0.091828 0.093787 -0.063378 -0.188818 0.183156 -0.332479 -0.168284 -0.078317 0
0.114514 -0.036968 1.245597 1.256614 -0.330521 -0.562372 -0.058079 0.180896 0.395664 1
0.370018 -0.050348 -1.148777 -0.821749 -0.269434 -0.452683 -0.512222 -0.496470 -0.454479 0
-0.828115 -0.106905 -0.317091 -0.173562 0.029557 -0.542296 -0.423205 -0.276323 -0.201564 0
0.393357 -0.043422 0.589784 0.738245 -0.475620 2.744135 -0.316638 -0.038753 0.049273 0
-0.322277 -0.089896 -0.522924 -0.367728 0.194752 -0.586819 -0.434497 -0.327337 -0.276624 0
-0.884926 -0.105684 -0.808542 -0.630836 -0.002309 0.914163 -0.679590 -0.501368 -0.414332 0
0.017025 -0.065966 -0.337330 -0.291237 -0.155846 -0.618613 -0.553783 -0.350849 -0.230091 0
-0.009092 -0.076743 -0.937672 -0.668195 -0.602608 0.009004 -0.681624 -0.488092 -0.423588 0
-0.240396 -0.093987 -0.726765 -0.456216 -0.245433 -0.420463 -0.573934 -0.482639 -0.379921 0
-0.264406 -0.067208 1.221272 1.160427 -0.304343 0.017970 -0.205986 0.146427 0.351626 0
-1.053876 -0.108251 0.035868 0.109738 -0.385838 -0.683682 -0.266181 -0.182110 -0.086029 0
-0.474861 -0.089555 -0.934086 -0.707565 -1.148476 -0.694666 -0.466764 -0.489247 -0.407672 0
-0.500539 -0.069191 0.313728 -0.012326 -0.271306 1.576736 0.153990 -0.033789 -0.087692 0
-0.297293 -0.083829 -0.868802 -0.681905 -0.788033 1.331241 -0.646018 -0.525530 -0.459775 0
-1.012960 -0.108782 -0.447574 -0.427259 0.086344 0.854624 -0.464083 -0.363860 -0.340509 0
0.421577 -0.040895 -0.807282 -0.687564 -0.852962 -0.651330 -0.546262 -0.478607 -0.468365 0
-0.030156 -0.071190 -0.931873 -0.724822 -0.352599 -0.203432 -0.635993 -0.519279 -0.480678 0
-0.615042 -0.094736 -0.381097 -0.348783 0.519199 -0.552823 -0.375252 -0.239510 -0.251986 0
-0.355880 -0.080598 0.536519 0.637911 -0.995957 -0.193748 -0.194435 -0.003136 0.078219 0
-0.201291 -0.082699 -1.061285 -0.787417 -1.340284 -0.534591 -0.730553 -0.592823 -0.518226 0
0.488231 -0.050886 -0.685949 -0.523978 -0.272115 1.431273 -0.679100 -0.484380 -0.405732 0
0.724674 -0.072862 -1.340053 -0.758207 -0.109142 -0.640325 -0.607211 -0.566031 -0.513732 0
2.849681 0.051095 -1.394053 -0.874247 -0.098096 -0.209088 -0.592589 -0.586427 -0.558622 0
-0.740442 -0.103675 -0.807675 -0.580245 -0.701984 0.204149 -0.520655 -0.482720 -0.390982 0
-0.477182 -0.091975 -0.762754 -0.591956 -0.314253 -0.678345 -0.555820 -0.530222 -0.447997 0
0.258746 -0.064764 -1.115274 -0.773150 -0.886818 -0.447289 -0.604815 -0.463369 -0.430234 0
-0.923442 -0.102381 0.293648 0.222624 -0.414953 -0.668379 -0.336438 -0.121416 -0.040547 0
-0.602697 -0.093864 -0.277966 -0.312086 0.041316 0.810364 -0.539230 -0.434720 -0.326077 0
-0.295834 -0.083209 -0.892280 -0.710284 -0.777707 1.639001 -0.379006 -0.430765 -0.405177 0
-0.301395 -0.092420 -0.985421 -0.684254 -0.988799 -0.100000 -0.430752 -0.388550 -0.397086 0
-0.709414 -0.098780 -0.160369 -0.247500 -1.379354 -0.642832 -0.181411 -0.259588 -0.315350 0
-0.394790 -0.070517 0.456619 0.242052 -0.205029 1.585815 -0.102616 -0.051356 -0.020980 0
0.171307 -0.030046 -0.211959 -0.338774 -0.506266 -0.693656 -0.462752 -0.151687 -0.083929 0
-0.148087 -0.087852 -0.817147 -0.546808 -1.267893 -0.694911 -0.524815 -0.493668 -0.453823 0
5.596569 0.215300 -1.515183 -0.874163 -0.973093 -0.692558 -0.761090 -0.661653 -0.568623 0
-0.557507 -0.083758 -0.477950 -0.521207 -0.260334 0.292153 -0.504141 -0.337072 -0.302824 0
-0.347310 -0.085673 -0.549546 -0.457102 -0.338415 0.800783 -0.593736 -0.461433 -0.363884 0
2.058318 0.044163 -1.039265 -0.729125 -0.104560 -0.663337 -0.611841 -0.530001 -0.496375 0
0.291118 -0.071144 -1.094836 -0.741856 -1.061733 -0.586041 -0.500631 -0.560188 -0.506654 0
-0.634745 -0.100095 -0.824754 -0.595403 -0.427294 -0.465529 -0.486007 -0.502324 -0.433728 0
0.499011 -0.033793 -0.592415 -0.534132 -0.105802 0.506026 -0.480294 -0.499578 -0.332828 0
-0.545908 -0.090950 0.081867 0.018721 -1.123260 -0.450995 -0.397100 -0.213515 -0.100754 0
0.336180 -0.058125 -0.859049 -0.672342 -0.152630 -0.466401 -0.600837 -0.459799 -0.416370 0
-0.093316 -0.061678 -0.594923 -0.548342 -1.214807 -0.510867 -0.392371 -0.406396 -0.363917 1
-0.208404 -0.083734 -0.226966 -0.147699 -0.883954 -0.187027 -0.445615 -0.317216 -0.231395 0
-0.412445 -0.079756 0.117218 -0.021594 -0.185463 -0.690026 -0.577238 -0.410309 -0.300982 0
0.332518 -0.060147 -1.095750 -0.775267 -0.276742 -0.637859 -0.531321 -0.436768 -0.413411 0
-0.056381 -0.072857 -0.327030 -0.246067 -0.615205 -0.566694 -0.503495 -0.323696 -0.209887 0
-0.112222 -0.066573 -0.527202 -0.483130 -0.128274 0.356299 -0.496958 -0.368447 -0.301675 0
-0.878401 -0.106793 -0.590187 -0.489348 -0.801281 -0.269419 -0.367131 -0.342862 -0.358638 0
-0.639943 -0.087640 0.309271 0.194072 -0.207596 -0.627517 -0.436170 -0.179231 -0.068976 0
-0.336327 -0.088736 0.453961 0.515827 -0.129260 0.542601 -0.253012 -0.040062 0.030177 0
-0.302897 -0.073987 0.070364 0.020305 -0.446870 0.544758 -0.312819 -0.190742 -0.096323 0
-0.943249 -0.115356 -1.332285 -0.831641 -0.343813 -0.576027 -0.720705 -0.599235 -0.525222 0
0.868536 -0.013669 -0.886530 -0.692371 -0.127154 -0.292927 -0.566611 -0.500793 -0.434543 0
-0.627842 -0.105068 -0.828917 -0.552469 -0.828004 0.697302 -0.560743 -0.510531 -0.434960 0
-0.260971 -0.081052 -0.799833 -0.644560 -0.202533 -0.506894 -0.620138 -0.478758 -0.385166 0
-0.491655 -0.079980 0.986692 0.710867 -0.958462 -0.624452 -0.476014 -0.221675 -0.046684 0
-0.019276 -0.068454 -0.174537 -0.233561 -0.732371 -0.469718 -0.593242 -0.386872 -0.299446 0
-0.056710 -0.058814 -0.527823 -0.556366 -0.010597 -0.688379 -0.209436 -0.403922 -0.393011 0
-0.228985 -0.071137 -0.291019 -0.341416 0.033467 -0.178150 -0.365810 -0.259283 -0.212943 1
-0.402019 -0.092371 -0.829472 -0.577088 -1.141156 0.126865 -0.817952 -0.576774 -0.413190 0
-0.278340 -0.085827 0.287700 0.318905 -0.167476 0.226898 -0.425263 -0.251957 -0.158603 0
-0.356299 -0.090085 -0.879184 -0.589416 -0.705599 -0.545614 -0.601378 -0.470314 -0.347719 1
-0.393073 -0.081861 -0.731070 -0.602644 -0.733453 -0.684060 -0.480445 -0.403745 -0.370447 0
0.645162 -0.022908 -0.636965 -0.595739 -0.516380 -0.570263 -0.278286 -0.459977 -0.420713 1
-0.226558 -0.071413 0.124965 0.073739 -0.372486 -0.528204 -0.386207 -0.173738 -0.067736 0
-0.817002 -0.113361 -1.170036 -0.680032 -0.534553 -0.306140 -0.772988 -0.564818 -0.458618 0
-0.436817 -0.087496 -0.529868 -0.494751 -1.111595 0.543959 -0.773809 -0.516504 -0.352909 0
-0.116449 -0.063321 -0.594538 -0.548447 -1.283929 -0.166185 -0.718996 -0.455354 -0.361130 0
-0.568304 -0.100027 -0.796010 -0.611782 -0.638664 -0.096774 -0.595822 -0.474384 -0.459558 0
-0.487168 -0.099022 -1.008872 -0.706921 -0.214764 -0.601571 -0.703943 -0.583388 -0.483090 0
0.082883 -0.044565 0.083834 0.073456 -0.323747 -0.255401 -0.519188 -0.205421 -0.041776 0
-0.777661 -0.097934 0.300136 0.215015 -0.486213 -0.269140 -0.428602 -0.150685 -0.023598 0
0.033234 -0.064486 -0.824413 -0.637405 -0.668316 1.294650 -0.479404 -0.501537 -0.406584 0
0.483677 -0.049750 -0.935206 -0.720994 -0.494113 1.063832 -0.699517 -0.610741 -0.503576 1
-0.618120 -0.080581 0.034465 -0.177683 -0.557048 -0.638694 -0.390461 -0.153608 -0.100790 0
4.311027 0.230011 -1.426519 -0.903990 -0.073759 0.948874 -0.697942 -0.644273 -0.558309 0
-0.049039 -0.079684 0.075295 0.283331 -0.348297 -0.695185 -0.531062 -0.308811 -0.195491 0
0.182384 -0.047401 -0.127542 -0.142496 -0.571535 0.181217 -0.461543 -0.255547 -0.106005 0
-0.645300 -0.062440 1.399036 0.873487 -0.452764 -0.418359 0.082729 0.323613 0.554277 0
-0.209277 -0.079284 -0.820088 -0.640159 -0.449381 -0.573484 -0.677676 -0.470965 -0.399135 0
-0.625053 -0.102102 -0.532729 -0.399951 -1.337181 -0.258091 -0.671488 -0.461113 -0.351324 0
