7.012631 38.868580 8.011966 9.950661 11.761780 36.208834 22.448090 24.799528 26.166131 0
0.778783 3.701632 8.128350 10.096733 9.414420 6.924192 16.134478 17.523160 17.775027 0
-0.878559 0.073313 6.192587 7.370084 4.467522 1.035919 4.489737 4.094673 3.672357 0
-1.266001 -0.066700 6.268399 7.616846 2.444025 -0.207883 2.499610 2.678878 2.857742 0
2.182398 2.463027 3.025904 2.508625 4.741294 0.313996 5.004576 4.263010 3.814892 0
-1.236695 -0.112601 3.092229 2.743538 2.353949 -0.064574 2.086038 1.628531 1.130814 0
0.132898 0.082074 3.202250 3.320200 2.347348 -0.285661 1.443991 1.287813 1.162083 0
-0.851259 -0.053018 3.021144 2.760553 0.785535 0.526923 1.154472 1.222916 1.130572 0
-1.060308 -0.109679 3.296898 3.692328 1.362782 0.644041 1.194945 1.031937 0.909104 0
-1.545722 -0.160711 3.785285 4.466731 0.797415 -0.288342 0.568928 0.676484 0.778874 1
-1.356101 -0.154510 4.114161 4.916192 1.001889 -0.187250 0.801740 0.785733 0.773067 0
-0.432290 -0.041775 3.251197 3.469693 0.695391 -0.171461 0.899993 0.953298 0.963079 0
-0.854184 -0.104544 2.706505 2.737229 1.069515 1.352153 0.904845 0.842792 0.783280 0
-0.974878 -0.089280 2.715017 2.081953 0.642548 -0.097095 0.395223 0.489664 0.431790 0
-0.524895 -0.055534 1.590577 1.326036 1.739745 0.020064 1.075829 0.729767 0.518370 0
-0.398364 -0.035400 2.688762 2.667514 0.924859 -0.052823 0.966811 0.718237 0.638204 0
-0.432133 -0.059776 1.567579 1.226590 1.759375 -0.247007 0.970112 0.710170 0.463346 0
-0.204365 0.039882 1.848702 1.227369 2.457867 -0.271907 1.828956 1.045250 0.631341 0
0.431743 0.067288 1.710808 1.678788 1.018488 -0.055470 0.658347 0.570340 0.527687 0
-1.022877 -0.119779 2.873508 2.944629 0.332311 -0.231289 0.528487 0.558693 0.597599 0
1.420219 0.279652 1.833794 1.770106 1.956655 -0.284084 1.222898 0.910095 0.734322 0
-0.154912 0.015381 1.275989 0.886558 1.709230 -0.282378 1.304617 0.789409 0.539529 0
-0.409904 -0.034119 1.971981 1.690073 1.253648 -0.286353 0.513168 0.584699 0.631409 0
-1.267507 -0.134934 1.941050 1.723878 1.159809 -0.288600 0.530887 0.541858 0.556053 1
0.004196 0.033135 1.916429 1.746915 0.387517 -0.063074 0.499653 0.576131 0.621154 0
-0.838707 -0.107946 2.345334 2.451563 0.315555 0.337335 0.519407 0.539331 0.553886 1
0.620114 0.059963 1.161086 1.149647 1.809082 0.602388 0.889762 0.611255 0.412876 0
-0.256080 -0.077273 0.936240 1.075212 -2.116068 -0.286840 0.087168 0.086414 0.130242 0
-0.911141 -0.116607 2.165721 2.112090 0.616713 -0.199780 0.547671 0.581344 0.557582 0
0.457420 0.054221 1.474260 1.206268 0.474810 -0.119342 0.304577 0.402657 0.372880 0
-0.980263 -0.079875 1.892076 1.265875 1.609618 -0.267706 0.533900 0.545880 0.562961 0
-0.605314 -0.040371 0.795147 0.222666 0.136717 -0.284647 0.439580 0.271946 0.168155 0
-0.391559 0.011706 0.981962 0.389557 1.349295 -0.271194 0.699663 0.638099 0.484131 1
0.896353 0.186001 0.261416 -0.093040 1.302662 -0.231960 0.625928 0.365183 0.126154 0
0.232779 0.013767 1.648571 1.630329 0.401592 -0.285198 0.266209 0.377054 0.418578 0
1.204182 0.148280 1.184501 1.219696 1.103733 1.009285 0.600110 0.430180 0.344759 0
0.095704 -0.019511 1.789359 1.903906 -0.002078 -0.197031 0.218317 0.351768 0.414703 0
0.339983 0.251609 1.788614 1.081546 1.413152 -0.171497 0.521203 0.588298 0.610906 0
0.271213 0.078091 0.962751 0.583466 0.786322 -0.279412 0.619367 0.582345 0.411180 0
-0.185807 -0.016037 2.059926 1.961227 0.688030 -0.025800 0.464337 0.473553 0.487108 0
-1.550050 -0.168580 1.837628 1.772379 -0.143156 -0.012024 -0.038722 0.186482 0.272827 1
-1.313278 -0.157406 1.266518 1.114729 0.638347 -0.285846 0.209006 0.195501 0.163997 0
-1.224385 -0.148587 1.840450 1.968722 1.324415 -0.276119 0.675711 0.450589 0.389287 1
-0.694958 -0.099967 0.943868 0.705030 1.082573 -0.261855 0.602254 0.360799 0.218893 0
0.957167 0.140415 1.408197 1.175809 1.542403 0.325957 0.797412 0.549255 0.408784 0
-1.066942 -0.139524 1.507220 1.380730 0.745992 0.838114 0.277844 0.280806 0.238491 0
-0.718890 -0.113647 0.826674 0.627630 0.377631 -0.258058 0.045708 0.090577 0.088939 0
-1.284045 -0.118331 3.493301 3.268104 -0.309961 2.247436 0.886654 0.990550 1.001516 0
-0.941544 -0.121320 1.672555 1.590836 0.899209 -0.250108 0.313640 0.342923 0.349976 0
-0.892569 -0.105933 0.954324 0.410536 1.465615 0.043072 0.696284 0.416936 0.192863 0
-0.792970 -0.116461 1.425818 1.486926 0.061396 1.313503 0.198907 0.254058 0.318183 0
-0.692603 -0.091090 1.022550 0.666416 1.704374 -0.285503 0.882509 0.518875 0.381335 0
0.648194 0.145168 1.605390 1.100095 0.319393 -0.167495 0.735114 0.434821 0.367436 0
0.019606 -0.009714 0.801513 0.533539 2.056824 0.329052 0.916512 0.489655 0.246614 0
1.574752 0.158639 1.472504 1.616608 -0.159122 -0.202777 0.014643 0.152586 0.240195 0
-0.526853 -0.085753 1.406205 1.148846 1.257831 0.263627 0.520459 0.347799 0.272069 0
-0.909208 -0.128772 1.838870 1.989277 0.248281 -0.286854 0.280487 0.315450 0.365562 0
-0.092327 0.005346 0.786734 0.253926 1.610857 -0.234984 0.855848 0.482607 0.199131 0
0.527708 0.027239 0.635088 0.529528 0.427031 -0.256159 0.154171 0.217210 0.204651 0
-0.592303 -0.111638 1.054108 1.105708 0.250384 -0.172530 0.063429 0.183645 0.164662 0
-0.122446 0.002534 1.080093 0.584369 1.191329 -0.183033 0.255011 0.220823 0.245793 0
0.064965 0.001017 0.302416 0.139519 1.135261 -0.269014 0.370582 0.192946 0.138423 1
1.007904 0.088101 0.912439 0.861753 0.056568 -0.189165 -0.099573 0.048269 0.100217 0
-0.943645 -0.118155 0.978578 0.526148 0.298748 -0.288674 0.107262 0.171688 0.155436 1
-0.905933 -0.120993 1.277758 1.037472 1.172616 0.691008 0.413121 0.249159 0.179784 0
-1.588073 -0.178907 1.183297 1.577337 0.579095 -0.143929 0.062687 0.100086 0.156595 1
1.081100 0.158763 0.397340 0.081420 0.663645 -0.270498 0.306993 0.274288 0.155626 0
-0.556410 -0.114298 0.487986 0.525818 0.153612 -0.288616 -0.124566 0.011944 0.049986 0
0.888496 0.124606 0.794829 0.535645 0.953602 -0.181581 0.344866 0.258744 0.242144 0
-0.193804 0.075183 1.924123 1.312517 2.064560 -0.288009 0.849332 0.662391 0.606176 0
0.531637 0.061923 0.452290 0.222884 0.356686 1.666611 -0.042231 0.088046 0.160783 0
-0.359387 -0.082663 0.835484 0.563853 0.556740 -0.226535 0.270883 0.262551 0.178424 0
-0.831590 -0.122684 0.919428 0.749892 0.197877 -0.191603 0.267348 0.249843 0.188473 0
-0.632978 -0.106570 0.584577 0.457478 0.255913 -0.288602 -0.000760 0.040950 0.079357 0
-0.212203 -0.052836 0.034954 -0.163735 1.128934 -0.076954 0.299497 0.155882 0.049516 0
-0.180308 -0.028045 0.885819 0.544639 0.916729 -0.262171 0.580564 0.468203 0.345892 0
-1.417771 -0.171153 1.730118 2.188007 -0.152795 -0.181648 -0.128940 0.037460 0.148195 1
2.085411 0.310221 0.992118 0.807140 0.568985 -0.083513 0.332673 0.323837 0.248701 0
-0.179534 -0.069793 0.867599 0.742374 -0.606483 0.259725 -0.125377 0.087696 0.157187 0
2.512434 0.277167 0.896763 0.869419 0.327943 -0.013519 0.263041 0.198857 0.146450 0
0.986902 0.092219 0.871252 0.709840 0.765252 -0.274211 0.195867 0.266315 0.239777 0
-1.198564 -0.144925 1.143601 0.749014 -0.475997 -0.106938 -0.115698 0.045383 0.089943 0
0.357232 0.033060 0.172730 -0.002713 2.263547 -0.217626 0.843976 0.337561 0.145512 0
-0.178584 -0.029692 0.938845 0.787265 1.166028 -0.278583 0.349468 0.266427 0.240139 0
-0.050610 -0.030173 0.419855 0.262825 1.153284 -0.247549 0.304175 0.223665 0.187910 0
-0.722985 -0.120077 0.494385 0.328272 1.097036 -0.171298 0.524627 0.278829 0.129320 0
0.955748 0.167942 1.063646 0.596236 0.480225 -0.266837 0.391466 0.305814 0.175299 0
-0.113634 -0.029946 0.462234 0.272125 0.454622 0.278382 0.216113 0.165350 0.143661 0
0.357115 -0.052245 -0.608744 -0.429563 -1.964734 -0.247468 -0.555227 -0.384676 -0.230722 0
-1.032152 -0.129291 1.860270 1.503088 0.066887 -0.212182 0.204552 0.270315 0.305384 0
-1.007046 -0.136970 0.219586 0.022551 0.152829 0.061285 0.038027 0.091904 0.024854 0
0.131861 -0.019871 0.279072 0.002547 0.556615 -0.287232 0.224058 0.158720 0.055889 0
1.216033 0.127814 0.707218 0.648757 0.315616 0.027083 0.325342 0.190231 0.121100 0
-0.141344 -0.019472 0.688155 0.325865 0.136328 0.364250 -0.014371 0.050068 0.033868 0
1.205263 0.093996 0.648830 0.588910 0.872397 -0.128156 0.283357 0.204371 0.134030 0
-0.760231 -0.127950 0.647241 0.675286 -0.959954 -0.103873 -0.390313 -0.056212 0.080776 0
-0.984456 -0.134774 0.486527 0.382449 -0.072614 -0.288202 -0.157856 -0.003802 0.073079 0
-0.931782 -0.084639 1.087548 0.543069 -0.989736 -0.265145 0.464812 0.357117 0.313335 0
-1.077863 -0.152943 0.883118 0.993317 -0.459992 -0.117867 -0.157304 0.035407 0.108355 1
0.761046 0.096374 0.162175 -0.147463 0.925454 -0.179832 0.311949 0.104121 -0.021309 0
-0.270349 -0.070567 0.249743 0.044207 0.200187 -0.288320 0.006002 0.063489 0.033110 0
-0.026399 0.051128 1.821204 1.152353 1.821029 -0.288024 0.565455 0.375687 0.428708 0
1.620004 0.234665 0.757071 0.447602 1.122540 -0.288397 0.484095 0.333809 0.207910 0
-0.811503 -0.125448 0.776978 0.770892 -0.448880 0.026307 -0.155245 0.032904 0.093930 1
-0.354249 0.031406 0.826149 0.295335 1.400507 -0.190108 0.829379 0.537007 0.436920 0
-0.320359 -0.079180 0.531603 0.276190 -0.863725 -0.104104 -0.320953 -0.026619 0.041087 0
-1.185573 -0.147264 0.735287 0.553525 -0.675507 -0.245999 -0.167932 0.004840 0.102332 0
1.972101 0.236664 0.203375 0.139110 0.632326 0.106880 0.250301 0.092915 0.014788 0
1.083896 0.103584 0.293540 0.178949 -0.304282 0.053188 0.049337 0.117111 0.113935 0
-0.463334 -0.059666 0.387948 -0.049994 2.201047 0.268942 0.640733 0.298072 0.076214 0
0.776195 0.149194 0.501861 0.111035 2.394932 0.606840 1.036203 0.448531 0.103310 0
-0.043904 -0.051019 0.443497 0.299910 -0.511035 0.043562 -0.078834 0.096862 0.137509 0
-0.994315 -0.134578 0.978555 0.920269 0.160786 -0.235774 0.031735 0.129280 0.188465 0
-0.966054 -0.136138 0.967522 0.934889 0.510044 0.010881 0.187038 0.108851 0.094411 1
-1.028085 -0.136983 0.441083 0.376042 1.322422 -0.186023 0.340124 0.181151 0.100401 0
0.902607 0.042424 0.548398 0.543881 0.230177 -0.284646 -0.045028 -0.000812 0.002878 0
0.488985 0.047407 -0.145823 -0.286502 1.316058 -0.104313 0.635720 0.286630 0.047886 0
1.278941 0.159041 0.666844 0.506126 -0.921350 -0.248917 0.069380 0.163997 0.167496 0
-0.935525 -0.141092 0.267234 0.213689 0.236409 -0.283095 0.048537 0.073482 0.034021 0
-0.853582 -0.118055 0.322995 0.137038 -0.404785 0.744663 -0.043448 -0.000939 0.078813 0
-1.103380 -0.151227 0.826556 0.861952 -0.092112 -0.244193 -0.061892 0.022730 0.057303 0
-0.746923 -0.114923 0.077092 -0.121753 0.764358 0.093742 0.326766 0.206379 0.071210 0
-0.589860 -0.100678 0.458329 0.236441 0.842951 -0.279450 0.123902 0.038211 0.011715 0
-1.091917 -0.141903 0.834417 0.538515 0.864126 0.945211 0.205525 0.067556 0.033024 0
-1.345107 -0.161519 0.301190 0.101160 -0.223248 -0.092995 -0.000067 0.037781 0.005893 0
0.471918 -0.034586 0.090251 0.128953 -0.136390 0.096563 -0.119018 0.010160 0.022435 0
0.469379 -0.007592 -0.012855 -0.134657 1.311953 -0.267176 0.369624 0.184626 0.016388 0
1.014966 0.054666 0.505146 0.484232 0.778201 -0.176258 0.216935 0.142849 0.097024 0
0.361858 0.040312 1.486365 1.146798 0.600913 -0.195540 0.286644 0.252091 0.230133 0
1.284770 0.054152 0.535992 0.747689 -0.696231 -0.277794 -0.328368 -0.073800 0.057509 0
-1.023663 -0.138007 0.484903 0.438881 -0.308107 -0.286806 -0.061320 0.116760 0.169674 0
-1.340222 -0.159781 1.127829 1.014051 -0.432962 -0.205154 -0.270649 -0.098975 -0.019929 0
0.088660 -0.010942 0.514568 0.261900 1.390389 -0.111654 0.417557 0.178065 0.135738 0
-0.512684 -0.108707 0.316956 0.242178 0.669583 -0.284578 0.071104 0.006977 -0.038573 0
1.751141 0.161929 0.007177 -0.012137 -0.268768 -0.265628 -0.127689 0.004516 0.024146 0
-1.116157 -0.130080 1.551279 1.191829 0.569375 -0.198950 0.439160 0.349021 0.340933 0
-0.442555 -0.084059 1.090731 0.854432 -0.685306 -0.287609 -0.375754 -0.113182 0.006756 0
-0.088250 -0.089936 0.076042 0.281542 -0.380937 1.019190 -0.367793 -0.137275 -0.031856 0
-1.415744 -0.175684 0.680234 0.975480 -0.254283 -0.068408 -0.281336 -0.053644 0.026223 0
0.425454 0.019111 -0.094210 -0.298084 0.971834 0.017403 0.359330 0.126668 -0.060107 0
0.615350 0.085822 0.263279 0.072651 0.826260 -0.253808 0.269860 0.163372 0.137525 0
-1.173092 -0.143547 0.241291 0.007449 1.266435 -0.286368 0.629161 0.194827 0.027905 0
1.177320 0.085872 0.122406 0.082292 0.244083 0.549943 0.075856 0.045051 0.009205 0
-0.586595 -0.093642 -0.046420 -0.278041 1.150411 -0.099811 0.286476 0.060264 -0.104134 0
-0.750116 -0.104725 0.411681 0.120650 0.752481 -0.275470 0.199606 0.071344 -0.027819 0
0.629189 -0.000110 0.137295 0.128083 -0.089154 -0.288035 -0.076011 0.015612 0.017681 0
0.896904 0.005069 0.031562 0.185040 -0.065086 0.544388 -0.188575 -0.079509 -0.016719 0
-0.718396 -0.122513 0.224435 0.231325 -0.422438 0.127748 -0.306347 -0.082745 -0.000911 0
-0.560500 -0.106767 0.235389 0.039005 -0.763418 -0.280592 -0.281097 -0.088395 -0.045773 0
1.627629 0.126671 0.051719 0.026630 0.963534 0.233689 0.123492 0.046452 -0.037024 0
-0.691196 -0.073887 0.610574 0.217047 -0.912868 0.176499 0.361207 0.097975 0.159356 0
0.993194 0.024153 0.196533 0.328886 0.031174 -0.188912 -0.042446 -0.007131 0.033436 0
-0.577310 -0.088485 1.537056 1.280850 0.972893 -0.123040 0.610479 0.397868 0.307224 0
0.862549 0.006473 0.007845 -0.066193 1.445512 -0.242282 0.335420 0.090213 -0.087270 0
-0.606044 -0.111934 -0.008565 -0.045613 1.165077 1.415533 0.187543 0.032733 -0.019485 0
-1.481017 -0.177643 0.414499 0.630028 0.189821 -0.281553 -0.052814 -0.033505 -0.037785 0
-0.650994 -0.090304 0.084361 -0.236690 1.273515 -0.283403 0.697445 0.183289 -0.023738 0
0.418917 -0.012667 0.212350 0.102227 1.197952 -0.288582 0.083426 0.023642 -0.024319 0
-0.678852 -0.111637 0.488603 0.321447 0.220862 -0.181941 0.135716 0.131590 0.081600 0
1.383258 0.125232 0.469887 0.352064 -0.512484 -0.278313 -0.297808 -0.111942 -0.013333 0
-0.670356 -0.124601 0.063426 0.026087 0.672574 -0.170864 0.001598 0.017469 0.003251 0
-0.271197 -0.078267 -0.023365 -0.108541 0.101134 -0.064160 -0.078022 -0.024115 -0.039508 0
-0.611006 -0.080939 0.325667 -0.044088 1.395474 -0.279831 0.532295 0.254990 0.099211 0
0.966772 0.101320 -0.246540 -0.323985 1.157594 0.159385 0.527864 0.139438 -0.020442 0
-1.222393 -0.165619 -0.338753 -0.139775 -0.249532 -0.123348 -0.260659 -0.119561 -0.084553 0
-1.366736 -0.163082 0.240266 0.177927 0.251880 -0.038272 -0.062972 0.000381 -0.015331 0
1.588903 0.169457 0.586813 0.270397 -0.253507 -0.264558 -0.043244 0.022688 0.035319 0
1.504337 0.109984 -0.424969 -0.358910 0.533197 -0.146693 -0.011350 -0.013539 -0.066716 0
1.973631 0.205660 0.386299 0.437452 -0.849121 -0.185297 -0.316630 -0.091060 0.009392 0
1.083512 0.228990 1.315354 0.813373 -0.457681 -0.187057 0.495610 0.419110 0.350797 0
0.326007 -0.029537 0.089638 0.090465 -0.093213 -0.239735 0.028709 0.108671 0.054453 0
0.063904 -0.002897 -0.183138 -0.406616 -2.365832 -0.205830 0.314960 0.003281 -0.093064 0
2.185181 0.237016 0.061096 -0.024269 0.201300 -0.253833 -0.058254 -0.117388 -0.150991 0
-0.006319 -0.039158 -0.251380 -0.344287 1.767910 -0.208216 0.595277 0.174257 -0.013774 0
-1.233223 -0.155052 0.493164 0.298467 -0.750439 0.184996 -0.458754 -0.165678 -0.053937 0
0.232733 -0.016177 0.734820 0.493259 -0.035139 -0.288662 -0.026299 0.059170 0.083250 0
-1.036491 -0.139140 0.442152 0.257516 -0.602144 -0.286994 -0.107980 -0.028549 0.012164 0
0.585660 0.022574 0.290677 0.170923 0.945751 -0.207520 0.415630 0.191812 0.081610 0
0.095448 0.387409 3.804182 3.520884 1.607085 -0.271827 3.078610 2.479125 2.175013 0
0.186745 -0.012184 -0.187498 -0.311856 2.354231 -0.182755 0.776473 0.216020 -0.014570 0
1.116090 0.023271 0.026083 0.178735 0.629508 -0.156289 0.123739 0.053761 -0.021768 0
-0.324811 -0.060547 -0.088061 -0.176286 -0.683128 -0.281253 -0.297831 -0.070826 -0.005819 0
1.996148 0.232295 0.274416 0.172430 -0.697170 -0.152313 -0.285445 -0.157716 -0.059005 0
-1.652389 -0.182541 0.548754 0.664866 -0.628690 -0.277425 -0.296443 -0.098787 -0.013429 0
0.243049 -0.065962 0.466967 0.673846 -0.322350 -0.275467 -0.310301 -0.147424 -0.053331 0
0.052335 -0.019218 0.377412 0.145339 0.157259 0.339279 0.055208 0.074623 0.030388 0
-0.949129 -0.126038 0.183925 0.024145 -0.468339 -0.288254 -0.019391 0.002097 -0.018812 0
-0.819208 -0.103407 0.714160 0.369889 0.996291 -0.057817 0.052510 0.049653 0.054943 0
0.760234 0.130113 0.344044 -0.077788 1.243347 -0.214221 0.126875 0.031414 0.043956 0
0.841315 0.034928 0.123706 0.082065 -0.177745 -0.000776 -0.188497 -0.090138 -0.031745 0
-0.801857 -0.135649 0.426329 0.412267 -0.552528 -0.109071 -0.334967 -0.133853 -0.029061 0
0.202739 -0.008122 0.602764 0.441655 0.223846 -0.066837 0.062217 0.054753 0.064400 0
-1.330961 -0.160997 0.274541 0.225640 0.079543 0.300565 -0.082729 0.000284 0.055598 0
1.080716 0.082949 -0.092557 -0.111122 -0.005621 0.080994 -0.238278 -0.101509 -0.042122 0
0.045479 -0.079507 0.274864 0.384548 -0.853054 0.004782 -0.410549 -0.169151 -0.042583 0
1.753251 0.308093 1.047353 0.651626 0.534065 -0.284284 0.519486 0.232489 0.133802 0
-1.576205 -0.174877 0.888206 0.721406 -0.278043 -0.273569 0.025015 -0.026674 -0.042637 0
0.629324 0.017140 -0.062914 -0.099872 0.404432 -0.009914 0.169782 0.053750 -0.030749 0
0.032603 -0.045567 -0.441627 -0.484780 -0.214909 -0.279580 -0.335162 -0.157295 -0.128742 0
-1.023992 -0.136147 0.047020 -0.103358 2.131026 0.105473 0.240998 -0.001281 -0.067747 0
-0.224090 -0.092780 -0.353403 -0.316244 1.293828 0.452844 0.285684 0.004917 -0.144725 0
2.192136 0.197094 -0.233307 -0.162645 0.968289 -0.284516 0.012754 -0.070634 -0.073470 0
0.114722 -0.038483 -0.291328 -0.342196 1.609609 -0.280613 0.292908 0.071948 -0.086343 0
-0.906861 -0.075569 1.066408 0.510170 0.984869 -0.159881 0.481985 0.405374 0.378988 0
0.449092 -0.021363 -0.082221 -0.083524 -0.640268 -0.285707 -0.277389 -0.099567 -0.048839 0
-1.004793 -0.143970 0.076295 -0.011928 -0.696526 -0.109685 -0.428560 -0.213958 -0.144588 0
0.021859 -0.082183 0.077235 0.250909 -0.177170 -0.229849 -0.156908 -0.065602 -0.020085 0
-1.122009 -0.152056 -0.055702 -0.136066 0.355031 -0.271932 -0.014677 -0.058516 -0.113179 0
-0.828174 -0.082645 0.920005 0.301443 0.225180 4.895400 0.392422 0.204231 0.117837 0
-0.192011 -0.037879 0.114805 -0.053257 0.178302 -0.182210 -0.005480 -0.038726 -0.071222 0
-0.016298 -0.047919 0.217243 0.056886 0.128511 -0.269200 -0.080988 -0.040952 -0.056653 0
0.526059 0.147654 1.652241 1.119799 2.645655 0.093340 0.905453 0.524122 0.432524 0
0.544329 0.109563 0.199840 -0.154960 -1.363510 -0.154258 0.012505 -0.018973 -0.073980 0
0.653093 0.018264 0.603489 0.675155 -0.409507 0.673808 -0.162762 -0.002155 0.107042 0
0.734822 0.072071 -0.047958 -0.145957 -0.845792 -0.119294 -0.287557 -0.139368 -0.060585 0
-0.559921 -0.083649 0.342576 -0.011613 1.874958 0.083577 0.601738 0.213826 -0.043833 0
-0.060575 -0.087846 -0.375465 -0.274219 0.316558 -0.287463 -0.118042 -0.052233 -0.063318 0
0.628999 0.023227 0.637359 0.516100 -0.282963 -0.082632 -0.178804 -0.108219 -0.087233 0
0.915430 0.080876 0.333811 0.068042 0.742797 -0.028314 0.337156 0.125006 0.028829 0
-0.818777 -0.110645 1.561764 1.272773 -0.230272 -0.134058 0.100050 0.205644 0.129419 0
-0.585342 -0.083247 0.275861 -0.077559 1.870458 -0.229469 0.646799 0.195661 -0.009801 0
0.451171 0.001418 0.084099 -0.134216 -0.754896 -0.277453 -0.236982 -0.167554 -0.129585 0
-1.238983 -0.146199 0.583745 0.223655 0.213671 -0.285869 -0.029870 -0.031022 -0.018297 0
-1.516431 -0.178519 0.031711 0.378904 -0.440673 0.133648 -0.285706 -0.115353 -0.058193 0
0.925947 0.032292 0.054706 0.157455 -0.539617 -0.170056 -0.161174 -0.079429 -0.022009 0
0.364379 -0.052490 -0.112147 0.082761 -0.199588 1.004911 -0.303735 -0.144186 -0.059908 0
-0.834803 -0.114412 0.463321 0.213615 0.935393 -0.288290 0.358299 0.144076 0.014189 0
1.155636 0.047509 -0.221683 -0.089485 0.188391 -0.073176 -0.312681 -0.174231 -0.104386 0
-1.486946 -0.172824 0.012772 -0.007045 0.243957 0.323300 -0.076720 -0.032998 -0.050263 0
-0.292463 -0.068083 -0.061979 -0.208637 0.582103 -0.249110 0.139856 0.014878 -0.013875 0
2.091888 0.231718 -0.282221 -0.229277 0.642791 0.170094 0.044464 -0.103864 -0.100541 0
0.531882 -0.022191 0.147975 0.174998 -0.511974 -0.264069 -0.226121 -0.047800 -0.010854 0
-1.041526 -0.137943 -0.229289 -0.331787 -0.271748 -0.279613 -0.238795 -0.109667 -0.079536 0
0.165233 -0.007014 -0.190625 -0.367326 1.189052 0.394447 0.627961 0.163829 -0.048895 0
-0.547294 -0.111713 -0.372488 -0.351551 0.121719 0.121878 0.070409 0.020303 -0.028540 0
2.426041 0.199971 0.291383 0.461222 -0.032628 -0.252844 -0.244034 -0.123030 -0.034218 0
-1.227337 -0.129476 0.402882 -0.048964 -0.124281 0.951694 0.392203 0.119871 0.058525 0
-0.367361 -0.082741 0.527861 0.341743 0.851740 -0.233595 0.142893 -0.039401 -0.025977 0
1.228868 0.117941 0.395975 0.169531 -0.343942 -0.116536 -0.352907 -0.121264 -0.014132 0
-1.152609 -0.147577 0.323574 0.161602 -0.762529 0.152350 -0.317081 -0.123177 -0.013275 0
-1.075443 -0.096737 2.307231 1.829268 0.421710 0.092145 0.742302 0.689243 0.679437 0
-0.387532 -0.094985 -0.380139 -0.338825 0.089717 -0.080150 -0.034849 -0.043371 -0.061345 0
-0.000420 -0.036769 0.307081 0.011885 -1.170681 -0.156572 -0.039429 -0.048083 -0.052547 0
-0.764758 -0.108747 -0.049673 -0.235304 0.050983 0.264633 0.241491 0.172530 0.051726 0
-0.382758 -0.066075 0.585446 0.230446 -1.864371 0.081581 0.081099 0.051073 -0.022352 0
-0.366309 0.015138 1.097063 0.505752 -2.787414 -0.284493 2.418625 1.353399 0.703059 0
1.428301 0.165351 -0.100126 -0.247340 -0.246150 -0.260534 0.023431 -0.053903 -0.059369 0
-1.200934 -0.158308 -0.189025 -0.222357 0.823208 -0.280943 -0.165388 -0.154506 -0.135049 1
-0.444216 -0.110390 -0.014408 -0.048237 0.034143 0.262937 -0.162057 -0.111270 -0.081641 0
-0.903525 -0.142066 -0.438031 -0.400567 0.104187 -0.137773 -0.069905 -0.071417 -0.135346 0
-0.208887 -0.088335 -0.003992 0.017753 0.418112 0.183131 -0.041547 -0.020369 -0.022786 0
-0.282788 0.027595 0.752534 0.284574 1.551609 -0.280117 0.771705 0.465720 0.384923 0
1.998218 0.382984 0.795867 0.441776 1.574193 -0.022254 0.521546 0.233686 0.143208 0
0.729968 0.101751 0.299829 -0.026076 -1.347907 -0.280599 0.085272 0.106790 0.061342 0
-0.838681 -0.092482 2.244410 1.745107 -0.753199 -0.020556 0.150348 0.194807 0.253376 0
-1.033553 -0.151635 -0.443752 -0.364867 0.740504 1.356289 -0.030357 -0.096850 -0.157530 0
0.883557 0.008191 -0.376492 -0.218979 -0.897477 -0.275396 -0.448438 -0.211185 -0.118895 0
2.678074 0.216415 -0.144200 0.130705 -0.333258 -0.279766 -0.329120 -0.162899 -0.078885 0
1.252772 0.304642 0.416681 -0.048206 -0.416326 0.141307 0.408308 0.180700 0.078316 0
-0.373185 -0.077407 -0.094679 -0.134546 -0.536969 0.143046 0.049566 0.032505 0.035170 0
-0.421882 -0.098930 -0.352710 -0.377518 0.231910 -0.214304 -0.101348 -0.076566 -0.109513 0
-1.192648 -0.159263 0.210817 0.199084 -0.728044 -0.157565 -0.299582 -0.107349 -0.019629 0
-0.153367 -0.106576 0.116664 0.368929 -0.470666 -0.270724 -0.391222 -0.187094 -0.078348 0
0.356208 -0.015292 -0.076165 -0.102604 0.413220 -0.283621 0.011041 0.061709 0.018690 0
0.764623 0.015049 0.227147 0.270982 -0.829671 -0.262029 -0.228263 -0.066139 -0.005563 0
2.341382 0.293288 -0.102445 -0.124765 0.376104 -0.150813 -0.033502 -0.033823 -0.041622 0
1.892196 0.139359 -0.480977 -0.348451 -0.201203 0.174308 -0.112727 -0.123117 -0.154777 0
1.799975 0.161066 -0.203107 -0.212917 -0.084889 -0.144459 -0.325439 -0.177280 -0.125034 0
-0.074473 -0.099803 -0.547188 -0.296454 -0.741374 0.254894 -0.464783 -0.229076 -0.153146 0
-1.054670 -0.150865 -0.186027 -0.153073 1.391506 -0.117726 0.209519 0.022419 -0.087001 0
0.345391 -0.006268 -0.258695 -0.359414 0.280465 -0.278629 -0.108106 -0.057680 -0.080693 0
0.508551 0.050425 0.017889 -0.224604 0.592361 -0.243639 0.003854 -0.055486 -0.121025 0
0.085816 -0.070936 -0.092750 0.020808 0.023582 -0.171982 -0.015977 -0.010821 -0.027643 0
0.573780 -0.010763 0.145185 0.088228 -0.325585 0.296521 -0.433429 -0.192765 -0.123277 0
1.110204 0.075199 0.143929 0.087038 -0.505722 0.251256 -0.106091 -0.078409 -0.013874 0
0.166996 -0.022433 0.397158 0.116239 -0.135337 -0.165683 -0.121826 -0.082491 -0.103730 0
-0.264156 -0.000536 1.227067 0.690731 0.224975 -0.280409 0.409198 0.331295 0.331658 0
0.993118 0.083718 -0.345554 -0.433437 -0.977285 -0.208799 -0.066298 -0.173402 -0.097405 0
1.772157 0.118119 -0.330433 -0.138888 -1.027101 -0.189764 -0.498748 -0.226594 -0.092953 0
-0.434984 -0.086095 0.683753 0.495338 -0.558986 -0.245975 -0.144806 -0.044309 -0.002120 0
1.352495 0.119249 -0.197526 -0.215230 0.320977 -0.288644 -0.040331 -0.018649 -0.043341 0
1.783988 0.162388 0.012729 -0.015645 -0.723083 -0.214276 -0.353610 -0.161953 -0.059710 0
-1.592935 -0.183589 -0.186751 0.164725 -0.663802 1.271334 -0.486484 -0.221801 -0.100108 0
-0.563073 -0.089499 0.551341 0.172064 -0.600104 -0.261479 -0.173334 -0.007286 0.037096 0
-0.142430 -0.079277 -0.170618 -0.210385 1.132605 -0.277837 0.234881 0.052346 -0.045651 0
0.559000 -0.036872 -0.223009 0.021212 -0.191144 -0.207984 -0.271664 -0.140948 -0.092349 0
-0.924780 -0.139677 -0.281746 -0.332969 0.070221 -0.038032 -0.147562 -0.098387 -0.105480 0
-0.817621 -0.141235 -0.241308 -0.177350 -0.123524 0.125200 -0.145893 -0.124489 -0.139479 0
1.387238 0.052912 -0.695749 -0.445954 0.198549 -0.258328 -0.272882 -0.210313 -0.167753 0
-0.896809 -0.125843 -0.356067 -0.452210 1.306562 -0.229210 0.188009 -0.027957 -0.161624 0
-1.484505 -0.176508 0.173574 0.311059 -0.546399 -0.235599 -0.314086 -0.154300 -0.071145 0
-0.142787 -0.061002 -0.114691 -0.275307 0.213907 -0.152658 -0.155998 -0.114201 -0.105707 0
0.394475 -0.017381 -0.648973 -0.615489 0.865592 -0.145341 0.057241 -0.088970 -0.210973 0
-1.108778 -0.154399 -0.175791 -0.192177 0.210481 -0.278082 -0.122071 -0.112984 -0.094186 0
1.187686 0.050886 -0.470549 -0.356470 -0.611044 -0.288015 -0.386385 -0.231514 -0.182586 0
-0.596084 0.034946 3.517780 3.431322 0.059589 -0.248682 1.949961 1.805118 1.662380 0
-1.026457 -0.130579 0.121806 -0.136231 -0.430844 -0.286959 0.026921 -0.070592 -0.090756 0
-0.633539 -0.108534 -0.272332 -0.310431 -0.223576 -0.047133 -0.122701 -0.171631 -0.143910 0
-1.145297 -0.162385 0.107378 0.195241 -1.217316 -0.096079 -0.662580 -0.293492 -0.134922 0
1.315538 0.119277 -0.069474 -0.135510 -0.796300 1.053933 -0.267003 -0.120905 -0.029359 0
1.413283 0.041091 -0.329352 -0.168357 -0.195449 0.484036 -0.211597 -0.174546 -0.168644 0
0.282171 0.018563 0.253570 -0.043421 0.334355 -0.155755 0.023110 0.035765 0.002489 0
0.010397 -0.081163 -0.267919 -0.083108 -0.478608 -0.018176 -0.377203 -0.175508 -0.092604 0
-0.020509 -0.035465 0.562348 0.224346 -0.318146 -0.288644 0.341908 0.256051 0.119509 0
-0.391732 -0.083115 -0.273689 -0.354841 1.662604 -0.094759 0.454090 0.075361 -0.035377 0
-0.077053 -0.076113 -0.133013 -0.160433 -0.480770 -0.074708 -0.194047 -0.104677 -0.077573 0
1.402117 0.106610 -0.096919 -0.159642 -0.532091 -0.270613 -0.110765 -0.093775 -0.073636 0
0.045898 -0.020521 0.519533 0.136786 -0.722113 -0.108101 -0.296772 -0.125879 -0.067261 0
1.853191 0.280643 -0.698371 -0.639138 0.571649 -0.286631 0.081181 -0.023073 -0.113652 0
0.420448 -0.040944 -0.227728 -0.128141 -0.578566 -0.015379 -0.468001 -0.213039 -0.122798 0
1.754858 0.123555 -0.226390 -0.129740 -0.380136 -0.078302 -0.237287 -0.084640 -0.057113 0
0.454489 -0.030370 -0.280051 -0.257868 0.769931 -0.016256 -0.100574 -0.127739 -0.119754 0
1.616273 0.064002 -0.163650 0.032229 -0.393498 -0.270102 -0.440757 -0.243136 -0.148681 0
0.098809 -0.063613 -0.453807 -0.453639 -0.499383 -0.273322 -0.323150 -0.184671 -0.193078 0
1.873289 0.133718 -0.318557 -0.271895 0.618211 -0.258080 -0.134107 -0.124987 -0.178338 0
-0.813457 -0.113777 -0.060121 -0.280136 0.460328 -0.257622 0.071387 -0.068716 -0.152990 0
-0.544950 -0.077810 -0.129538 -0.367067 0.828223 -0.283560 0.284799 0.051281 -0.090730 0
-0.831923 -0.142274 -0.295533 -0.250334 -0.233761 -0.155136 -0.081513 -0.059181 -0.121742 0
-1.482911 -0.176598 -0.399772 -0.239603 0.111812 -0.264808 0.010575 -0.094278 -0.120514 0
-0.511051 -0.108729 0.692059 0.566436 -0.752943 -0.225049 -0.391161 -0.149174 -0.062263 0
0.509315 -0.008960 -0.604985 -0.508324 -0.564831 -0.276973 -0.404734 -0.170657 -0.142774 0
0.881907 0.053871 -0.350243 -0.398631 1.269718 -0.121420 0.041057 -0.051710 -0.135024 0
-1.105787 -0.121370 0.637544 0.092941 0.451109 -0.241334 0.152770 -0.028780 -0.036654 0
-0.385201 -0.102938 -0.509598 -0.443241 -0.205924 -0.019316 -0.255148 -0.117044 -0.137207 0
-0.682781 -0.123740 -0.236567 -0.208282 0.067874 0.411710 -0.222777 -0.117569 -0.080077 0
-0.851216 -0.134767 -0.246329 -0.257883 0.435295 -0.287811 0.016522 -0.086350 -0.145359 0
-0.339264 -0.093606 -0.440984 -0.468347 0.983648 0.312914 0.157091 -0.055139 -0.187568 0
0.310805 -0.007271 -0.256447 -0.331845 -0.789237 -0.284764 -0.136080 -0.105314 -0.097774 0
1.090932 0.071099 -0.285623 -0.346806 0.379808 0.063364 -0.088745 -0.155099 -0.141474 0
1.611615 0.071173 -0.290672 -0.250193 -0.193723 -0.176343 -0.401029 -0.235118 -0.206246 0
-0.457012 -0.110476 -0.644682 -0.508725 0.369148 -0.189772 0.007077 -0.143508 -0.174056 0
0.111904 -0.066124 -0.236501 -0.118421 -0.882638 -0.185450 -0.427194 -0.206486 -0.117170 0
-1.094825 -0.149197 0.292367 0.153738 1.174839 -0.284714 0.263180 0.015082 -0.100409 1
-0.901128 -0.085509 0.884329 0.279789 -1.473494 -0.172663 0.706199 0.419287 0.315597 0
-0.880016 -0.138791 -0.035024 -0.052171 -0.302256 0.142716 -0.280820 -0.184310 -0.093826 0
-0.360731 -0.092769 -0.323103 -0.406565 0.310081 -0.280199 -0.223350 -0.173636 -0.200569 0
-1.274383 -0.167458 -0.316700 -0.133138 0.036652 0.589582 -0.132492 -0.133503 -0.133527 0
1.197738 0.035395 -0.762207 -0.567235 0.713806 -0.282252 -0.064240 -0.080307 -0.150903 0
-1.217662 -0.157910 0.449834 0.360833 -0.837598 -0.248851 -0.564535 -0.220578 -0.073687 0
-0.056616 -0.053001 -0.058127 -0.204629 0.912771 -0.267467 -0.074057 -0.110426 -0.123903 0
-0.195745 -0.018428 -0.282907 -0.514154 1.205901 -0.243825 0.226539 -0.036174 -0.132299 0
-0.502214 -0.095494 0.104822 -0.145644 -0.505130 0.216328 -0.203248 -0.178683 -0.147798 0
-1.262996 -0.164170 -0.376725 -0.376215 -0.616385 0.288264 -0.414395 -0.200760 -0.153709 0
0.449907 -0.058553 -0.376940 -0.167443 0.478052 -0.107745 -0.252983 -0.209113 -0.159818 0
0.614911 0.039640 0.138448 -0.065369 -0.735009 -0.068184 0.181599 0.045533 -0.032941 0
-1.313483 -0.173670 -0.570606 -0.247706 -1.209010 -0.267733 -0.574316 -0.299381 -0.181242 0
-1.284302 -0.172005 -0.187170 0.093166 -0.680825 0.036525 -0.393996 -0.198281 -0.113723 0
0.548506 -0.028524 -0.428416 -0.340764 1.069562 0.644191 0.084784 -0.052085 -0.124268 0
-0.865017 -0.142467 0.112840 0.198848 -0.761840 0.550071 -0.254618 -0.118994 -0.038450 0
0.394550 -0.048413 -0.070604 -0.058815 -0.506516 -0.287866 -0.322905 -0.257881 -0.161438 0
-1.069221 -0.116122 0.240773 -0.215103 1.408857 -0.186012 0.327932 0.122891 -0.010625 0
2.371866 0.263529 -0.328568 -0.344384 -0.413322 0.794232 -0.204483 -0.156379 -0.135435 0
-0.480057 -0.122778 -0.424151 -0.304064 -0.513738 -0.281209 -0.469231 -0.252550 -0.171768 0
-0.554993 -0.110870 -0.442919 -0.359875 -0.191324 0.002471 -0.072315 -0.100085 -0.105517 0
-0.222018 -0.075342 0.317338 0.153686 0.442132 -0.275374 -0.038800 -0.119241 -0.079262 0
1.152752 0.045164 -0.205141 -0.199182 -0.110435 -0.286274 -0.127409 -0.152024 -0.147263 0
0.147054 -0.060888 -0.416234 -0.302806 -0.717716 -0.023345 -0.266424 -0.177840 -0.116559 0
0.040352 -0.016881 0.102377 -0.132540 0.763532 0.057124 -0.049088 -0.108556 -0.010009 0
1.246002 0.079379 -0.750614 -0.567831 0.108363 -0.283981 -0.296426 -0.186449 -0.180612 0
-0.971662 -0.137373 0.118034 -0.146429 0.148353 0.248718 -0.109968 -0.084973 -0.090662 0
-1.050921 -0.145965 0.015572 -0.081903 0.335980 -0.277842 0.099738 -0.116897 -0.103622 0
-0.709066 -0.047399 1.000202 0.420007 1.168923 0.200277 0.797900 0.330275 0.229262 0
-0.543773 -0.112575 -0.393921 -0.222317 0.712070 0.500350 -0.036072 -0.047085 -0.065153 0
-0.214287 -0.060315 -0.520288 -0.528385 -0.612851 -0.247769 0.093472 -0.195998 -0.126954 0
-0.730222 -0.128740 -0.001264 -0.108863 -0.500999 0.484110 -0.445581 -0.243415 -0.174901 0
-1.235403 -0.158773 0.043331 -0.039853 0.985108 -0.219130 0.126838 -0.018059 -0.102612 1
-0.568682 -0.114017 -0.343579 -0.355890 -0.104693 0.645522 -0.360993 -0.232892 -0.220670 0
-1.142314 -0.155596 -0.194028 -0.277681 -0.106897 -0.264458 -0.042110 -0.111601 -0.156664 0
1.324851 0.053428 -0.111515 -0.171593 -1.034736 -0.014366 -0.552512 -0.278432 -0.170313 0
-0.602406 -0.094189 -0.052961 -0.280169 -0.763280 -0.283243 0.294675 0.071208 -0.098248 0
-1.059149 -0.162304 -0.365914 -0.110977 -0.506191 -0.046836 -0.484041 -0.244996 -0.150949 0
-0.876305 -0.140688 -0.842670 -0.661143 0.133959 -0.083180 -0.159341 -0.139929 -0.160698 0
0.052281 -0.080526 -0.658402 -0.510024 0.304128 -0.254704 -0.196185 -0.174807 -0.200386 0
0.341185 0.162456 1.064541 0.464361 0.369979 -0.286623 1.060669 0.801465 0.436896 0
-0.815533 -0.137364 -0.509179 -0.356256 0.449211 -0.286606 -0.131460 -0.152669 -0.140717 1
-0.420268 -0.106478 -0.549379 -0.522742 0.747186 -0.126530 -0.102638 -0.163942 -0.183395 0
0.918535 0.055503 -0.323382 -0.399954 1.401110 0.022181 0.275363 0.011019 -0.124973 0
-0.877849 -0.131965 -0.148866 -0.291282 -0.306652 -0.019149 -0.152799 -0.093534 -0.091982 0
-0.932245 -0.156638 -0.630925 -0.406299 -0.432338 -0.278381 -0.386068 -0.244600 -0.196562 0
-0.366840 -0.080108 -0.233147 -0.351665 -0.446328 -0.288481 -0.353885 -0.233996 -0.131288 0
-1.234186 -0.163676 -0.036450 -0.016798 -0.731657 -0.288662 -0.523913 -0.247027 -0.123506 0
1.251287 0.202210 -0.014563 -0.244041 -1.189584 -0.278546 0.281001 0.191525 0.022167 0
-0.456564 -0.077465 -0.287331 -0.456862 0.015304 -0.163472 -0.307621 -0.150585 -0.130825 0
1.519271 0.119886 -0.035514 0.034651 -0.396613 -0.284317 -0.386692 -0.205218 -0.096730 0
0.389463 0.079977 1.388130 1.023325 1.239558 -0.272125 0.532671 0.431977 0.422175 0
0.722114 0.066664 -0.286891 -0.435362 0.625834 -0.287722 0.417673 -0.005671 -0.098057 0
0.415975 -0.049240 -0.418853 -0.281868 -0.065206 -0.273155 -0.238053 -0.148667 -0.138364 0
0.550950 -0.011318 -0.656012 -0.567138 0.264189 1.350069 0.182440 -0.035790 -0.149644 0
0.117056 -0.022470 -0.206826 -0.373001 0.838515 -0.152033 0.519504 0.104937 -0.046932 0
0.658696 0.002282 -0.056681 -0.047270 0.070165 -0.272111 -0.277519 -0.186854 -0.145145 0
0.391096 -0.054300 -0.507712 -0.405542 -0.006095 -0.086788 -0.141437 -0.175368 -0.215215 0
0.629472 0.053015 0.021401 -0.206626 0.384574 -0.268657 0.019552 0.018794 -0.049494 0
-0.452975 -0.055667 -0.034333 -0.321047 1.779113 -0.258522 0.855508 0.175245 -0.030872 0
0.528944 0.077963 0.228037 0.022698 0.714360 -0.077673 -0.004219 -0.087581 -0.073014 0
-1.310029 -0.165170 -0.511282 -0.455437 -0.475610 0.040256 -0.285421 -0.256030 -0.203829 0
-0.609273 -0.123667 -0.542240 -0.454701 -0.379440 0.581242 -0.201801 -0.112252 -0.126150 0
-1.461808 -0.175324 0.464957 0.504766 -0.901120 0.152053 -0.546725 -0.260937 -0.142378 0
0.385832 -0.023578 -0.633420 -0.510154 -2.744012 -0.288680 -0.292051 -0.249339 -0.223772 0
-0.768744 -0.130201 -0.108496 -0.217533 0.599023 0.116690 -0.081251 -0.096024 -0.124621 0
1.972362 0.196170 -0.706112 -0.588870 1.542556 -0.275703 0.340589 -0.008086 -0.148917 0
2.167584 0.170273 -0.334614 -0.243629 0.105596 0.489844 -0.209742 -0.161717 -0.130731 0
0.790637 0.025852 -0.072628 -0.140813 -0.668616 0.212991 -0.284850 -0.175688 -0.149355 0
-0.704941 -0.120211 -0.524134 -0.506165 -0.731626 -0.287077 -0.333072 -0.300721 -0.221694 0
-0.614352 -0.115197 -0.597848 -0.546315 -0.031769 -0.083814 -0.059776 -0.112152 -0.184187 0
-1.501484 -0.180584 -0.463692 -0.127690 -0.809304 -0.102750 -0.526046 -0.289895 -0.186634 0
1.327832 0.124244 -0.135811 -0.221416 0.496904 -0.273948 0.224970 -0.068502 -0.102382 0
-0.716054 -0.120132 -0.233074 -0.289324 -0.226771 0.619364 -0.289113 -0.162146 -0.153091 0
-1.372777 -0.173722 -0.373228 -0.271011 -0.465501 -0.258396 -0.306975 -0.207206 -0.198702 0
-0.878248 -0.136771 -0.172891 -0.273831 1.323244 -0.273369 0.157551 -0.030288 -0.104164 0
0.063836 -0.062836 -0.033703 -0.073270 1.344302 -0.116459 0.215541 -0.042622 -0.118617 0
0.326102 -0.013424 -0.316163 -0.358278 0.224080 0.110690 -0.197467 -0.169591 -0.142581 0
1.850137 0.096320 -0.543367 -0.302274 -0.069885 -0.256371 -0.133736 -0.103172 -0.114619 0
-0.817641 -0.142144 -0.318819 -0.183269 -0.765629 -0.276368 -0.548996 -0.272568 -0.192423 0
-1.357971 -0.165366 0.011316 -0.017171 0.148592 0.913708 -0.216664 -0.123413 -0.081805 0
0.213133 -0.044588 -0.208625 -0.243195 0.016278 -0.242632 -0.218956 -0.114743 -0.076625 0
-0.559863 -0.088825 0.182725 -0.080656 -0.535682 -0.286323 -0.049242 -0.100192 -0.119098 0
2.104569 0.152918 -0.609844 -0.400387 -0.154320 -0.278854 -0.279716 -0.143751 -0.117127 0
-0.212912 -0.042889 0.984787 0.664385 0.196084 0.183979 -0.007611 0.079888 0.204366 0
0.912155 0.033478 -0.119984 -0.194943 0.530114 -0.283256 0.127869 -0.016004 -0.064103 0
-0.086252 -0.044657 -0.541761 -0.574406 -2.382674 0.417391 0.195645 -0.044057 -0.179571 0
-0.609482 -0.104765 0.541032 0.332303 -0.772331 -0.286259 0.156379 0.052555 0.021033 0
1.389263 0.101795 -0.318762 -0.316175 0.511034 -0.226918 0.105597 -0.035538 -0.117135 0
-0.262755 -0.104509 -0.177489 -0.150828 -0.521622 -0.124246 -0.286145 -0.216747 -0.164285 0
0.948434 0.106840 -0.258125 -0.381784 0.362082 -0.148113 -0.076786 -0.156427 -0.149338 0
-0.899527 -0.153824 -0.637157 -0.332232 -0.115944 -0.094197 -0.256291 -0.218475 -0.190468 0
-0.797159 -0.136984 -0.529207 -0.420412 -0.741210 -0.204999 -0.358486 -0.178855 -0.128646 0
-0.865532 -0.145376 -0.424477 -0.319810 -0.057351 -0.139251 -0.177283 -0.124237 -0.132380 0
0.490010 0.138826 1.795781 1.248578 2.427020 -0.281750 0.956762 0.552378 0.453090 0
-1.149951 -0.161685 -0.235611 -0.161073 -0.573452 -0.288588 -0.349187 -0.216598 -0.180455 0
0.500627 -0.046864 -0.623457 -0.492705 -0.330050 -0.214332 -0.327615 -0.207223 -0.197467 0
0.387306 -0.038298 -0.393054 -0.394654 -0.292498 0.770666 -0.269444 -0.193002 -0.189965 0
1.167836 0.017018 -0.437868 -0.172742 0.019705 0.273733 -0.232251 -0.166464 -0.117886 0
-0.368720 -0.089272 -0.466964 -0.509929 -0.987304 -0.102807 -0.112444 -0.160477 -0.187688 0
-1.274301 -0.158184 0.001321 -0.105389 -0.632355 -0.092730 -0.158523 -0.130762 -0.076665 0
1.067635 0.081144 -0.681585 -0.588337 -1.025337 0.541260 -0.157826 -0.243681 -0.154899 0
-0.411194 -0.095570 0.011960 -0.127685 0.891321 -0.096218 0.015462 -0.080241 -0.093443 0
0.689865 -0.004528 -0.365950 -0.333122 -0.095869 -0.251452 -0.399232 -0.259843 -0.186601 0
0.770925 0.191774 -0.068068 -0.377164 1.562098 -0.201509 0.627510 0.126922 -0.021102 0
-1.135289 -0.157178 -0.436725 -0.342797 -0.207797 -0.265928 -0.173998 -0.147710 -0.149800 0
-0.685130 -0.100204 -0.324734 -0.505076 1.077699 -0.191277 0.042627 -0.084078 -0.194159 0
1.223808 0.027363 -0.407503 -0.243282 -0.132853 -0.288284 -0.460331 -0.289646 -0.204583 0
-0.454012 -0.099963 -0.557072 -0.497089 -0.307753 -0.206297 -0.246212 -0.215864 -0.210651 0
0.343086 -0.027113 -0.468810 -0.381059 0.979499 -0.138885 0.101524 -0.103680 -0.147684 0
1.081092 0.064546 -0.647205 -0.542070 0.872258 -0.199367 0.313648 0.028609 -0.083475 0
1.268202 0.128212 0.331225 0.145086 -0.452869 -0.091378 -0.155728 -0.105044 -0.040921 0
1.806709 0.081444 -0.406973 -0.066445 -0.595142 0.094856 -0.364374 -0.217946 -0.144171 0
0.441026 0.007103 0.184468 0.089940 -0.956917 -0.050350 -0.066284 -0.043878 -0.045822 0
1.973568 2.522655 3.067712 2.474930 1.766245 0.525473 3.620702 2.958257 2.909886 0
0.997819 0.041522 -0.471650 -0.382917 -0.200103 0.356272 -0.190553 -0.153515 -0.141146 0
1.341651 0.044129 -0.492971 -0.362405 -0.847943 -0.264230 -0.532838 -0.270427 -0.180504 0
-0.915548 -0.111049 0.714355 0.315813 0.815336 -0.277312 0.240297 -0.030862 -0.074387 0
1.589353 0.152420 -0.110081 -0.166138 -0.943962 -0.264032 -0.302673 -0.236909 -0.131169 0
-0.360083 -0.087589 -0.534983 -0.518933 0.726645 -0.275627 0.094310 -0.022956 -0.097708 0
0.845641 0.046761 -0.251960 -0.281302 -2.142145 -0.226613 -0.325328 -0.301833 -0.187840 0
0.913349 0.037995 -0.535386 -0.511983 -2.173843 -0.195840 -0.001517 -0.027348 -0.132738 0
1.813569 0.103818 -0.657277 -0.437513 -0.006307 -0.233986 -0.367228 -0.259168 -0.202517 0
0.182904 -0.037798 -0.467585 -0.437783 0.200881 0.382479 -0.214032 -0.212336 -0.187813 0
1.086202 0.006697 -0.380378 -0.153193 -0.168134 -0.239932 -0.342380 -0.216990 -0.163396 0
-0.275515 -0.078054 -0.098722 -0.257272 -0.424852 0.341275 -0.207935 -0.164835 -0.153879 0
-1.057035 -0.159326 -0.381622 -0.193316 -0.547335 -0.286553 -0.206892 -0.130532 -0.115638 0
0.182874 -0.035568 -0.339602 -0.425054 -1.412780 -0.279029 -0.536650 -0.330121 -0.199935 0
0.572926 -0.017943 -0.238350 -0.208652 -1.391077 0.188055 -0.220557 -0.184037 -0.165985 0
0.323129 -0.037120 -0.584632 -0.496052 -0.295102 -0.237804 -0.254041 -0.182080 -0.208139 0
-0.782749 -0.132239 -0.448406 -0.449397 1.419369 -0.203853 0.411340 0.028059 -0.153855 0
-1.383380 -0.176938 -0.880029 -0.507652 -0.216971 -0.287408 -0.271064 -0.244454 -0.244960 0
-0.038479 -0.074168 -0.044692 -0.147695 0.762548 -0.249399 -0.051651 -0.141995 -0.149043 0
-0.879830 -0.146376 -0.199415 -0.130792 -1.129106 -0.249190 -0.586907 -0.303032 -0.166133 0
0.957680 0.034406 -0.056353 -0.133066 -0.676697 0.552096 -0.078441 -0.067680 -0.085748 0
0.114287 -0.088677 -0.387394 -0.192904 -1.123966 -0.287854 -0.551756 -0.333385 -0.204573 0
-0.290710 -0.079559 -0.503914 -0.534124 0.193119 -0.079151 -0.158725 -0.152635 -0.195023 0
0.815273 0.140176 1.480650 1.233289 -0.083256 0.495874 0.987234 0.654009 0.481831 0
-1.183618 -0.146734 0.383797 0.167232 -0.195348 0.025798 -0.258084 -0.098304 0.005528 0
0.456322 -0.004333 -0.379886 -0.388477 -0.246680 -0.287227 -0.053797 -0.124280 -0.150068 0
-0.926610 -0.142628 -0.389430 -0.400214 -1.268871 -0.272160 -0.237350 -0.193964 -0.192505 0
0.190525 -0.047886 -0.459501 -0.354039 0.220645 -0.286501 -0.177327 -0.126938 -0.099135 0
0.482112 -0.017163 -0.451642 -0.477588 -0.670972 -0.189982 -0.462143 -0.237736 -0.193352 0
1.186144 0.062437 -0.504158 -0.399137 0.180480 0.145508 -0.130078 -0.228482 -0.217230 0
1.143934 0.016246 -0.616599 -0.410624 -0.433123 0.303473 -0.487680 -0.272665 -0.198599 0
0.558843 0.560109 5.036432 5.705292 -0.530858 -0.063791 2.926799 3.118590 3.127819 0
-1.072189 -0.161390 -0.638480 -0.405579 0.212349 -0.007862 -0.183044 -0.174201 -0.158857 0
-0.025768 -0.050741 0.328632 0.100767 0.046520 -0.191782 -0.049065 -0.064991 -0.081801 0
-0.427410 -0.068530 -0.236453 -0.417885 1.641982 -0.132213 0.946281 0.168235 -0.088223 0
1.549041 0.078210 -0.722253 -0.559733 0.107212 -0.066065 -0.084963 -0.137449 -0.198766 0
-1.215635 -0.155250 -0.181387 -0.285440 -0.824028 -0.224878 -0.429293 -0.224340 -0.149908 0
0.877448 0.009837 -0.398121 -0.345553 -0.644841 0.858712 -0.425164 -0.249431 -0.161079 0
-0.631015 -0.109584 0.238441 0.053897 -0.789591 -0.108175 -0.266873 -0.097487 -0.055262 0
1.353667 0.260718 -0.354376 -0.533237 1.170330 -0.282326 0.537453 0.037566 -0.156359 0
1.465959 0.216043 0.205167 -0.004843 -0.150557 -0.229501 -0.095241 -0.093613 -0.065904 0
-1.251182 -0.163145 -0.467683 -0.428126 0.321175 -0.008125 0.091505 -0.122842 -0.216034 1
0.671464 -0.018616 -0.278700 -0.240358 -0.513839 -0.288616 -0.352089 -0.216388 -0.174846 0
2.341266 2.789301 2.667391 1.959874 1.687967 0.566426 4.590473 3.946239 3.555001 0
0.730151 -0.026895 -0.661827 -0.486108 -0.626482 -0.269357 -0.603864 -0.368857 -0.244637 0
0.084147 -0.020186 -0.290569 -0.467167 1.519366 0.740781 0.062039 -0.111915 -0.202891 0
0.003330 -0.081232 -0.502762 -0.466762 -0.956050 -0.241306 -0.507310 -0.345954 -0.228627 0
0.437161 -0.026648 -0.786545 -0.628995 -1.287798 -0.229523 -0.302448 -0.279084 -0.252365 0
1.518644 0.114844 -0.586685 -0.440761 -1.234628 0.036468 -0.444019 -0.259512 -0.150717 0
-1.023638 -0.136557 -0.134069 -0.307539 0.630698 -0.166556 0.406381 -0.004889 -0.107263 0
1.192552 0.006410 -0.784335 -0.474141 -0.946640 -0.262534 -0.493602 -0.274405 -0.194758 0
1.120382 0.287245 1.972154 1.333105 -0.985764 -0.277137 1.431269 0.970545 0.424159 0
0.591743 -0.003222 -0.215857 -0.299115 -0.585803 -0.107204 -0.343472 -0.217642 -0.138237 0
-0.839841 -0.134755 -0.080385 -0.236582 -1.244833 -0.157332 -0.576011 -0.343768 -0.224995 0
-0.410223 -0.105430 -0.446683 -0.381618 -0.960799 -0.139138 -0.361423 -0.228989 -0.168376 0
-1.268514 -0.171930 -0.513561 -0.199846 -0.819663 -0.242828 -0.408633 -0.250440 -0.176453 0
-0.289925 -0.023572 -0.032110 -0.343564 -1.380604 -0.054032 0.485241 0.042611 -0.034007 0
0.497124 -0.002722 -0.208408 -0.284825 -0.930041 -0.068319 -0.235530 -0.211614 -0.157602 0
-1.562494 -0.183858 -0.781364 -0.413846 -0.707879 -0.288681 -0.575577 -0.329976 -0.232329 1
1.680294 0.058970 -0.560645 -0.215043 -0.832108 -0.286981 -0.523628 -0.341824 -0.216352 0
0.866166 0.082908 -0.080358 -0.220285 -0.963993 0.704828 -0.287642 -0.183617 -0.076775 0
