4.861353 19.019550 6.019825 6.179527 9.642552 0.731644 14.475860 14.647813 13.205886 0
4.393049 16.332962 5.965520 6.115773 9.462473 -0.107432 13.957785 14.063881 12.741015 0
2.351191 4.908976 5.563304 5.343979 7.262344 0.299156 9.186815 9.086274 7.917591 0
0.037077 0.398350 3.749787 3.123870 3.769394 -0.000214 3.752153 3.219587 2.488324 0
1.495041 1.203231 2.746343 2.043310 4.380575 0.001016 2.998439 2.300940 1.813123 0
0.615718 0.199313 1.847957 1.368866 -2.386397 -0.046081 0.612044 0.598650 0.579307 0
-0.930427 -0.068735 3.571211 3.272090 2.207894 0.057046 1.894326 1.510162 1.177809 0
0.804808 0.285532 2.594995 2.031684 2.123146 -0.080387 1.504620 1.316017 1.013586 0
-1.382510 -0.178589 2.965499 2.800838 1.361621 0.532051 0.939200 0.839667 0.667649 0
-0.223769 0.023317 1.972082 1.453279 3.180795 0.106153 1.692400 1.180755 0.822493 0
-0.307931 -0.014451 2.113680 1.520210 2.947079 -0.126753 1.784389 1.217552 0.758195 0
-0.727698 -0.078196 2.725929 2.480012 1.604086 -0.124425 0.926316 0.871076 0.822156 0
-0.420586 -0.075161 2.606995 2.304479 1.561920 -0.084104 0.936199 0.763969 0.612744 0
-0.794440 -0.102007 2.928261 2.731378 1.372110 0.013682 0.962745 0.917548 0.836156 0
-1.022057 -0.147133 3.055094 2.885623 1.469415 -0.113582 0.960659 0.816473 0.627018 0
-0.705521 -0.116831 2.541650 2.428320 1.505749 -0.141110 0.822378 0.653978 0.488877 0
1.097377 0.237842 2.738488 2.527758 0.797597 -0.141305 0.525187 0.603412 0.574206 0
-0.111301 0.051816 2.158681 1.794163 2.089595 0.440655 1.481822 1.087437 0.807161 0
0.153213 0.015351 2.371074 2.007477 0.964504 -0.043906 0.541569 0.671650 0.629861 0
-0.644821 -0.058434 2.388444 1.833174 1.603182 -0.081997 1.304652 1.043976 0.792434 0
0.450264 0.100110 1.001384 0.580794 3.161469 -0.093118 0.994141 0.562766 0.355553 0
0.178853 0.018610 1.848980 1.604292 1.355291 -0.093311 0.637647 0.571617 0.497024 0
-0.592648 -0.086411 1.255693 0.709256 0.647070 -0.134304 0.466621 0.439244 0.299112 0
-0.757235 -0.112805 1.168531 0.650547 1.228666 -0.114899 0.727014 0.422421 0.226670 0
-0.090791 -0.062797 1.326752 0.992549 -1.689565 -0.111915 0.249779 0.278212 0.223297 0
-0.518308 -0.036559 1.754579 1.192219 1.012908 -0.098288 0.753887 0.720619 0.578784 0
0.008285 0.084925 1.140603 0.652902 1.902060 -0.098846 1.586961 1.019507 0.648907 0
-0.011371 -0.015549 1.629307 1.256831 2.278673 -0.116899 0.920878 0.638652 0.416741 0
-1.265817 -0.193821 2.935173 2.830809 0.506528 -0.122254 0.426244 0.479943 0.478786 0
0.330410 0.074038 1.270320 0.879466 2.462557 -0.075348 0.870842 0.618976 0.449160 0
-0.960145 -0.168029 1.288372 1.110083 1.555807 -0.084524 0.549770 0.360911 0.206044 0
-0.639229 -0.104816 1.544981 1.090182 1.886740 0.105871 0.969864 0.589573 0.304473 0
-0.700774 -0.130626 1.301107 1.042898 -0.253114 -0.135360 0.107670 0.248577 0.268410 0
-1.071349 -0.168888 1.887217 1.770650 -0.289267 -0.037737 0.086657 0.292453 0.364280 0
0.393339 0.029322 1.752701 1.416738 0.308254 -0.120583 0.258533 0.314605 0.305632 0
-0.940149 -0.159832 1.080828 0.911933 0.916554 0.080560 0.478057 0.345442 0.239545 0
-0.940861 -0.167955 1.035416 0.673837 0.417460 -0.137667 0.365393 0.309963 0.188154 0
-1.883234 -0.232202 2.355232 2.234663 0.651198 -0.131420 0.290907 0.377755 0.391932 1
-0.284581 0.007511 1.750599 1.073806 1.567461 -0.116504 1.145171 0.872250 0.620710 0
-1.679392 -0.227039 1.441951 1.182836 0.246757 0.014251 0.136780 0.197545 0.160565 0
-0.215887 -0.045816 2.063716 1.496159 0.247442 0.098204 0.179045 0.229896 0.207149 0
-0.996630 -0.183806 1.459394 1.341468 0.588202 -0.141511 0.239092 0.213524 0.151462 0
-1.832289 -0.232932 1.704141 1.580488 0.164827 -0.036209 0.143095 0.215466 0.200220 1
-1.160722 -0.169005 1.809463 1.450868 0.064591 -0.138056 0.186177 0.264398 0.304496 0
-0.706871 -0.142435 1.115641 0.884288 0.999232 -0.141430 0.528728 0.346495 0.215074 0
-1.469026 -0.205843 2.083888 2.025635 0.763749 -0.005159 0.423959 0.421671 0.387828 1
-0.627293 -0.134582 1.366032 0.985535 -2.216263 -0.092889 0.425390 0.359426 0.216465 0
-0.900119 -0.158008 1.247948 1.046111 0.740428 -0.132658 0.369565 0.329983 0.287681 0
0.070139 -0.045687 1.077857 0.821610 1.269631 -0.074512 0.384240 0.280969 0.179986 0
0.193695 -0.001151 1.076298 0.535809 0.266307 -0.140407 0.184575 0.225246 0.140201 0
-1.278237 -0.181505 1.252460 0.879811 2.234798 0.287272 0.809754 0.499839 0.341948 1
-0.437466 -0.116062 1.083390 0.833636 1.112008 -0.013686 0.291735 0.200720 0.173533 0
-1.783288 -0.231605 1.762116 1.721702 0.028206 -0.111928 0.050284 0.162177 0.178282 1
0.003673 -0.070894 1.318801 1.197227 0.374821 -0.065853 0.143024 0.180229 0.175097 0
-0.765532 -0.131710 0.652657 0.393526 -0.783461 0.049416 -0.079443 0.080003 0.162712 0
0.592941 0.049870 1.732544 1.217316 1.308981 -0.141525 0.289038 0.172854 0.162294 0
-1.559583 -0.221932 1.728938 1.722946 0.286538 -0.113985 0.052782 0.127499 0.140000 1
0.379592 0.089722 1.540692 0.981319 0.489156 -0.138351 0.302710 0.377254 0.328236 0
0.475869 0.588093 1.750898 0.963095 2.608050 -0.140580 1.568728 0.757809 0.668987 0
-1.529695 -0.217520 1.773760 1.741318 0.115184 -0.123177 -0.012668 0.115559 0.134895 1
-1.015699 -0.141864 2.165927 1.706144 -0.349682 0.347396 -0.160353 0.065461 0.205004 0
-0.176258 -0.084995 0.537368 0.219270 -2.542220 0.725949 -0.134535 -0.130240 -0.103479 0
-1.092581 -0.193089 1.839298 1.806008 0.226846 -0.132093 0.039141 0.158420 0.192786 0
-0.453567 -0.077185 1.340628 0.829025 -2.630751 -0.138648 0.045443 -0.001483 0.000811 0
-1.710285 -0.228385 1.714777 1.620514 -1.537660 -0.124814 0.389263 0.294608 0.228445 0
-0.487625 -0.034971 1.081127 0.532700 1.984581 -0.062656 0.696693 0.439962 0.295271 1
-1.428726 -0.201709 1.291862 0.982718 0.965224 -0.140988 0.426392 0.382963 0.262463 0
0.299581 -0.033701 0.360222 0.114034 -0.136141 -0.120547 -0.143358 0.011597 0.012840 0
0.694873 0.020768 1.104929 0.945898 0.191818 -0.141395 0.067722 0.151811 0.181409 0
-0.653428 -0.121872 0.908398 0.529903 -0.048107 -0.114202 0.001836 0.105045 0.123369 0
-0.477830 -0.104962 0.816027 0.518533 0.830283 -0.124041 0.587312 0.374491 0.220293 0
0.731409 0.041594 0.968204 0.699348 1.255840 -0.032691 0.470330 0.299817 0.170136 0
-0.549335 -0.035043 0.673978 0.211172 1.116950 0.115957 0.613016 0.271212 0.113580 0
-0.182095 -0.074176 0.983430 0.792530 -0.134367 -0.118436 0.105063 0.211039 0.211933 0
0.474276 0.046194 0.476488 0.115172 0.655706 -0.061099 0.362616 0.263644 0.131876 0
-0.239595 -0.087201 0.301353 0.012427 0.373043 -0.120498 -0.023413 -0.020468 -0.037370 0
0.570028 -0.004939 0.591765 0.474882 0.144299 -0.140769 -0.068147 -0.004299 0.006754 0
-1.554607 -0.200738 1.273870 0.650501 0.825017 -0.133991 0.558820 0.404707 0.174468 0
-1.550131 -0.219617 1.562704 1.431306 0.416559 -0.132580 0.181459 0.117242 0.137301 0
-1.202732 -0.194927 0.566898 0.387705 1.571597 -0.116488 0.411752 0.215154 0.089530 0
-1.500708 -0.217353 1.411920 1.448210 0.035300 -0.050984 0.037063 0.105065 0.136924 1
0.466450 -0.008007 0.298956 0.191681 0.726624 -0.093052 0.039493 0.060314 0.058895 0
0.717565 0.040543 0.135039 0.017346 1.230607 0.082915 0.369236 0.221653 0.101130 0
0.940699 0.077247 0.751714 0.483847 1.400748 -0.075096 0.474879 0.272033 0.111002 0
0.032933 0.048616 0.153378 -0.150622 2.016021 -0.140169 1.161720 0.436150 0.151811 0
-1.429149 -0.210691 1.099247 0.935489 0.536582 0.546945 0.310646 0.205357 0.141883 0
0.460373 0.012623 0.020121 -0.095620 1.617474 -0.106470 0.281737 0.121841 0.009412 0
-0.950356 -0.147770 0.864083 0.397612 1.445158 -0.133209 0.681041 0.315522 0.106955 0
-1.022572 -0.137285 0.498942 0.088638 1.471221 0.111872 0.543824 0.386464 0.196917 0
0.936363 0.018163 0.612221 0.617513 0.228439 -0.055440 0.070584 0.068879 0.063293 0
0.149562 -0.070217 0.386748 0.361012 0.062166 -0.135454 -0.075752 0.000156 0.017405 0
0.022191 -0.050111 0.695118 0.429070 -0.228184 0.163359 0.121832 0.126470 0.091834 0
-0.024448 -0.028459 0.648251 0.309912 0.322698 -0.086797 0.418328 0.295051 0.199841 0
-0.202497 -0.087765 0.810470 0.629560 0.357213 -0.028409 0.162386 0.137287 0.124154 0
-1.048467 -0.188964 0.712198 0.547140 0.749427 -0.046016 0.092806 0.082936 0.078508 0
-1.434748 -0.211067 0.963559 0.616085 0.033608 -0.118408 -0.071162 -0.004593 0.005808 0
-0.206840 -0.088802 0.427089 0.316369 -0.136002 0.055577 -0.152568 0.007682 0.047423 0
-0.956587 -0.170622 0.394812 0.231941 0.879195 -0.021550 0.516546 0.212536 0.042044 0
-1.505738 -0.224115 0.741949 0.827446 0.176468 -0.026220 -0.079021 -0.007023 0.028707 1
-1.137860 -0.201331 0.842492 0.736766 0.813410 -0.099534 0.187072 0.113105 0.048844 0
1.640691 0.256183 0.086761 -0.074437 0.810934 -0.070859 0.090281 0.044798 0.026454 0
0.256731 -0.060950 0.681652 0.560942 0.054968 -0.089863 -0.035131 0.046729 0.073806 0
0.379550 -0.042043 0.751717 0.657152 0.056091 -0.136544 -0.091448 0.063582 0.099082 0
-1.341929 -0.211553 0.534766 0.475723 -0.256589 0.390444 -0.108306 0.007973 0.045051 0
0.399669 -0.042555 0.335619 0.257882 -0.765402 -0.110179 -0.236413 -0.073288 -0.025278 0
0.939890 0.025299 0.867032 0.777095 -0.461525 -0.083013 -0.123271 0.010092 0.082054 0
1.037412 0.083249 0.247336 0.031137 1.009063 0.228493 0.222106 0.102984 -0.034288 0
0.779513 0.058660 1.510535 1.041289 0.701031 -0.137460 0.144225 0.089573 0.102678 0
-0.181112 -0.100267 -0.219322 -0.293963 1.136041 -0.138021 0.431863 0.149094 -0.041789 0
-0.388222 -0.132463 0.691687 0.649042 -0.097688 0.481574 -0.063877 0.022422 0.074268 0
-0.691390 -0.148490 0.376684 0.327260 -0.236990 -0.138404 0.147528 0.094463 0.091807 0
-0.980164 -0.175598 1.125373 0.961874 -0.044677 0.035310 0.172151 0.125906 0.125903 0
1.146372 0.034505 0.482575 0.436432 -0.588874 -0.102669 -0.242103 -0.071962 0.011841 0
-1.407571 -0.214238 0.471516 0.346507 0.339945 -0.124764 0.147210 0.106501 0.041103 0
0.162280 -0.029213 0.198787 -0.000163 -0.142478 -0.097130 -0.002852 0.048398 0.036927 0
0.516192 -0.043534 0.364980 0.375932 0.289692 -0.073957 0.010691 -0.000877 -0.001497 0
-0.615475 -0.153557 0.064526 -0.051617 0.348198 -0.129844 0.021915 0.001970 -0.024047 0
-0.529311 -0.140825 0.577855 0.254204 -0.095829 -0.128802 -0.301661 -0.131772 -0.084014 0
-0.952521 -0.162345 0.822228 0.420461 0.226309 -0.133435 0.180000 0.129625 0.091606 0
0.663754 0.075694 0.242028 -0.048694 1.172164 -0.118401 0.445800 0.154444 0.026121 0
-0.145187 -0.111725 0.817191 0.765521 0.068717 -0.098949 -0.029716 0.004012 0.040148 0
-0.197175 -0.044241 0.211851 -0.055717 1.313645 0.340866 0.613647 0.353126 0.147687 0
0.522057 0.010561 0.087397 -0.027467 0.226532 -0.128768 0.057829 -0.000338 -0.032138 0
-0.212303 0.008633 0.394510 -0.058320 2.041354 -0.141543 0.671938 0.312264 0.103147 0
0.705909 0.001980 0.299792 0.009888 -0.013956 0.157660 -0.205545 -0.121602 -0.110398 0
1.012348 0.082198 0.017956 -0.113516 0.927798 -0.053655 0.286537 0.162519 0.038299 0
0.650651 0.027454 -0.096687 -0.178198 1.347914 -0.141299 0.380052 0.095074 -0.024587 0
0.402225 -0.023866 0.372566 0.313992 0.207488 -0.105885 -0.072616 0.005767 0.015042 0
-0.631862 -0.166870 0.466485 0.416567 0.608504 -0.135044 0.039724 0.014149 -0.043241 0
0.413905 0.024578 0.126135 -0.090787 0.178257 -0.039399 0.042942 0.054557 0.013639 0
-0.684269 -0.123585 0.201039 -0.018607 1.907962 -0.015850 0.532445 0.290933 0.141237 0
-0.458056 -0.122323 0.105818 0.014117 -0.071942 -0.135351 -0.110132 -0.023048 -0.013673 0
-0.473971 -0.042983 0.607912 0.072043 2.425747 -0.070483 1.231294 0.500574 0.094573 0
-0.865585 -0.158285 0.001340 -0.247546 1.316796 -0.115091 0.286792 0.087582 -0.059522 0
-0.502875 -0.128262 0.432278 0.155017 0.825252 0.005421 0.067406 0.007776 -0.033837 0
-1.407636 -0.201210 0.583672 0.193113 0.658606 -0.129963 0.231540 0.154251 0.053222 0
0.603621 -0.012146 -0.189766 -0.205623 1.023218 -0.017920 0.382833 0.105455 -0.047125 0
-0.840345 -0.180305 -0.004274 0.050506 1.165001 0.164733 0.137208 0.011558 -0.043603 0
0.420129 0.012315 -0.014910 -0.211297 0.744619 -0.134851 0.273871 0.068568 -0.051545 0
1.053389 0.114095 0.030146 -0.124076 0.423245 -0.141171 -0.105273 -0.025395 -0.011789 0
1.379236 0.101231 -0.050616 -0.156610 0.135201 -0.119840 -0.165239 -0.054259 -0.053940 0
-0.703075 -0.174418 0.296988 0.254725 -0.294912 0.009281 -0.254063 -0.110370 -0.055144 0
-1.031913 -0.183860 0.355615 0.223406 0.010498 -0.127573 -0.190539 -0.069177 -0.012703 0
-0.962363 -0.165001 0.307463 0.158088 -0.581165 -0.141430 -0.255900 -0.053949 0.001638 1
-0.611857 -0.132560 0.439668 0.103138 0.358386 -0.124377 0.102179 0.040772 0.012993 0
0.141478 -0.045833 0.222291 -0.049371 0.300106 -0.133367 0.045211 0.039553 -0.014510 0
1.559288 0.839367 0.868136 0.221212 0.898797 0.139993 0.785038 0.601140 0.466902 0
-0.274764 -0.106945 0.060108 -0.076295 0.628532 -0.106263 0.056905 0.016175 -0.050710 0
1.591816 0.148814 0.647896 0.411344 -1.881668 0.109113 -0.302565 -0.103050 -0.033455 0
-0.417452 -0.096356 0.302440 -0.006537 0.845471 -0.118768 -0.076320 -0.060173 -0.042959 0
-0.853426 -0.182055 0.349284 0.284364 -0.192285 0.072132 -0.133345 -0.050752 -0.010717 0
-0.337117 -0.106053 0.455637 0.254654 -0.106346 0.123760 -0.055607 0.065542 0.083100 0
0.167456 -0.040970 0.246302 0.015496 0.447001 0.074037 0.123054 0.088005 0.037400 0
-0.945442 -0.142724 0.556189 0.121002 0.424324 -0.141088 0.227492 0.185372 0.063112 0
0.868160 0.082666 -0.032661 -0.206911 0.732288 0.105733 0.191645 0.124803 0.025963 0
-1.246284 -0.184563 0.904742 0.487558 0.251265 0.165506 0.250010 0.126250 0.102261 0
-0.297295 -0.136410 -0.097314 -0.089976 0.066895 -0.063864 -0.200414 -0.100878 -0.087734 0
2.093692 0.278800 0.174986 0.065274 0.660659 0.094892 -0.025940 -0.003582 0.004540 0
-1.067191 -0.181865 0.497864 0.308185 0.385286 -0.137369 0.103527 0.078181 0.079750 0
-0.826482 -0.154991 0.354188 0.161739 0.348317 -0.060739 -0.021956 0.020892 0.029497 0
1.017280 0.111039 0.519396 0.258881 -0.783904 -0.031842 -0.165812 -0.011955 0.068863 0
-0.356792 -0.120851 0.251863 0.111776 0.080708 -0.039908 -0.011332 -0.025145 -0.025539 0
0.755664 0.090381 0.580280 0.166549 1.464897 0.111068 0.602176 0.208671 0.023305 0
-0.373197 -0.162032 0.325318 0.445482 -0.530681 -0.043820 -0.318101 -0.137209 -0.069013 0
-0.476959 -0.168383 0.013122 0.111837 0.662505 -0.026089 0.053692 -0.006898 -0.065995 0
0.166032 -0.070301 0.298987 0.065572 0.132774 -0.093519 0.033058 0.027440 -0.017276 0
-1.095245 -0.195460 -0.037244 -0.162624 1.362673 -0.125634 0.337736 0.103895 -0.039910 0
0.699826 -0.058330 0.380136 0.475998 0.571696 0.106049 -0.022983 -0.022825 -0.022527 0
-0.459693 -0.130504 -0.245483 -0.304885 1.203681 -0.080637 0.173422 0.040960 -0.058899 0
-0.159527 0.090715 1.632312 0.945606 0.531566 -0.019215 0.801547 0.670863 0.596155 1
0.457040 -0.025966 0.191774 0.068383 0.130085 -0.011032 0.043385 -0.043782 -0.053336 0
1.386541 0.094925 0.042192 0.058866 -0.399553 0.030680 -0.219395 -0.080085 -0.034204 0
0.020395 -0.113824 -0.097248 -0.073088 0.563738 0.049633 0.081942 -0.040084 -0.081525 0
1.433123 0.075557 -0.094334 -0.081242 -0.534573 -0.119681 -0.260060 -0.153219 -0.107223 0
0.970148 0.316293 2.331314 1.812495 -0.060897 -0.141511 0.868068 0.932778 0.781402 0
1.551602 0.143936 0.213362 0.051861 -0.380948 -0.084276 -0.283680 -0.131538 -0.080622 0
-0.102014 0.099122 0.586993 0.021575 3.383764 -0.114899 1.189815 0.533218 0.207054 0
-0.319749 -0.078643 -0.155952 -0.290009 1.652044 0.061875 0.705259 0.267121 0.060148 0
-0.689015 -0.133957 0.359034 0.129964 -0.295670 -0.090288 -0.219248 -0.070748 -0.011524 0
0.203228 -0.046838 -0.032531 -0.087651 0.743243 -0.131382 0.111277 0.051577 -0.001121 0
-0.188270 -0.085133 0.214376 -0.092473 2.150571 -0.131645 0.476022 0.071930 -0.044693 0
-0.970064 -0.168338 0.095807 -0.087948 1.044544 -0.122284 0.029235 -0.065040 -0.060640 0
-0.114112 -0.113152 0.224823 0.228782 -0.147835 -0.107295 -0.123908 -0.067683 -0.034544 0
-1.331573 -0.201009 0.240093 0.066613 -0.509415 -0.140225 -0.064769 -0.040274 -0.003667 0
-0.500044 -0.138184 -0.001767 -0.123719 0.762798 0.022633 0.014577 -0.046765 -0.093696 0
0.854012 -0.030522 -0.030464 0.012429 -0.032037 -0.125110 -0.252637 -0.149581 -0.097580 0
0.071470 0.269319 1.982630 1.275869 0.292356 -0.119790 1.380906 1.149725 0.999762 0
-1.108063 -0.196942 -0.332214 -0.333921 1.198495 -0.137248 0.176931 -0.009182 -0.128805 0
1.701368 0.091445 -0.013948 0.098629 -0.011172 -0.134161 -0.098761 -0.108276 -0.077535 0
0.440130 0.023321 0.336289 0.096604 0.263912 -0.119090 0.167699 0.033750 0.011577 0
0.126905 0.038512 0.405367 0.027437 2.481322 0.157708 0.861850 0.214959 0.041745 0
0.837135 0.019669 -0.054374 -0.182388 1.770317 -0.121809 0.435195 0.105163 -0.065915 0
-1.138608 -0.193370 0.141384 0.070198 -0.010448 -0.119144 -0.072500 -0.064545 -0.056275 1
-0.258596 -0.028743 0.401023 -0.027638 1.050716 0.055441 0.183459 0.082584 0.007974 0
0.428304 -0.024629 0.177523 0.068151 0.871230 -0.084688 0.285099 0.058128 -0.007224 0
-0.275610 -0.107574 0.221348 0.037607 -0.064468 0.033969 -0.171311 -0.073099 -0.057452 0
0.043002 -0.064339 -0.010217 -0.088742 -0.325414 0.086550 0.002675 0.024521 -0.025791 0
-0.241668 -0.122696 0.238591 0.176033 -0.000529 -0.113797 -0.161793 -0.051938 -0.000110 0
-1.064269 -0.190766 0.087242 -0.030066 1.139391 -0.109014 0.260950 0.070061 -0.084176 0
0.328607 0.042204 0.266862 -0.115323 0.207402 -0.116827 -0.018413 -0.023344 -0.053483 0
1.883741 0.108146 -0.120330 -0.115821 0.698322 -0.139602 0.070240 0.019290 -0.075570 0
0.396533 -0.069982 0.202039 0.240239 0.215950 -0.118783 -0.161621 -0.099834 -0.061375 0
-0.601449 -0.129344 -0.233286 -0.355359 0.572105 -0.062302 0.086486 -0.006022 -0.101592 0
-0.239460 -0.073638 0.119064 -0.062682 0.720827 -0.114758 0.005571 -0.016731 -0.019677 0
0.092848 -0.015463 0.736476 0.306109 0.464004 -0.041707 0.018915 0.049453 0.055528 0
-0.637781 -0.131586 0.003818 -0.207096 -0.152227 -0.092500 0.163280 0.027462 -0.075464 0
0.028398 0.089152 1.175706 0.717194 0.209423 -0.067272 0.063715 0.203161 0.285902 0
-0.449016 -0.132404 0.553270 0.447221 -1.010289 -0.139367 -0.286840 -0.079403 0.006310 0
0.149854 -0.046261 0.750939 0.353077 -0.369758 -0.043664 -0.219132 -0.078028 -0.026316 0
0.733713 0.050822 -0.422691 -0.428554 0.557021 -0.001287 0.154718 0.003605 -0.106715 0
-0.124527 -0.113054 -0.410947 -0.357798 0.139050 -0.133847 -0.197781 -0.151282 -0.168510 0
0.657298 0.065902 0.051938 -0.111444 1.531715 0.003134 0.243295 0.111231 0.035961 0
-0.876558 -0.183340 -0.145429 -0.041237 0.402264 0.126102 -0.029883 -0.070581 -0.073711 1
0.422312 -0.003794 0.314017 0.019143 1.292433 -0.124297 0.299534 0.095893 -0.020849 0
-0.622862 -0.139939 -0.005111 -0.172541 -2.229668 -0.024153 -0.008774 -0.137213 -0.153467 0
0.049007 -0.068415 -0.071597 -0.206199 -0.057515 -0.116660 -0.111067 -0.036919 -0.052314 0
1.521626 0.064365 0.408373 0.505250 -0.048834 -0.091236 -0.197934 -0.081655 -0.034775 0
-0.964256 -0.172140 0.378436 0.086697 0.239403 -0.113854 -0.023794 0.009511 -0.032564 0
-1.680356 -0.234331 0.330205 0.334699 -0.588187 0.003559 -0.269391 -0.127966 -0.081453 0
0.143415 -0.110333 0.043926 0.164813 -0.747438 -0.028111 -0.455120 -0.219692 -0.091726 0
1.153163 0.055017 0.493988 0.281611 -0.454359 -0.117325 -0.137434 -0.029614 0.009073 0
0.691204 -0.017291 0.104058 0.043456 0.533053 0.030709 -0.081244 -0.058021 -0.056869 0
0.143472 -0.045146 -0.014514 -0.126817 0.868280 -0.090794 0.190229 -0.013149 -0.061730 0
-1.547369 -0.224172 0.196157 0.141345 0.218663 -0.125191 0.014213 -0.000358 -0.039651 0
-1.252393 -0.195499 0.425961 0.154686 0.416392 -0.141491 -0.076968 -0.033889 -0.016985 0
0.200362 -0.029447 0.383127 0.020194 1.450643 -0.141233 0.532620 0.222668 0.018354 0
-0.473141 -0.156810 -0.310375 -0.232230 0.724040 -0.064941 -0.012940 -0.105327 -0.140972 0
-1.202894 -0.198402 0.166759 0.103915 -0.348563 -0.084764 -0.145047 -0.095630 -0.056580 0
-1.233403 -0.217176 -0.061909 0.113531 -0.592135 -0.100423 -0.384280 -0.196341 -0.103444 1
-0.753499 -0.150870 0.236513 -0.020412 1.546613 -0.106268 0.212473 -0.017260 -0.053983 0
0.508405 0.017112 -0.251698 -0.304132 1.172985 -0.112879 0.135599 -0.030067 -0.082086 0
0.940659 0.056547 -0.356814 -0.284833 1.914657 -0.039307 0.530944 0.103923 -0.050304 0
-1.527576 -0.223003 -0.021945 -0.052973 1.390763 -0.031507 0.111921 -0.022428 -0.067583 1
-1.478326 -0.219363 -0.110296 -0.208360 1.204959 -0.141467 0.234555 0.015186 -0.130331 0
-0.498780 -0.086764 1.110009 0.601220 0.217565 -0.100915 0.553303 0.353231 0.192190 0
0.735274 0.005108 0.182756 0.020466 0.313963 0.019739 -0.033116 -0.068628 -0.068874 0
-0.519876 -0.149050 -0.022475 -0.113064 -1.001638 -0.078994 -0.394351 -0.166109 -0.102232 0
-0.841620 -0.135957 0.112356 -0.210736 -0.144641 -0.126755 0.202823 0.014014 -0.060447 0
-1.007655 -0.204106 0.073635 0.095383 -1.055714 -0.091967 -0.482990 -0.237614 -0.142596 0
-0.399761 -0.121747 0.759928 0.633441 0.183622 -0.095053 -0.178665 -0.116323 -0.127563 0
0.000884 -0.105621 -0.224029 -0.187135 -2.001010 -0.130391 -0.394400 -0.258671 -0.180619 0
-0.458622 -0.149872 0.114524 0.083373 -0.159570 0.006627 -0.138948 -0.070032 -0.045254 0
-0.168381 -0.127172 0.031741 0.009250 0.023577 0.231926 -0.269445 -0.164690 -0.089689 0
-0.165423 -0.115710 -0.126371 -0.085617 -0.324627 -0.097522 -0.243966 -0.137689 -0.092114 0
-1.154659 -0.205094 -0.084137 0.024684 -0.534577 -0.141043 -0.278932 -0.140347 -0.067515 0
0.337603 0.022402 0.062852 -0.233518 0.982287 -0.137159 0.437285 0.154024 -0.066937 0
0.390883 -0.075187 -0.391712 -0.294140 0.403983 -0.135662 -0.193427 -0.159743 -0.136972 0
0.918391 0.020531 -0.080845 -0.128937 0.453080 -0.111475 0.095163 -0.050592 -0.122044 0
0.800630 0.078281 0.060756 -0.137446 0.329783 -0.138786 -0.083834 -0.059156 -0.022705 0
-0.139158 -0.100461 0.514597 0.355882 -0.140858 -0.101830 -0.187552 -0.092687 -0.034435 0
0.365748 0.012100 0.296695 -0.024117 -0.313833 -0.123568 -0.070181 0.006807 -0.028986 0
1.668969 0.201909 -0.161105 -0.187052 0.443327 -0.141023 0.258270 0.046875 -0.021085 0
0.776505 -0.051819 -0.178363 -0.082192 -0.339065 -0.116625 -0.285968 -0.201707 -0.164899 0
-0.175127 -0.067365 0.169393 -0.032633 0.948202 -0.116929 0.276756 0.109440 0.024598 0
-0.065527 -0.126252 -0.311351 -0.139900 -0.110940 -0.141191 -0.264855 -0.173720 -0.138548 0
-0.158623 -0.087141 -0.540782 -0.467791 0.234449 -0.140486 0.172396 -0.017953 -0.117632 0
-0.879436 -0.164980 0.561579 0.257635 0.281711 -0.018638 -0.110358 -0.067789 -0.038795 0
0.187589 0.046438 0.348743 -0.020392 1.236275 -0.017361 0.773696 0.180331 0.022939 0
-0.119466 -0.127482 -0.269494 -0.143950 -0.257591 -0.133780 -0.182051 -0.107251 -0.089041 0
-0.210821 -0.145150 -0.209502 -0.007126 -0.424961 -0.141520 -0.301110 -0.173999 -0.112138 0
-1.158100 -0.201457 -0.013395 -0.090403 -0.151964 -0.114361 -0.235288 -0.123414 -0.103995 0
-1.180038 -0.204526 -0.083198 -0.040885 -0.454594 -0.057683 -0.280358 -0.137913 -0.071709 0
1.091747 -0.021112 0.167165 0.301048 -0.137348 0.333025 -0.228398 -0.148111 -0.072833 0
1.029016 0.068385 -0.068022 -0.166549 0.394430 -0.139879 0.113968 -0.018282 -0.088851 0
-0.067214 -0.091344 0.067909 -0.029005 -0.600344 -0.112356 -0.320883 -0.166736 -0.071977 0
-0.923134 -0.193916 -0.190253 -0.104944 -0.224200 0.024352 -0.186084 -0.093883 -0.086363 0
-1.088490 -0.181831 0.109347 -0.059637 0.534281 -0.103382 0.103192 0.003258 -0.025543 0
-1.319951 -0.206003 -0.207052 -0.195538 -0.143524 -0.141283 -0.223631 -0.127634 -0.099095 1
-1.133823 -0.209519 -0.174549 -0.023484 0.198062 0.170820 -0.188570 -0.125696 -0.106096 1
0.208320 -0.036582 0.229061 0.019089 0.538659 0.008026 0.093115 0.001857 -0.037519 0
0.387900 0.006151 -0.134454 -0.178343 1.596326 -0.113943 0.278933 0.026727 -0.015127 0
0.543601 -0.002971 -0.098762 -0.240265 -0.077328 -0.141324 -0.155316 -0.097849 -0.091239 0
-1.081818 -0.211620 -0.866096 -0.455907 -1.749376 0.343619 -0.483495 -0.358110 -0.261499 0
-0.877513 -0.183551 0.139781 0.080967 0.763649 -0.072967 0.011846 -0.054128 -0.089990 0
-1.104901 -0.193058 -0.096355 -0.162747 0.060883 -0.019923 -0.217441 -0.139768 -0.117829 0
-0.174511 -0.077005 -0.319339 -0.397568 1.837513 -0.136887 0.416499 0.011994 -0.139174 0
0.272701 -0.076831 -0.354009 -0.272940 0.449264 -0.117154 0.015242 -0.091034 -0.116092 0
2.146835 0.207469 0.036020 -0.023813 -0.011177 0.050318 -0.162423 -0.103822 -0.072625 0
-0.090468 -0.075816 0.575321 0.272861 -0.704481 -0.097190 -0.301864 -0.113872 -0.008812 0
1.324247 0.130492 0.370184 0.162303 0.111205 -0.140094 -0.110663 -0.069998 -0.062680 0
-0.689813 -0.141595 -0.118709 -0.307668 0.628981 -0.136237 -0.034410 -0.125772 -0.120567 0
-0.863693 -0.187139 -0.147567 -0.074373 0.046733 -0.098411 -0.127026 -0.097702 -0.101292 0
-1.856393 -0.242659 -0.211003 -0.004811 -1.041550 -0.133568 -0.533564 -0.256062 -0.137640 0
0.445679 -0.039995 -0.429360 -0.337928 0.353718 -0.139191 0.036821 -0.069447 -0.129690 0
-0.308794 -0.097935 0.635418 0.370109 -0.415160 0.510723 -0.182620 -0.140105 -0.095018 0
-0.785432 -0.138992 0.180465 -0.080229 0.438447 -0.128336 0.390524 0.088447 -0.058773 0
-0.106702 0.103023 0.565718 0.005359 2.359023 -0.110076 1.160756 0.534303 0.209189 0
0.637683 -0.023720 0.067793 -0.038153 0.838905 -0.127526 0.074022 -0.044302 -0.098120 0
-0.827755 -0.148736 0.391329 0.102279 0.158659 -0.141509 0.012151 -0.017512 -0.049325 0
-0.737256 -0.120604 0.309307 -0.060375 0.449308 0.215914 0.370247 0.143020 0.047673 0
-0.458963 -0.104082 0.421258 0.090562 0.373549 -0.113013 0.094142 0.074713 0.055804 0
2.082206 0.149141 -0.096562 -0.007726 0.348928 -0.117238 -0.121369 -0.111928 -0.087704 0
-0.877034 -0.158316 -0.371298 -0.422681 2.219861 0.060846 0.774419 0.156799 -0.110692 0
-0.882234 -0.176245 0.021623 -0.111794 -0.919816 0.126183 -0.431510 -0.254205 -0.170126 0
-0.609956 -0.093629 0.845710 0.411488 1.109413 -0.084896 0.412561 0.094551 0.025232 0
-0.705603 -0.151809 0.349482 0.045670 0.099115 -0.011927 -0.085083 -0.087270 -0.087152 0
0.143526 -0.008595 -0.278652 -0.353929 -0.296005 -0.140644 0.015370 -0.004012 -0.023822 0
-1.272247 -0.200509 0.078255 -0.090043 -0.215595 0.013728 -0.083074 -0.057420 -0.071509 0
0.434534 -0.084575 0.098391 0.217980 -0.668495 -0.141503 -0.418796 -0.221674 -0.137466 0
0.129185 -0.013383 0.112242 -0.116482 -0.840123 0.285546 0.167970 -0.027475 0.015565 0
0.091252 -0.094600 -0.352628 -0.295732 0.232056 0.056458 -0.205101 -0.188549 -0.155952 0
0.424040 -0.053473 -0.218194 -0.179029 0.164529 -0.140700 -0.033056 -0.045557 -0.079691 0
-0.747885 -0.176226 -0.432977 -0.325810 -0.118778 -0.140114 -0.277602 -0.177006 -0.143690 1
0.211818 0.046522 0.162605 -0.201294 1.925021 -0.127428 0.563601 0.188830 -0.010605 0
-0.920779 -0.182372 -0.442417 -0.374080 0.612901 -0.137053 -0.088226 -0.103300 -0.115446 0
-0.436382 -0.137527 -0.299722 -0.325913 1.732444 -0.132436 0.385403 0.020416 -0.127294 0
-0.621087 -0.070354 0.694876 0.143051 -0.186803 1.668265 0.267407 0.127215 0.014733 0
0.670424 0.026467 0.108855 -0.069555 -0.317065 -0.124679 -0.101364 -0.067705 -0.072836 0
1.210202 0.129305 0.526205 0.217689 0.304226 -0.093460 -0.071258 -0.039165 -0.041184 0
-0.004488 -0.085678 -0.122175 -0.205057 0.410108 -0.031566 0.231585 -0.016625 -0.099494 0
-1.468143 -0.213634 0.074192 -0.104250 -0.654549 -0.043685 -0.388615 -0.218691 -0.130458 0
-0.768563 -0.156688 -0.008703 -0.172419 -1.931640 -0.045320 0.173306 -0.062100 -0.133135 0
-1.529972 -0.211817 0.115032 -0.140101 0.872235 -0.055319 0.110104 0.042702 -0.024058 0
-1.437338 -0.220783 0.048247 -0.077335 -0.378008 -0.131519 -0.290482 -0.198049 -0.165958 0
-0.452489 -0.103779 0.770571 0.609360 0.152702 -0.074879 0.073578 0.076423 0.084347 0
-1.387405 -0.222988 -0.356379 -0.138714 -1.065733 -0.130800 -0.469623 -0.270863 -0.156974 0
-0.305432 -0.076463 0.052450 -0.206526 1.329066 -0.107785 0.134937 -0.013945 -0.070258 0
0.072995 -0.103020 -0.040478 -0.045470 -0.747702 -0.110445 -0.430985 -0.216488 -0.123776 0
0.146494 0.080343 1.776845 1.159352 0.632946 -0.130133 0.513307 0.538603 0.448633 0
-1.335655 -0.215011 -0.079723 -0.024297 -0.918534 -0.085924 -0.445164 -0.214691 -0.124993 1
-0.742211 -0.174008 -0.301454 -0.263239 0.481715 0.229461 0.001926 -0.059292 -0.097103 0
-0.952079 -0.161617 0.920069 0.588921 -0.248534 -0.111390 0.005913 0.017663 0.029355 0
0.190575 -0.128333 -0.523987 -0.219943 -0.778642 0.155293 -0.464046 -0.257464 -0.170653 0
-1.188109 -0.213122 -0.530229 -0.318831 -0.163640 -0.092570 -0.229385 -0.173250 -0.161647 0
0.919455 -0.009150 -0.292683 -0.137882 -0.745418 -0.141334 -0.451470 -0.223841 -0.132689 0
-1.332524 -0.208429 0.396292 0.158060 -0.696593 -0.132341 -0.403517 -0.191018 -0.115312 1
-1.362565 -0.206985 1.042179 0.774254 -0.179298 1.093774 -0.106743 -0.077319 -0.067830 0
-0.691490 -0.164285 -0.116935 -0.101518 0.752816 -0.140968 0.038667 -0.059580 -0.089645 0
0.228076 0.021034 1.999447 1.619299 -0.347538 -0.069100 0.227369 0.338004 0.367751 0
-1.647673 -0.231493 -0.178127 -0.082777 0.374575 0.301962 -0.077015 -0.136204 -0.149160 0
0.124030 -0.042602 -0.200283 -0.235383 -0.639630 0.139790 -0.241857 -0.170320 -0.080670 0
-0.542325 -0.045249 0.754435 0.221623 0.783132 -0.099238 0.532506 0.354765 0.239822 0
0.078462 -0.072952 -0.344077 -0.382675 0.007540 -0.094775 -0.287977 -0.248105 -0.249277 0
0.644796 -0.049776 -0.208997 -0.110029 -0.396968 -0.099624 -0.327245 -0.190311 -0.119774 0
0.798682 0.019716 -0.078460 -0.178182 1.338075 0.068346 0.262244 0.020089 -0.106453 0
0.661499 0.016781 -0.021113 -0.143701 0.430658 0.039845 0.387637 0.074957 -0.079642 0
-1.318235 -0.199860 -0.036740 -0.090169 1.115664 -0.126331 0.438460 0.057239 -0.040221 1
1.060081 0.058471 -0.106973 -0.196979 -1.071330 -0.088923 -0.444860 -0.256598 -0.154547 0
0.092028 -0.083796 0.078448 -0.054805 -0.785633 0.074737 -0.465009 -0.262766 -0.182369 0
0.691339 -0.006033 -0.449659 -0.308914 0.605542 -0.140039 0.000711 -0.077355 -0.087126 0
1.567391 0.167622 0.296381 0.083263 -0.978065 -0.019895 -0.012025 -0.073847 -0.086507 0
1.191775 0.132715 0.528942 0.271881 -1.251429 -0.095069 -0.073255 0.016430 0.022495 0
0.317183 -0.023044 -0.054011 -0.211357 -0.344049 -0.133492 -0.221200 -0.143826 -0.127559 0
-0.541105 -0.154529 -0.179369 -0.149311 0.074543 -0.119229 -0.236364 -0.170125 -0.130042 0
-0.914743 -0.158139 -0.052064 -0.203842 0.823988 -0.112447 -0.049843 -0.098281 -0.081363 0
1.389982 0.131997 -0.697964 -0.557027 0.391192 -0.141537 -0.188779 -0.179087 -0.214198 0
0.141679 -0.101024 -0.343115 -0.250737 -0.500418 -0.034759 -0.208476 -0.159133 -0.142960 0
-0.052991 -0.088625 -0.326064 -0.353726 -0.725518 0.012605 -0.279046 -0.232029 -0.175088 0
-0.983300 -0.187495 -0.066641 -0.114248 -0.234364 -0.126163 -0.242077 -0.150246 -0.132343 1
-0.761545 -0.155897 -0.249622 -0.311475 -0.637584 -0.081373 -0.031463 -0.102660 -0.097467 0
-0.649038 -0.163387 -0.431727 -0.336988 -0.648383 0.042845 -0.256522 -0.166376 -0.137625 0
-0.727204 -0.161767 -0.147611 -0.194790 -0.421606 -0.139431 -0.237519 -0.125059 -0.093176 0
-1.415653 -0.211379 0.253222 0.048979 -0.284775 -0.033759 -0.293540 -0.193738 -0.133267 0
0.108362 -0.088486 -0.199285 -0.169583 0.044800 -0.127417 -0.068139 -0.118829 -0.107729 0
-0.237067 -0.134526 -0.402939 -0.297396 0.252618 0.082346 -0.020642 -0.077770 -0.119472 0
-0.738973 -0.156552 -0.265327 -0.356130 -0.096787 0.068443 -0.219720 -0.153662 -0.170177 0
1.034633 0.113076 0.230917 0.044569 0.857871 -0.132244 -0.045704 -0.055269 -0.029166 0
-0.081577 -0.085283 0.174066 0.024003 -0.753949 -0.019799 -0.137313 -0.200396 -0.160446 0
0.800220 0.095683 0.461565 0.186741 -0.338115 0.154250 0.078433 0.024232 0.025286 0
1.546016 0.247230 0.265684 -0.031314 -0.206585 -0.085391 0.167134 0.025860 -0.044444 0
1.039831 0.105584 0.260023 -0.000868 0.615579 -0.137953 0.077010 -0.060071 -0.104659 0
0.100904 -0.081804 -0.135869 -0.200575 1.038080 0.129572 0.192562 -0.049355 -0.174024 0
0.897476 -0.051562 -0.424189 -0.178966 -0.186965 -0.028711 -0.232974 -0.187865 -0.148986 0
-0.887979 -0.161601 0.255612 0.005668 0.261662 0.030364 0.216295 0.007258 -0.077218 0
-1.460856 -0.199175 0.936243 0.410126 1.700305 -0.121155 0.553785 0.302787 0.149029 0
-0.368776 -0.069301 -0.284380 -0.403914 0.685614 -0.113305 0.560165 0.088935 -0.070975 0
-1.227068 -0.203335 -0.032268 0.023030 -0.267093 -0.075610 -0.199252 -0.101859 -0.047790 0
-0.664434 -0.166055 -0.435356 -0.346597 -0.046147 -0.133728 -0.145070 -0.160834 -0.159987 0
0.161594 -0.071829 -0.336437 -0.318448 -0.197186 -0.036469 -0.089318 -0.121578 -0.106661 0
-1.217299 -0.207593 -0.346450 -0.322060 0.972078 -0.131305 0.097759 -0.088471 -0.150753 0
-0.430378 -0.115991 0.084050 -0.140201 -0.716721 0.042900 -0.022081 0.020989 -0.039945 0
2.050929 0.126849 -0.339531 -0.182134 0.047976 0.022693 -0.200703 -0.173014 -0.148000 0
2.627385 0.363137 -0.147375 -0.143790 0.423985 -0.135447 -0.026851 -0.038184 -0.042114 0
0.112891 -0.065861 -0.017880 -0.101507 -0.871784 -0.125371 -0.206903 -0.180702 -0.102765 0
0.230350 -0.093326 -0.535449 -0.385694 -0.202751 -0.115888 -0.384225 -0.241336 -0.177391 0
-1.412935 -0.226926 -0.227204 0.043524 -0.643369 -0.101228 -0.415570 -0.235439 -0.145640 0
-0.026073 -0.117600 -0.472629 -0.384384 0.386134 -0.129563 -0.144347 -0.168684 -0.183646 0
0.720588 -0.031807 -0.240389 -0.187827 0.196712 -0.057872 -0.252592 -0.166630 -0.136359 0
-0.209926 -0.105522 0.383452 0.132933 0.255438 -0.112602 -0.016364 -0.086489 -0.099736 0
0.328129 0.144243 0.488095 0.051243 1.531692 -0.117032 0.338407 0.198857 0.153480 0
-0.042149 -0.110832 -0.601542 -0.487633 -0.384803 -0.048886 -0.314321 -0.225056 -0.207873 0
2.006528 0.171602 -0.474902 -0.300363 -0.305428 0.040107 -0.309151 -0.191582 -0.128208 0
-0.768711 -0.175987 -0.219232 -0.157615 -0.762636 -0.087650 -0.308380 -0.204915 -0.138733 0
0.304622 -0.000418 -0.023540 -0.212866 0.006861 -0.044173 0.167560 0.019341 -0.086253 0
0.868951 0.048886 0.002896 -0.125485 0.447143 -0.132647 -0.190912 -0.176225 -0.152106 0
-0.834403 -0.165920 -0.339106 -0.325487 0.552818 -0.116137 0.074467 -0.033912 -0.121442 1
-0.579315 -0.118453 0.308054 -0.002013 -0.579676 -0.104305 0.105676 0.054381 -0.011256 0
1.103346 -0.003504 -0.733710 -0.459215 -0.261498 -0.141039 -0.387149 -0.243364 -0.188013 0
-0.270587 -0.087342 0.088968 -0.141552 -1.219262 -0.129827 -0.195388 -0.125827 -0.086312 0
-0.550907 -0.166250 -0.816391 -0.529755 0.216693 0.051853 -0.151792 -0.189236 -0.204664 0
1.261202 0.091648 -0.113098 -0.199433 0.363442 -0.139572 -0.229537 -0.170216 -0.126704 0
0.574715 -0.066244 -0.595932 -0.427153 -0.499473 -0.034830 -0.283426 -0.195520 -0.174401 0
0.288920 -0.049671 -0.384031 -0.363260 0.642269 -0.027219 -0.146808 -0.174025 -0.163291 0
-0.161105 -0.120949 -0.206117 -0.245396 -0.593470 -0.131197 -0.421289 -0.203861 -0.138680 0
0.248787 -0.075473 -0.295092 -0.263489 -0.146066 -0.009493 -0.279964 -0.171545 -0.158524 0
-0.834893 -0.193784 -0.433803 -0.196451 -0.216371 -0.097456 -0.387057 -0.252755 -0.181299 0
-1.292081 -0.220843 -0.486230 -0.173558 -0.826007 -0.048535 -0.496304 -0.252152 -0.154486 0
0.036161 -0.000880 -0.074833 -0.330974 3.157596 -0.086937 0.937217 0.180261 -0.095254 0
-0.999786 -0.167215 0.437161 0.087526 -0.766271 -0.023635 -0.174124 -0.082349 -0.052858 0
0.580707 0.025714 0.234023 -0.065055 -0.132436 -0.141544 -0.261789 -0.194807 -0.172842 0
0.184099 -0.073223 -0.374158 -0.366186 -0.652760 -0.043832 0.015806 -0.087749 -0.116812 0
-1.664274 -0.239542 -0.414412 -0.163615 -0.714520 -0.127289 -0.364926 -0.223437 -0.170273 0
0.955181 -0.018523 -0.357014 -0.274075 -0.577963 -0.140872 -0.199339 -0.144919 -0.151273 0
-0.479671 -0.165840 -0.745523 -0.493765 -0.629506 -0.130948 -0.378470 -0.229031 -0.183367 0
-1.369728 -0.222837 -0.372528 -0.112630 -0.462450 0.778980 -0.223213 -0.163046 -0.126528 0
0.332251 -0.045247 -0.195459 -0.270461 -0.299066 -0.126412 -0.269224 -0.184998 -0.129641 0
0.062756 -0.096718 -0.156218 -0.165419 -0.534316 -0.123050 -0.313582 -0.226354 -0.161043 0
1.010412 0.061477 0.236286 0.120275 -0.169880 -0.048779 0.006130 -0.008156 -0.004528 0
0.092557 -0.086363 0.010898 -0.116045 -0.123444 0.295256 -0.301145 -0.203648 -0.145281 0
0.256580 -0.057908 0.024723 -0.127829 -0.849450 0.134653 -0.444207 -0.246401 -0.159496 0
-0.156086 -0.084566 -0.165651 -0.321628 1.458592 0.067010 0.134410 -0.047173 -0.114540 0
1.313727 0.007958 -0.229227 -0.086839 -0.074126 -0.052615 -0.211115 -0.152302 -0.128840 0
-0.978827 -0.196095 -0.427040 -0.285157 -0.551975 -0.139489 -0.245282 -0.182979 -0.179696 0
-0.663783 -0.160727 -0.436912 -0.405455 1.401645 0.030070 0.168205 -0.106020 -0.164636 1
2.605225 0.243189 -0.258453 -0.115268 -0.145357 0.091020 -0.286436 -0.198279 -0.141580 0
1.951594 0.092267 -0.421337 -0.202466 -0.676605 -0.137575 -0.392439 -0.217847 -0.145278 0
-1.253622 -0.221926 -0.583032 -0.236685 -0.864018 -0.011151 -0.509386 -0.295619 -0.193543 0
-0.724510 -0.165704 -0.450816 -0.423510 -0.357037 -0.075508 -0.336915 -0.200688 -0.176441 0
-0.619006 -0.188114 -0.703992 -0.377397 -0.635930 -0.141550 -0.409027 -0.262194 -0.202217 0
-1.277682 -0.190318 0.222373 -0.076682 -0.555207 0.109566 -0.022905 -0.106527 -0.143238 0
-1.049222 -0.186526 -0.075716 -0.189968 -0.216777 -0.095972 -0.188223 -0.094045 -0.076796 0
0.920290 0.012452 -0.221399 -0.245459 -0.649886 0.323102 -0.316343 -0.235683 -0.182170 0
-0.093076 -0.143460 -0.201213 -0.060934 -0.068198 -0.112153 -0.331518 -0.228457 -0.158420 0
-0.545943 -0.151845 -0.438510 -0.398317 -0.223624 -0.091262 -0.212503 -0.158081 -0.151694 0
-1.598720 -0.232370 -0.536361 -0.275287 -0.995455 -0.138080 -0.492098 -0.276944 -0.186474 0
0.616403 -0.061575 -0.479305 -0.279317 0.183110 -0.125722 -0.308094 -0.205229 -0.142520 0
-1.502067 -0.221533 -0.415731 -0.351112 -0.496588 -0.140552 -0.246613 -0.165585 -0.157981 1
0.370333 -0.049984 -0.465023 -0.415200 0.298712 -0.119894 -0.164853 -0.156528 -0.150409 0
-1.614725 -0.236427 -0.520526 -0.162401 -1.037276 -0.073438 -0.493938 -0.292552 -0.191937 0
1.459861 0.121897 0.040056 -0.067358 0.540058 -0.099479 -0.055876 -0.125329 -0.132147 0
-0.511659 -0.128790 -0.072349 -0.230981 1.415794 -0.078596 0.162179 -0.015162 -0.079134 0
0.452628 -0.016982 0.033182 -0.133445 0.252079 -0.037061 -0.175714 -0.156499 -0.151995 0
0.442647 -0.037595 -0.294534 -0.289718 -0.009780 -0.108179 -0.198062 -0.153587 -0.133339 0
-1.225593 -0.211867 -0.232437 -0.185020 -0.081062 -0.129449 -0.245630 -0.200038 -0.155324 0
-0.663766 -0.132227 -0.215347 -0.313365 0.549689 -0.104369 -0.125095 -0.107295 -0.115431 0
0.431885 -0.052137 -0.449474 -0.384878 0.906745 -0.129781 0.031894 -0.135404 -0.174502 0
0.747887 -0.036777 -0.457597 -0.376168 -0.195301 -0.083983 -0.256007 -0.161718 -0.165327 0
0.449965 -0.022442 -0.353435 -0.402386 -0.793913 0.195487 -0.403211 -0.210120 -0.171211 0
1.120075 0.055519 -0.744088 -0.567707 -0.000796 -0.141488 -0.179445 -0.177976 -0.210231 0
-1.431881 -0.224417 -0.635901 -0.382070 -0.357460 -0.079705 -0.333611 -0.232091 -0.190881 0
1.126558 0.168923 0.052684 -0.198580 1.193958 -0.111658 0.486510 0.053282 -0.072611 0
0.134081 -0.082174 -0.338522 -0.350365 0.090672 0.080231 -0.328286 -0.236596 -0.199226 0
-0.301785 -0.142713 -0.480706 -0.380127 -0.365744 0.042246 -0.254643 -0.207427 -0.185585 0
1.105247 -0.001183 -0.704301 -0.465730 -0.730211 -0.135741 -0.471873 -0.262856 -0.200854 0
-0.022149 -0.105991 -0.072418 -0.119052 -0.719823 -0.097527 -0.321896 -0.152012 -0.090020 0
-0.149271 -0.105725 -0.127496 -0.230930 1.103434 0.000603 0.192441 -0.035750 -0.125332 0
-0.437660 -0.160449 -0.858344 -0.538259 0.241327 -0.043647 -0.135917 -0.188037 -0.194448 0
1.649066 0.158115 -0.059608 -0.183593 -1.106485 -0.106517 -0.366489 -0.203859 -0.149403 0
-0.295967 -0.100817 -0.162666 -0.326330 2.868829 -0.008793 0.582332 -0.005871 -0.188430 0
-0.546262 -0.183276 -0.620157 -0.345030 -0.006729 0.251507 -0.322133 -0.236357 -0.197236 0
-1.594314 -0.230446 -0.186326 -0.114835 -0.690802 -0.116590 -0.511214 -0.281223 -0.161526 0
1.003186 0.101764 0.440970 0.265459 -1.153608 -0.061755 -0.117661 0.015262 0.080329 0
0.199802 -0.041975 0.008824 -0.161073 0.547139 -0.026695 -0.003448 -0.133551 -0.122181 0
-1.504806 -0.225190 -0.353142 -0.228794 -1.039379 -0.045950 -0.393018 -0.243205 -0.153200 0
1.040253 0.017671 -0.250770 -0.245138 0.117849 -0.018951 -0.164189 -0.124806 -0.120999 0
0.322015 -0.103369 -0.232714 -0.093912 -0.577588 -0.141549 -0.393949 -0.250169 -0.171978 0
-0.771133 -0.182333 -0.761164 -0.536238 0.775276 0.122365 -0.029296 -0.148796 -0.213313 0
0.116183 -0.078084 -0.388600 -0.340940 1.111464 -0.014948 0.164800 -0.043069 -0.123315 0
-1.024013 -0.214581 -0.456480 -0.150723 -0.054690 -0.141547 -0.333280 -0.230991 -0.184054 0
1.743922 0.106595 -0.590733 -0.427879 -0.878231 -0.131738 -0.317050 -0.205365 -0.170485 0
1.670219 0.062371 -0.845049 -0.542583 0.216623 -0.037937 -0.237430 -0.223502 -0.215252 0
-0.452055 -0.147302 -0.197764 -0.270504 -0.501603 -0.058761 -0.221342 -0.193279 -0.174513 0
1.091535 0.008422 -0.342119 -0.220235 -0.709269 0.121927 -0.367516 -0.241089 -0.148006 0
-0.279365 -0.014503 0.526665 0.128247 -0.071517 -0.140122 0.351369 0.187787 0.082396 0
1.035552 0.044859 -0.333385 -0.284129 1.090303 0.115581 -0.001447 -0.137779 -0.160770 0
0.426061 -0.068941 -0.708904 -0.526514 0.940674 -0.129216 -0.070907 -0.197368 -0.238695 0
0.269505 -0.028613 -0.246004 -0.345352 1.891053 -0.010310 0.180938 -0.072194 -0.147140 0
0.452852 0.025257 -0.347274 -0.438976 -0.058329 -0.112848 -0.000426 -0.033978 -0.114639 0
-0.523364 -0.114846 0.010464 -0.197628 0.940614 -0.134792 0.136516 -0.014233 -0.113479 0
1.061418 0.048892 -0.246648 -0.250703 -1.015355 0.010871 -0.205879 -0.220512 -0.204994 0
-0.829588 -0.190612 -0.466082 -0.222497 -0.758387 -0.054497 -0.423090 -0.242162 -0.169247 0
-0.512550 -0.145116 -0.039086 -0.121584 0.665946 -0.138201 -0.049504 -0.153564 -0.173438 0
2.500704 0.184571 -0.669071 -0.443096 -0.227935 -0.118010 -0.355503 -0.270780 -0.211602 0
1.828503 0.192164 -0.277059 -0.295560 0.963221 -0.123811 -0.068797 -0.173312 -0.176703 0
-0.062433 -0.090057 -0.125587 -0.228270 0.170494 -0.099188 0.037748 -0.171253 -0.144175 0
0.968633 -0.040971 -0.752359 -0.415521 0.229030 -0.109251 -0.248800 -0.229789 -0.211839 0
-0.586193 -0.164623 -0.307077 -0.203982 -0.789862 0.354473 -0.385723 -0.234794 -0.154714 0
-0.983692 -0.187352 -0.514990 -0.442037 -0.200993 -0.107453 -0.282475 -0.225501 -0.180451 0
-0.185575 -0.061728 0.093616 -0.168314 -0.873305 -0.137583 -0.133967 -0.110763 -0.114273 0
-0.788321 -0.172241 -0.425087 -0.389832 0.157299 -0.073514 -0.144962 -0.129739 -0.170472 0
-0.575821 -0.174369 -0.622215 -0.392166 0.363683 -0.085075 -0.242342 -0.185939 -0.193235 0
-1.472706 -0.223233 -0.375258 -0.294947 0.212900 0.163789 -0.239250 -0.180681 -0.173259 0
1.370407 0.048272 -0.487604 -0.376599 -0.554880 -0.088590 -0.412279 -0.231983 -0.172931 0
1.701421 0.152278 0.194262 0.009641 -0.667800 -0.103778 -0.279122 -0.151013 -0.102760 0
0.121678 -0.075897 -0.360154 -0.373859 0.738073 -0.138907 -0.050322 -0.093654 -0.126881 0
0.010799 -0.067728 -0.361691 -0.426949 -1.548523 -0.106909 -0.111094 -0.198703 -0.214873 0
-0.547090 -0.156470 -0.457846 -0.393085 0.193550 -0.141487 -0.201023 -0.194369 -0.188874 0
0.079556 -0.093140 -0.038795 -0.037600 -0.305039 -0.099518 -0.266336 -0.179605 -0.098061 0
0.957447 -0.025914 -0.405082 -0.195617 -0.171867 -0.140718 -0.321961 -0.235130 -0.160794 0
-0.132659 -0.108147 0.122534 -0.065153 -0.380979 -0.140486 -0.077490 -0.181586 -0.147314 0
-1.005116 -0.206938 -0.603782 -0.356993 -0.775861 -0.107482 -0.494283 -0.300686 -0.209440 0
2.383924 0.367520 -0.572445 -0.477470 1.199925 0.032244 0.047946 -0.159040 -0.175058 0
0.314339 -0.090323 -0.527202 -0.343690 0.075274 -0.138142 -0.196678 -0.206515 -0.182680 0
2.115753 0.217666 -0.503198 -0.413404 -1.102538 0.313141 -0.278367 -0.268049 -0.182495 0
1.235965 0.023235 -0.632516 -0.445272 -0.735245 -0.139779 -0.378081 -0.293456 -0.231367 0
-0.445148 -0.122872 -0.073019 -0.206224 1.110683 -0.034248 0.101157 -0.083104 -0.173806 0
-0.548499 -0.161402 -0.473656 -0.364233 -1.110055 -0.089322 -0.486702 -0.270864 -0.187182 0
-1.580542 -0.207381 2.204979 1.790532 0.422473 0.003426 0.520813 0.387242 0.362760 0
0.250615 -0.056007 0.203700 0.027212 -0.566921 -0.141229 -0.094408 -0.105058 -0.108397 0
2.674946 0.369831 -0.186993 -0.172379 -0.168072 -0.045237 -0.087529 -0.120442 -0.084266 0
-0.180591 -0.090668 0.365778 0.080185 -1.140459 -0.133935 -0.013461 -0.001923 -0.000429 0
-1.277686 -0.222205 -0.963072 -0.582844 0.188819 0.163921 -0.248420 -0.236888 -0.259167 0
0.266436 -0.062034 -0.027192 -0.122256 -0.405145 -0.137308 -0.020093 -0.132278 -0.139157 0
0.074644 -0.069454 0.006138 -0.177195 1.203843 -0.134770 0.065143 -0.122623 -0.149281 0
-0.670258 -0.177605 -0.521505 -0.354747 -0.743793 -0.066776 -0.416119 -0.255563 -0.195009 0
0.380300 -0.060490 -0.501862 -0.375753 -0.556588 -0.127408 -0.274568 -0.197957 -0.154177 0
-0.477120 -0.137812 -0.663962 -0.531757 0.836528 0.043969 0.115150 -0.094799 -0.172846 0
1.312180 2.871128 6.460845 7.926083 -0.196336 31.521788 5.596157 5.553947 5.952131 0
1.771311 0.090329 -0.837609 -0.512834 0.075375 -0.109036 -0.247038 -0.245037 -0.232537 0
-1.212177 -0.210086 -0.569918 -0.413403 0.069067 0.099050 -0.365895 -0.251377 -0.189644 0
1.294885 0.075107 -0.634370 -0.492698 0.082480 -0.141511 -0.273742 -0.239145 -0.195622 0
