1.338515 0.509428 3.071151 2.893627 4.365366 -0.671257 4.870334 4.095627 3.344829 1
0.928421 0.629438 5.322766 5.918937 4.097024 -0.599820 6.278171 7.074370 7.341011 1
0.787495 0.617056 5.187156 5.949827 -2.950771 -0.668372 7.431030 8.110287 8.492257 1
0.898002 0.288078 4.683734 5.084004 2.163122 -0.694682 3.698810 3.936249 3.929177 1
0.307736 0.088862 2.947669 2.731101 1.815660 -0.562548 2.736838 2.491655 2.104801 1
1.292329 0.223136 2.296226 1.915727 3.068773 -0.612450 2.594344 2.102495 1.421720 1
0.245830 0.004925 0.554984 0.236836 2.854814 -0.403914 1.167692 0.701525 0.476653 0
-0.621204 -0.064268 0.742505 0.311452 1.854970 0.067901 1.290371 0.853172 0.394792 0
-0.507438 -0.060088 0.674555 0.201656 1.364770 -0.159840 1.293485 0.703809 0.277174 0
0.425287 0.008611 -0.566731 -0.597498 0.128202 0.762232 1.147047 0.172607 -0.194917 0
-0.876871 -0.070920 1.689983 1.098548 1.916874 -0.643787 1.899395 1.390927 0.828733 0
0.318459 0.019843 1.476226 1.170493 0.824925 -0.503075 1.011369 0.905794 0.706236 0
1.245953 0.070286 -0.079155 -0.250101 0.953131 2.455605 0.858601 0.273083 -0.051826 0
-0.221544 -0.045643 0.998655 0.877510 0.942331 -0.442610 1.017885 0.792984 0.644945 0
1.521210 0.094731 -0.311878 -0.315425 0.634486 -0.348196 0.728749 0.197995 0.033375 0
-0.688225 -0.080554 0.822249 0.414983 0.739181 -0.519912 1.078757 0.576843 0.265353 0
0.184536 0.054636 3.904780 4.576458 1.560534 3.502539 1.477325 1.832414 2.166313 1
-0.452160 -0.067511 0.377527 0.017372 0.758683 -0.372185 0.232306 0.008518 -0.102811 0
-0.546490 -0.053369 0.738844 0.386239 1.010850 0.310595 1.035092 0.620151 0.411155 0
0.039879 -0.046681 -0.152345 -0.212777 1.944203 -0.089959 0.918166 0.344881 0.038342 0
1.330484 0.077155 -0.317343 -0.435999 2.239563 -0.682215 0.678151 0.137437 -0.110371 0
0.537247 -0.016391 -0.288040 -0.363608 0.422227 -0.646073 0.399975 0.091098 -0.122086 0
1.457070 0.097848 0.376652 0.218102 2.059415 -0.679397 0.783394 0.441943 0.252691 0
-0.218337 -0.071373 -0.326303 -0.354591 2.004743 -0.158538 0.532758 0.066542 -0.127915 0
-0.211263 -0.055536 0.749554 0.670807 1.040110 1.430833 0.390796 0.292290 0.231687 0
-0.590127 -0.068795 1.223852 0.860575 1.779571 -0.519283 0.947664 0.638057 0.357988 0
0.456927 0.063814 0.861565 0.452926 0.794002 -0.610928 0.898811 0.566372 0.510511 0
-0.088989 -0.023608 0.072281 -0.245639 1.203146 -0.628584 0.576653 0.276724 0.063231 0
-0.249803 -0.054673 1.376857 1.137987 1.458291 -0.512767 1.064257 0.796787 0.452073 0
-1.115576 -0.094981 2.061020 1.824566 1.167128 -0.638035 1.025474 0.986708 0.909135 0
0.984824 0.045431 0.455891 0.345811 1.834487 -0.557481 0.685168 0.302355 0.180460 1
-0.187894 -0.035911 2.171445 1.808090 0.254606 -0.628491 0.914694 0.821543 0.735225 1
-0.206704 -0.035077 1.464594 1.237822 1.764110 -0.641270 0.843825 0.664983 0.622683 0
0.969333 0.086055 1.464269 1.312712 1.571760 -0.624930 1.383990 1.089628 0.864695 1
0.896629 0.002578 -0.843953 -0.692684 1.689054 -0.635147 0.307024 -0.134728 -0.323172 0
-0.737701 -0.083415 0.532229 0.177316 -2.135579 -0.618774 0.397524 0.227337 0.093521 0
0.256085 -0.030224 -0.472526 -0.477164 2.462392 0.591792 0.322467 -0.159486 -0.210695 0
0.360028 -0.022989 0.279716 0.154888 0.550260 -0.118731 0.744428 0.449092 0.228603 0
-0.216250 -0.062813 0.121283 -0.016782 0.454318 -0.625037 0.460973 0.254443 0.028073 0
-0.096682 -0.003801 3.141087 3.406762 -0.779880 0.039535 1.418835 1.483548 1.474255 0
-0.555634 -0.046138 0.798140 0.267366 1.626904 -0.304290 0.667669 0.505080 0.407210 0
-0.699126 -0.074698 1.817370 1.576567 -1.097983 -0.686415 0.532536 0.726864 0.688662 0
0.535956 0.006256 -0.031267 -0.196685 -1.114123 -0.228967 0.426237 0.117243 -0.007824 0
-0.306783 -0.077109 -1.033956 -0.804294 1.312623 -0.205384 0.200783 -0.268543 -0.435327 0
-0.537309 -0.061140 3.278879 3.509688 0.906145 1.265457 1.027431 1.205087 1.222005 1
-0.618312 -0.080335 0.029902 -0.116943 1.931474 -0.635329 0.487290 0.174559 0.008768 0
-0.204389 -0.056408 0.527379 0.414485 -0.392864 0.169952 0.526650 0.410538 0.286867 0
0.589127 -0.019360 -0.727457 -0.661618 1.451041 0.342365 0.044564 -0.252321 -0.397232 0
-0.640286 -0.065265 0.896964 0.451164 -0.760406 1.587584 0.818460 0.533456 0.226826 0
-0.468583 -0.072929 0.814458 0.665308 0.621735 0.388509 0.417494 0.253857 0.164756 0
-0.009344 -0.023365 0.549138 0.280710 0.470657 -0.645885 0.257499 0.113936 0.136713 0
1.124091 0.048403 0.511434 0.330038 0.883195 0.490879 0.630334 0.350856 0.188207 0
0.705258 0.031863 -0.205102 -0.367093 1.825943 -0.554602 0.876159 0.207018 -0.127139 0
-0.360333 -0.055283 1.233454 0.993672 1.196830 1.613100 0.790183 0.675772 0.580883 0
-0.147347 -0.056776 1.039501 0.892951 1.778261 -0.591109 0.609665 0.378291 0.253887 0
-0.717711 -0.080829 1.357739 1.399934 1.525868 -0.592738 0.662282 0.507944 0.495078 0
0.414393 -0.027888 -0.236289 -0.292009 0.878156 -0.642948 0.172741 -0.148476 -0.208372 0
-1.079526 -0.103858 0.919353 0.709566 1.400441 0.455190 0.551514 0.476109 0.331997 0
0.373696 -0.018321 -0.295987 -0.415010 -0.131919 0.986941 -0.001138 -0.256765 -0.261164 0
-0.483920 -0.041901 2.132478 1.863059 0.143372 0.290874 1.175980 1.281328 1.185340 0
-0.267416 -0.061758 -0.456704 -0.515450 -0.824971 -0.625643 0.224000 -0.014084 -0.154510 0
-0.282567 -0.056945 0.971479 0.708443 1.245505 0.402066 0.781752 0.699781 0.491376 0
-0.054141 -0.032352 0.300290 0.050444 -0.673448 -0.567511 0.264124 0.271403 0.243241 0
0.371946 -0.044657 -0.314657 -0.255114 -1.099072 0.766926 -0.297682 -0.167698 -0.149328 0
1.165613 0.026755 -0.491725 -0.439083 0.019305 -0.691716 -0.049730 -0.247766 -0.256498 0
-0.394350 -0.058480 1.400289 1.073622 1.139979 -0.595276 0.782857 0.703826 0.610214 0
0.009922 -0.046485 0.265234 0.100652 0.760730 5.676816 0.249090 0.171897 0.126594 0
-1.055238 -0.088914 1.621284 1.160536 -1.553989 1.508136 1.312602 1.088158 0.827892 0
0.206356 -0.029762 -0.197749 -0.295541 0.376831 1.956689 0.132080 -0.045623 -0.095947 0
-0.974423 -0.084615 3.338497 3.762324 1.102247 1.081001 1.027824 1.189020 1.308644 0
-1.045469 -0.105777 1.239834 1.289835 0.116513 -0.366246 0.200534 0.228624 0.242906 0
-0.827484 -0.093548 0.170802 -0.049813 -1.324017 -0.489598 -0.280738 -0.004076 0.033794 0
0.018596 -0.037858 0.187103 -0.097126 1.198433 1.138433 0.100375 -0.033557 -0.116602 0
-0.530042 -0.080264 -0.230449 -0.341059 1.750875 -0.675485 -0.037641 -0.228134 -0.278326 0
0.413375 -0.017860 -0.581630 -0.571622 0.963733 -0.533280 -0.063030 -0.232623 -0.337057 0
-0.663677 -0.077868 0.331493 0.010034 0.319585 -0.685760 0.075150 0.039586 -0.033499 0
-0.724313 -0.086654 0.457006 0.187011 0.799416 1.832780 0.355769 0.278947 0.143806 0
-0.523113 -0.068872 -0.177187 -0.313057 0.594073 1.228882 0.290340 0.034391 -0.052208 0
-0.148966 -0.069513 0.323457 0.227836 0.396931 -0.629125 0.270295 0.132151 0.036742 0
-0.159089 -0.056818 -0.417627 -0.468642 1.377881 1.399632 0.118334 -0.130530 -0.235455 0
1.145254 0.073175 0.279162 0.119008 1.049918 1.372663 0.352927 0.140944 0.085422 0
-0.487915 -0.077377 0.126231 -0.119043 -0.119394 -0.437887 0.052958 -0.031353 -0.150486 0
-0.627448 -0.088019 0.297894 0.104971 0.804188 -0.571300 0.115982 0.013554 -0.157961 0
-0.220466 -0.066858 -0.435744 -0.510967 1.545755 -0.585239 0.004554 -0.164723 -0.268889 0
0.632394 -0.011257 -0.682489 -0.605723 0.426530 0.083289 -0.106489 -0.281228 -0.281447 0
-0.174576 -0.049973 0.063947 -0.145565 0.960449 -0.649607 0.329437 0.119865 -0.071171 1
-0.351367 -0.067822 -0.362720 -0.459139 -0.247932 -0.533175 0.196560 -0.134076 -0.219411 1
0.146900 -0.044789 -0.439423 -0.425338 0.623687 -0.173472 0.227549 -0.023563 -0.180758 1
1.940374 0.066982 0.059407 0.186448 0.843867 -0.658091 0.154930 -0.004658 -0.064430 0
-0.301927 -0.065264 0.045250 -0.082774 0.696420 -0.379886 0.442822 0.253970 0.104451 0
1.082313 0.003541 -0.280062 -0.226160 0.852034 -0.419889 -0.060656 -0.195429 -0.231250 0
4.915029 0.443548 0.290807 0.293389 1.281381 -0.695227 0.319301 0.084136 0.012711 0
-0.545692 -0.076297 0.106796 -0.094589 -0.275214 -0.170808 -0.167453 0.061118 0.048692 0
-0.343732 -0.055368 0.063396 -0.246287 0.306212 -0.694528 0.134510 0.028607 -0.131733 0
0.161463 -0.043368 -0.029217 -0.137838 1.504978 2.818011 0.311769 0.125203 0.005657 0
0.111830 -0.046696 -0.471954 -0.447065 -0.172458 -0.502117 -0.075439 -0.167164 -0.199374 0
0.877529 -0.010601 -1.003320 -0.742992 -0.352397 3.427220 -0.239240 -0.307106 -0.339207 0
0.749219 0.000332 -0.901298 -0.738158 1.200074 -0.695042 -0.023839 -0.323493 -0.370720 0
-0.007062 -0.045487 0.006523 -0.135540 -0.134912 -0.082590 0.279800 0.204828 0.082511 0
0.375970 -0.035514 -0.284673 -0.238277 0.610293 -0.686779 0.037378 0.009639 -0.086482 0
-0.666076 -0.087161 0.448783 0.225207 0.502865 -0.302249 0.046763 0.039207 -0.060655 0
-0.568201 -0.088323 0.032330 -0.048249 0.376049 -0.666988 -0.098358 -0.079575 -0.077453 0
-0.661414 -0.095272 0.046530 0.033192 0.058607 2.071055 -0.061131 -0.070638 -0.126459 1
0.279251 -0.040279 -0.898217 -0.727810 -0.495931 -0.465705 -0.383191 -0.319840 -0.321368 0
0.011688 -0.056437 0.033282 0.025410 0.904624 0.012444 0.120462 0.018051 -0.005142 1
-0.751119 -0.097409 0.639978 0.720779 1.016609 -0.118524 0.204229 0.165763 0.139719 0
-0.550265 -0.089399 -0.145406 -0.277494 -1.250155 0.408531 -0.571927 -0.468564 -0.342499 0
-0.415754 -0.066808 0.330177 0.188297 0.590221 0.821094 0.040528 0.041165 0.092600 0
-0.299410 -0.064189 1.491095 1.430926 0.550102 0.222889 0.352570 0.457802 0.482491 0
0.931099 -0.025370 -0.872245 -0.633446 0.749586 -0.284183 -0.013533 -0.272109 -0.368483 0
-0.958828 -0.102180 0.856307 0.768723 -0.120484 0.181304 0.312580 0.208928 0.131780 0
-0.164295 -0.060653 0.049146 -0.035130 1.283235 -0.012656 0.070525 -0.005252 -0.047935 0
-0.045452 -0.072571 -1.074226 -0.775311 0.028380 -0.690499 -0.234927 -0.406627 -0.453392 0
-0.635226 -0.076611 3.757456 4.402963 0.611346 -0.387685 0.548728 0.826809 0.958570 0
0.265909 -0.046249 -0.677809 -0.595849 0.176715 -0.694903 -0.310477 -0.382416 -0.388176 0
-0.285741 -0.061986 1.069026 1.067781 -1.603622 2.663088 0.362019 0.385279 0.418426 0
0.744496 -0.013310 0.013795 0.047883 0.850790 -0.621371 -0.000923 -0.044757 -0.037307 0
0.184464 -0.033985 -0.207939 -0.335644 0.948391 1.738988 0.225917 -0.158481 -0.284262 0
-0.330422 -0.062165 0.129765 -0.095424 -0.116058 -0.695213 0.233033 0.148522 0.060649 0
2.316492 0.109697 -0.706758 -0.517877 -0.250646 -0.402270 0.063199 -0.248002 -0.299715 0
-0.823760 -0.098190 0.249023 0.086514 -0.042755 -0.543466 0.142370 0.056019 -0.036845 0
-0.034778 -0.029366 0.230614 0.003393 1.032625 -0.247079 0.270132 0.192116 0.217901 0
0.004079 -0.064200 -0.583817 -0.506293 1.027217 0.617866 -0.289796 -0.302591 -0.267281 0
0.075923 -0.047308 0.305728 0.210331 -0.147263 0.193637 0.042241 0.044533 0.038580 0
0.237527 -0.027832 0.311583 0.100186 0.299500 -0.593314 -0.091286 0.024271 0.077077 0
0.352534 -0.053289 -0.810235 -0.586554 0.448383 0.741655 -0.103395 -0.282453 -0.352805 0
2.561364 0.164092 -0.352061 -0.317847 -0.210426 -0.314606 0.227936 -0.042233 -0.096170 0
-0.080236 -0.069054 -0.837268 -0.718336 0.541941 -0.500049 -0.579075 -0.531244 -0.491563 0
0.040517 -0.036852 -0.261003 -0.366786 0.784807 -0.695162 0.298159 0.014187 -0.117373 0
1.846931 0.075018 -1.106682 -0.789158 -0.270416 0.998386 -0.058260 -0.397079 -0.435305 0
-0.135798 -0.059983 0.204928 0.051494 0.110148 -0.684324 -0.342035 -0.161716 -0.058458 0
-0.363666 -0.077200 0.655404 0.621683 0.249897 -0.446379 0.126091 0.137926 0.178383 0
0.239838 -0.028570 -0.264491 -0.344633 -1.892307 -0.575919 -0.025616 -0.213126 -0.207836 0
-0.191550 -0.027659 1.133331 0.857612 0.690518 -0.500975 0.437750 0.575014 0.582223 0
0.251074 -0.044446 -0.368293 -0.312694 -0.248343 0.190534 -0.277505 -0.223158 -0.175825 0
-0.492372 -0.084175 -0.018259 -0.159837 -1.108629 2.228195 -0.210799 -0.199251 -0.215939 0
-0.322357 -0.073753 -0.601985 -0.572611 -1.320830 -0.522486 -0.389309 -0.443607 -0.344762 0
-0.749897 -0.098396 0.002555 -0.057570 0.455591 -0.448624 -0.113269 -0.116451 -0.162441 1
0.087079 -0.053239 -0.652389 -0.589528 -0.858679 -0.585416 -0.178558 -0.287907 -0.317792 0
1.229538 -0.017673 -1.194562 -0.794502 -1.848394 -0.687084 -0.250994 -0.426572 -0.455665 0
-0.673393 -0.088665 -0.162915 -0.306321 0.978655 -0.684266 0.040799 -0.256310 -0.246437 1
-0.481011 -0.087989 -0.502064 -0.497331 0.543145 -0.524478 -0.151487 -0.309358 -0.312200 0
-0.029875 -0.057924 -0.284534 -0.339288 0.518498 -0.355759 -0.203401 -0.340206 -0.332964 0
-0.211452 -0.056960 1.261452 1.181493 -0.080854 -0.348371 0.287840 0.368016 0.426701 0
0.873686 0.002196 -0.979802 -0.768280 -0.259218 1.192514 -0.094774 -0.383301 -0.387270 1
-0.127945 -0.062826 -0.012793 -0.167012 -0.298967 -0.382617 0.017168 -0.094539 -0.139547 0
-0.787696 -0.087665 1.020312 0.807700 0.555332 -0.501145 0.363793 0.394064 0.399209 0
-0.386348 -0.078756 0.596685 0.625080 0.735753 -0.645962 0.021641 0.134046 0.196813 0
-0.257722 -0.064233 -0.490017 -0.518025 0.735044 0.934718 -0.080049 -0.192320 -0.228067 0
0.103644 -0.044458 -0.424166 -0.423092 0.208316 -0.693417 -0.374495 -0.300297 -0.189046 0
-0.478399 -0.082586 0.020278 -0.045239 0.114197 -0.608348 -0.138437 -0.201005 -0.161800 0
-0.329163 -0.065463 -0.155550 -0.295675 -0.903873 1.023034 -0.157503 -0.285109 -0.197405 0
0.314002 -0.049182 -0.677064 -0.566471 0.858265 0.613170 -0.199421 -0.275328 -0.343242 0
-0.697564 -0.089452 0.324521 0.120182 0.268789 -0.191290 0.000778 0.048930 0.055124 0
-0.110687 -0.084216 -0.902224 -0.582720 -0.297973 -0.209431 -0.396662 -0.409113 -0.370665 0
-0.251090 -0.036709 1.435551 1.107744 -0.715951 -0.013404 0.347360 0.633787 0.702069 1
-0.334612 -0.082861 -0.476558 -0.393551 -0.753967 -0.062328 0.026449 -0.178722 -0.218139 0
-1.031454 -0.102207 0.964425 0.753624 0.091925 -0.062096 -0.073689 0.078244 0.098248 1
-0.531135 -0.082539 0.063321 0.037016 0.452198 1.681941 0.003058 -0.039320 0.017547 0
1.087838 0.075260 -0.638096 -0.619361 0.530113 0.944093 -0.031961 -0.197510 -0.262742 0
0.815328 -0.008573 -0.971986 -0.745809 -1.130306 0.624555 -0.371066 -0.427220 -0.412417 1
-0.255619 -0.078747 -0.115852 -0.034215 0.214749 -0.694017 -0.182689 -0.097718 -0.064728 0
-0.563865 -0.082108 -0.251197 -0.302701 -1.178743 -0.659666 -0.238675 -0.153442 -0.128437 0
-0.254919 -0.068889 0.855361 0.695247 0.458656 0.002484 0.232012 0.233930 0.134119 0
2.265554 0.067866 -0.483780 -0.327951 0.652733 -0.687209 -0.052177 -0.176231 -0.211801 0
-0.183308 -0.065979 -0.504825 -0.539907 -0.701674 -0.601774 -0.563130 -0.494663 -0.406200 0
-0.926034 -0.101691 0.194213 0.014116 0.106852 -0.563270 -0.066225 -0.144111 -0.168527 0
-0.497624 -0.085711 -0.698635 -0.635349 -0.976973 -0.270277 -0.337566 -0.360147 -0.358239 0
-0.126178 -0.073486 -0.703328 -0.577678 0.153749 -0.686628 -0.092299 -0.291329 -0.362235 0
-0.413558 -0.087417 -0.519208 -0.444964 -0.083535 0.561129 -0.401411 -0.386526 -0.374607 0
-0.299607 -0.084529 -0.464298 -0.384860 0.803420 2.544481 -0.223594 -0.257713 -0.239592 0
-0.643594 -0.090449 0.671566 0.538782 -0.743799 -0.627221 0.064845 0.153697 0.123703 0
-0.058587 -0.062215 -0.480662 -0.445638 0.193725 -0.538436 -0.281052 -0.317622 -0.259806 0
-0.292780 -0.069111 0.761706 0.592925 -0.377788 -0.510805 -0.088738 0.139616 0.212581 0
-0.671924 -0.092321 0.045166 -0.107415 0.289831 -0.695263 -0.140084 -0.156809 -0.157435 0
-0.836097 -0.099010 -0.112202 -0.170004 0.346604 -0.131318 -0.087784 -0.181538 -0.195450 0
-0.370536 -0.076395 0.098041 -0.011573 -0.552970 -0.577128 -0.198857 -0.071014 -0.045469 0
-0.098612 -0.061968 0.454611 0.371789 0.581885 -0.690898 -0.034912 0.079990 0.133380 0
0.103765 -0.054152 -0.457833 -0.475055 0.622445 -0.493363 -0.460278 -0.425017 -0.354683 0
-0.672080 -0.087738 -0.067886 -0.240276 -0.361956 5.021930 0.066480 -0.124477 -0.207552 0
0.730344 0.035465 0.666521 0.381213 0.814476 -0.627355 0.261948 0.313447 0.343191 0
0.165791 -0.016199 -0.470118 -0.511889 -1.241966 1.221602 0.490966 0.021385 -0.040053 0
-1.046205 -0.106444 -0.103614 -0.219846 -0.242569 -0.640819 -0.263219 -0.198439 -0.218709 0
-0.665838 -0.069282 0.759010 0.388993 0.399431 1.607741 0.164720 0.170230 0.237967 0
0.073403 -0.032749 0.785316 0.655554 -0.370967 -0.599209 -0.000886 0.207859 0.326175 0
0.236958 -0.039508 -0.572205 -0.548008 -1.414376 1.706173 -0.547089 -0.429373 -0.369379 0
-0.351515 -0.076491 -0.675290 -0.593489 -0.394147 -0.487865 -0.146080 -0.315076 -0.340337 0
0.348191 -0.021786 0.988730 0.898394 0.016270 -0.626252 -0.036107 0.197032 0.299302 0
-0.427301 -0.061966 0.347192 0.044260 -0.412220 0.252919 0.120540 0.049974 0.069290 0
-0.573735 -0.076450 1.266236 1.146845 -0.127911 -0.615477 0.252623 0.285232 0.356400 1
-0.232003 -0.074800 -0.295493 -0.297334 -1.028299 -0.689930 -0.312410 -0.272982 -0.302069 0
-0.310377 -0.077096 -0.429867 -0.383727 -0.148441 -0.694142 -0.303590 -0.308160 -0.255493 0
-0.910218 -0.099974 0.785206 0.625710 -0.077077 -0.305515 -0.135573 -0.020622 0.033338 0
0.137602 -0.067523 0.111496 0.237995 -1.373102 -0.573533 -0.237437 -0.133676 -0.086420 0
-0.868766 -0.089474 1.728938 1.759768 0.311418 -0.584551 0.071958 0.359308 0.590677 0
-0.704536 -0.093715 -0.338021 -0.355427 0.448802 -0.355020 -0.132838 -0.153662 -0.247395 0
0.120871 -0.048791 -0.613421 -0.587135 -0.009267 0.656186 -0.373526 -0.307745 -0.310631 0
-0.217104 -0.070464 -0.112889 -0.172036 0.415209 -0.572847 0.032143 -0.038699 -0.145296 0
2.259414 0.082792 -0.881832 -0.669886 0.274591 1.737518 -0.200749 -0.354990 -0.381940 0
-0.973791 -0.109014 -0.414009 -0.389743 0.342056 -0.671256 -0.351331 -0.248530 -0.277948 0
3.083016 0.140615 -0.981461 -0.666313 0.660062 -0.285135 -0.239921 -0.388286 -0.388080 0
-0.368720 -0.082772 -0.125651 -0.103772 -1.613757 -0.681122 -0.623221 -0.382851 -0.266648 0
0.029281 -0.075431 -0.157421 -0.077936 -1.587844 1.196441 -0.668891 -0.432681 -0.282412 0
-0.124562 -0.054620 -0.688825 -0.619662 -0.283860 0.528975 0.089175 -0.172234 -0.280742 0
1.514196 0.030887 -0.258087 -0.168002 0.540776 -0.527585 -0.138469 -0.174538 -0.165321 0
-0.850586 -0.094409 0.345548 0.165190 0.165678 0.014558 0.035620 0.060897 0.075459 0
1.011100 0.031208 -0.242643 -0.238080 0.613191 -0.321163 -0.322948 -0.294469 -0.217232 1
-0.508932 -0.073637 0.846103 0.651744 0.231815 -0.359721 0.114234 0.239955 0.312202 0
-0.259653 -0.068932 -0.446618 -0.476115 0.541988 0.389213 -0.317810 -0.377129 -0.320612 0
-0.253190 -0.064254 -0.157444 -0.282359 -0.630113 -0.559985 -0.024579 -0.198545 -0.227373 0
0.237018 -0.029827 -0.310221 -0.359168 0.445403 -0.694589 -0.084213 -0.198909 -0.187054 0
-0.688694 -0.098884 -0.035041 -0.105509 0.029119 -0.592407 -0.228491 -0.213385 -0.247649 0
0.488083 -0.040491 -0.951387 -0.718377 0.522633 -0.448800 -0.300230 -0.457549 -0.463163 0
0.554679 -0.029993 -0.712935 -0.623718 -0.174702 -0.513746 -0.548984 -0.483026 -0.413908 0
0.050632 -0.071587 -0.936864 -0.701779 -1.086720 1.647885 -0.598782 -0.479887 -0.451630 0
-0.415336 -0.079907 -0.517090 -0.552863 -0.195679 0.510307 -0.261826 -0.331794 -0.340615 0
0.032734 -0.052009 -0.284561 -0.373284 -1.440371 0.182492 -0.128894 -0.211847 -0.238396 0
0.086451 -0.062154 -0.824887 -0.628710 -0.458424 -0.276094 -0.339849 -0.376263 -0.340966 0
-0.525475 -0.085885 0.165151 0.100618 -1.408177 -0.679971 -0.031097 0.013778 -0.016806 0
-0.897586 -0.099515 0.666663 0.532302 -0.376154 -0.592516 0.049855 0.083672 0.124183 0
-1.431031 -0.120360 -0.137219 -0.113264 0.191269 -0.184276 -0.066634 -0.124155 -0.167181 0
0.576743 -0.024866 -0.922774 -0.730910 -0.036500 -0.504261 0.064956 -0.399844 -0.415920 0
0.088728 -0.069175 -1.065795 -0.739405 0.588326 -0.540962 -0.351620 -0.432008 -0.441330 0
-0.858474 -0.093088 0.526195 0.332283 -0.817803 -0.474485 -0.186369 -0.013103 0.065331 0
-0.304849 -0.062084 -0.355508 -0.385936 0.238664 -0.107435 -0.129256 -0.283461 -0.269021 0
-0.593615 -0.087214 0.959078 0.844507 -1.439196 -0.273224 0.029677 0.185898 0.197895 0
-0.382100 -0.073124 -0.141051 -0.227149 0.250059 -0.681441 -0.287581 -0.163384 -0.127658 0
0.261557 -0.053300 -0.924948 -0.716147 -0.580887 0.572231 -0.559057 -0.492154 -0.440367 0
-0.782033 -0.098336 -0.077545 -0.194818 0.240080 0.983434 -0.394733 -0.343413 -0.321225 0
0.762819 -0.036706 -0.861865 -0.595769 0.034738 -0.693623 -0.426199 -0.419022 -0.374693 0
0.207717 -0.037496 -0.384365 -0.463563 -2.453252 -0.609243 -0.344290 -0.332569 -0.298343 0
-0.577725 -0.085879 -0.080718 -0.217821 0.650465 -0.105032 -0.331898 -0.335971 -0.241295 0
0.548921 -0.023236 -0.746033 -0.634283 -0.293897 0.765269 -0.356404 -0.342109 -0.339575 0
-0.054792 -0.037227 0.049497 -0.086516 -2.044920 -0.423871 -0.111167 -0.021219 0.024884 0
0.385350 -0.037746 -0.982685 -0.740403 0.136161 0.571818 -0.408142 -0.463627 -0.422832 0
-0.197888 -0.083097 -0.448958 -0.349412 -0.846863 2.237398 -0.587402 -0.369362 -0.267366 0
0.256194 -0.023246 0.075948 -0.088205 0.626530 -0.605721 -0.183765 -0.107553 -0.053017 0
-0.742011 -0.095345 0.799170 0.679963 -0.077395 0.712547 -0.200780 -0.058579 0.050681 0
-0.048352 -0.061542 0.154923 0.188342 -0.526064 4.284705 -0.007817 -0.038393 -0.042172 0
-0.363624 -0.073736 -0.244769 -0.313343 0.496556 -0.609208 -0.127279 -0.079340 -0.108638 0
-0.361211 -0.066691 0.267838 0.040178 -2.000875 -0.638371 -0.342707 -0.054957 0.021048 0
-0.345295 -0.060393 -0.163478 -0.282616 0.529772 0.836517 -0.136290 -0.196891 -0.110040 0
-0.925572 -0.105719 0.116820 0.089049 -0.353782 -0.692403 -0.338501 -0.266683 -0.223976 0
-0.109859 -0.071800 -0.455815 -0.418470 -1.170368 -0.451246 -0.458491 -0.362884 -0.315358 0
0.577909 -0.049323 -0.753818 -0.543391 -0.412272 -0.135774 -0.292967 -0.232876 -0.287081 0
0.044051 -0.033051 0.186222 -0.104384 -0.145592 -0.608925 -0.368374 -0.174065 -0.108003 0
0.056748 -0.057559 -0.409901 -0.419228 0.033042 -0.671682 -0.384588 -0.333802 -0.288457 0
-0.518016 -0.083110 -0.396871 -0.422447 -0.046611 -0.694758 -0.301385 -0.199666 -0.207559 0
0.014568 -0.053093 0.109792 -0.000726 1.089950 1.348353 -0.017505 -0.114589 -0.186585 0
-0.479500 -0.095913 -0.529385 -0.370862 -0.157887 -0.427740 -0.393460 -0.325075 -0.283929 0
-0.353022 -0.077325 0.080707 -0.037065 0.436200 0.021479 -0.208350 -0.148944 -0.103464 0
-0.200371 -0.076524 -0.515551 -0.459715 0.604618 0.197865 -0.306114 -0.308691 -0.279076 0
-0.157213 -0.058122 -0.457017 -0.542794 0.401615 -0.283736 -0.083601 -0.211165 -0.324941 0
-0.324089 -0.079805 0.822885 0.944760 -0.343476 0.224922 -0.124201 0.031204 0.061144 0
-0.732516 -0.091441 1.011497 0.918016 -0.085308 -0.600317 -0.069503 0.094097 0.158906 0
-0.323010 -0.063956 0.189567 -0.068946 -0.061701 1.260623 -0.296444 -0.129031 -0.051083 0
-1.052310 -0.109748 -0.262225 -0.197253 -0.187915 0.513265 -0.268980 -0.258763 -0.204493 0
-0.159046 -0.060306 -0.677447 -0.641154 -0.521375 -0.650754 -0.544677 -0.396281 -0.353995 0
-1.024204 -0.109165 0.037241 -0.071945 -1.491406 0.235276 -0.151941 -0.286637 -0.251858 0
-0.159765 -0.071929 -0.470431 -0.360410 0.631020 0.138192 -0.211122 -0.289498 -0.223970 0
-0.489729 -0.081622 -0.190955 -0.344692 -1.462023 1.479451 -0.445836 -0.365726 -0.326252 1
-1.128057 -0.111404 0.614799 0.566986 -0.214591 -0.572554 -0.248472 -0.129015 -0.083934 0
-0.522389 -0.084549 -0.184499 -0.263333 -0.132399 0.842451 -0.321677 -0.158822 -0.132674 0
-0.164438 -0.073151 -0.644567 -0.569179 0.370714 0.082961 -0.444749 -0.435949 -0.395299 0
0.028393 -0.055316 -0.573518 -0.542375 -0.907004 -0.359237 -0.487458 -0.347232 -0.286764 0
-0.494651 -0.092925 -0.731515 -0.585063 -0.543985 -0.580042 -0.434688 -0.408999 -0.347159 0
-0.361686 -0.083591 -0.214648 -0.153417 -0.218417 2.172416 -0.368145 -0.245483 -0.197051 0
0.365292 -0.046530 -0.546177 -0.365273 0.470249 0.065242 -0.299240 -0.308957 -0.237981 0
-0.289929 -0.075390 0.107639 0.088480 -1.200648 -0.673178 -0.261326 -0.129377 -0.120515 0
-0.423766 -0.091499 -0.589162 -0.497958 -0.189014 -0.445544 -0.521416 -0.409382 -0.358682 0
-0.415208 -0.072243 0.182046 0.076958 -1.752258 -0.439245 0.443665 0.200591 0.058235 0
0.458341 -0.014466 0.208279 0.122556 0.100352 -0.690144 -0.117997 0.041936 0.106357 0
-0.038992 -0.060700 0.693946 0.627570 -0.244241 2.368400 -0.155074 -0.034625 0.027233 0
0.099359 -0.037770 -0.464188 -0.541964 0.686159 2.351510 -0.264128 -0.364469 -0.357183 1
1.013109 -0.033701 -1.217942 -0.804726 -0.556141 0.820169 -0.580784 -0.559968 -0.518897 0
-0.739451 -0.108582 -1.378113 -0.858628 -0.022144 0.247610 -0.650198 -0.554516 -0.499011 0
1.073380 0.004424 -0.878700 -0.673176 1.034651 2.091854 -0.460042 -0.456790 -0.386887 0
-0.584128 -0.076743 1.045577 0.878398 0.127611 1.846476 0.129722 0.325807 0.405527 1
0.307740 -0.037358 -0.008747 0.057742 0.185979 -0.505049 -0.143548 -0.056663 0.002121 0
0.328448 -0.051248 -0.179426 -0.178196 0.182880 1.400116 -0.317647 -0.351992 -0.259082 0
-0.036651 -0.058163 -0.960748 -0.740478 -0.093734 -0.653085 -0.344081 -0.415160 -0.360191 0
-1.191332 -0.115816 0.344681 0.473168 0.040594 -0.608354 -0.250016 -0.108640 -0.078825 0
-0.345131 -0.088734 -0.965743 -0.691430 0.126794 -0.350168 -0.570397 -0.473993 -0.387798 0
-0.031767 -0.038939 0.121324 -0.115978 -0.269440 1.543081 -0.405821 -0.192250 -0.096175 0
-0.580892 -0.092071 0.163379 0.163832 0.061532 -0.688192 -0.186200 -0.111176 -0.086144 0
-0.769505 -0.094558 0.866448 0.702751 -0.225011 0.044339 -0.088501 0.087754 0.115769 0
-0.750180 -0.101215 0.909287 1.102841 -0.148869 0.146816 -0.105562 -0.015080 0.055644 0
-0.353755 -0.085161 0.122942 -0.004434 -0.871296 -0.589100 -0.367043 -0.222222 -0.162637 0
-0.448074 -0.083606 -0.432985 -0.464730 0.076751 -0.694881 -0.441629 -0.405357 -0.358629 0
-0.724698 -0.094751 0.559583 0.432366 -0.306385 1.576991 -0.251367 -0.195885 -0.130335 0
-0.234097 -0.087196 -0.240744 -0.151230 0.169996 2.871661 -0.410649 -0.331230 -0.253587 0
-0.567330 -0.093679 -0.291669 -0.356667 -1.402827 -0.694768 -0.179290 -0.332775 -0.347285 0
-0.747449 -0.098558 0.284440 0.137355 -0.890319 -0.695116 -0.431296 -0.259802 -0.197638 0
-0.583878 -0.091265 -0.127615 -0.160836 -0.516442 -0.216547 -0.361359 -0.189482 -0.155270 0
-0.146238 -0.079070 -0.936615 -0.704047 -0.561030 -0.672715 -0.748658 -0.554756 -0.479315 0
-0.219076 -0.063022 -0.058577 -0.210170 -0.643482 -0.683200 -0.350840 -0.258804 -0.225576 0
-0.354216 -0.054350 0.728353 0.532846 0.249681 0.486391 0.160764 0.351335 0.420652 0
-0.826838 -0.105807 -0.117988 -0.128444 -0.009771 -0.112238 -0.201495 -0.125856 -0.197003 0
-0.305598 -0.064022 -0.091802 -0.247435 -1.354229 -0.655727 -0.249200 -0.122447 -0.105713 1
-0.306679 -0.071280 -0.259439 -0.352978 -1.755752 3.216713 -0.239058 -0.187201 -0.213808 0
-0.476180 -0.083662 -0.141791 -0.188314 -0.887970 1.240000 -0.436799 -0.182848 -0.090070 0
-0.765900 -0.090406 -0.115973 -0.307255 -0.360121 -0.652544 0.061154 0.060572 -0.047963 0
0.319812 -0.043734 -0.748143 -0.620575 -1.867183 -0.407354 -0.490064 -0.428764 -0.399552 1
-0.487345 -0.075533 0.142325 -0.062754 0.284669 -0.082684 -0.133403 -0.100583 -0.045640 1
-0.102169 -0.062610 -0.513136 -0.515951 -0.222461 -0.488869 -0.602750 -0.495276 -0.419197 0
-0.254840 -0.080033 -0.606007 -0.505238 0.005216 -0.146205 -0.564030 -0.428995 -0.357815 0
-0.333409 -0.088064 -0.802952 -0.629455 -0.078296 -0.467327 -0.387852 -0.389237 -0.370677 0
0.479443 -0.040549 -0.379116 -0.392891 -0.065643 -0.170980 -0.496982 -0.420543 -0.378192 0
0.074324 -0.055234 -0.692060 -0.612307 0.038767 -0.089509 -0.427855 -0.311581 -0.302704 0
0.133897 -0.049876 -0.194327 -0.261235 0.449073 -0.685875 -0.398154 -0.328825 -0.267930 0
-0.409606 -0.080577 -0.305828 -0.321194 -1.414829 -0.568726 -0.231826 -0.119908 -0.158385 0
-0.174215 -0.072218 -0.582265 -0.553159 -0.039148 -0.180383 -0.320882 -0.296031 -0.287500 0
-0.052774 -0.048870 0.161079 -0.000512 0.173043 -0.683972 -0.117704 -0.063927 -0.062023 0
0.261884 -0.038982 0.295844 0.261022 -1.040305 -0.692337 -0.230964 -0.058443 0.035635 0
1.543749 0.049232 -0.538007 -0.542146 -1.194632 -0.330643 -0.445574 -0.366600 -0.357887 0
-0.637469 -0.098267 -0.674452 -0.532086 -0.363832 0.813418 -0.610060 -0.445082 -0.370113 0
-0.965827 -0.110071 -0.555953 -0.432504 -0.572578 0.224350 -0.680044 -0.445927 -0.370215 0
-0.109737 -0.077734 -0.979002 -0.647384 0.564922 0.299340 -0.406571 -0.428694 -0.364213 0
-0.169720 -0.078197 -0.915378 -0.721146 0.076090 -0.478350 -0.598833 -0.519643 -0.461323 0
0.248567 -0.021985 0.143284 -0.028835 -0.217328 -0.690352 -0.344424 -0.113105 0.003476 0
2.630423 0.096019 -1.103861 -0.790804 0.436982 -0.227707 -0.224512 -0.418325 -0.454174 0
3.232363 0.118619 -1.252705 -0.852408 -0.682415 -0.693276 -0.632305 -0.654674 -0.596743 0
-0.817888 -0.102473 -0.235540 -0.240406 -0.659827 -0.613088 -0.498682 -0.383972 -0.295612 0
-0.648167 -0.077326 0.214555 0.029963 -0.904000 -0.456766 0.371800 0.242840 0.166294 0
0.258344 -0.062875 -0.994882 -0.732469 -0.919753 1.386729 -0.514630 -0.524669 -0.476113 0
0.289479 -0.059624 -0.953937 -0.715300 0.016635 0.713740 -0.673089 -0.562234 -0.495151 0
0.511603 -0.044015 -0.984508 -0.737737 -0.073324 -0.059405 -0.707202 -0.561716 -0.475620 0
-1.003272 -0.107617 0.195442 0.264522 -0.272251 0.178583 -0.393008 -0.182142 -0.071595 0
-0.210695 -0.074195 -0.689266 -0.563053 -0.993906 -0.546961 -0.147377 -0.379469 -0.350189 0
0.486540 -0.029756 -0.196270 -0.238065 0.083641 -0.178517 -0.263727 -0.267839 -0.263692 0
0.146311 -0.063861 -0.882011 -0.696920 -0.195000 0.350933 -0.656539 -0.515031 -0.466300 0
-0.537388 -0.077386 0.482524 0.241311 0.792877 1.028544 -0.033491 0.097184 0.149530 0
-0.636577 -0.088362 -0.103563 -0.155068 0.115292 -0.069423 -0.188170 -0.198450 -0.181361 0
-0.162850 -0.067215 -0.795576 -0.668207 -0.345289 1.269469 -0.722623 -0.511717 -0.441467 0
-0.014930 -0.077487 -0.757259 -0.562249 0.044409 -0.593232 -0.605047 -0.508466 -0.402959 0
0.563840 -0.035896 -0.724986 -0.538910 -0.371623 -0.631464 -0.526528 -0.337891 -0.272694 0
-0.980688 -0.105952 -0.505817 -0.457013 -0.183040 1.068366 -0.597581 -0.393211 -0.291895 0
0.233009 -0.068535 -0.886090 -0.555207 0.000138 -0.435793 -0.605603 -0.480536 -0.381532 0
-0.571199 -0.085284 -0.430750 -0.459220 -1.260987 -0.176560 -0.403555 -0.289290 -0.251159 0
0.063365 -0.068780 -0.242828 -0.158638 -0.111162 -0.588504 -0.402707 -0.238112 -0.193467 0
-0.819709 -0.098176 0.437067 0.222671 0.135584 -0.521335 -0.388037 -0.204792 -0.123152 0
-0.338982 -0.072414 -0.315633 -0.423358 -0.568817 -0.607561 -0.579350 -0.362566 -0.278862 0
-0.947263 -0.108878 -0.710247 -0.536135 -0.121942 -0.544501 -0.412265 -0.335735 -0.338954 0
-0.552934 -0.078512 -0.270314 -0.394993 0.237341 -0.651419 -0.255378 -0.270944 -0.261673 0
0.027851 -0.033825 0.060244 -0.150212 0.183066 -0.694302 -0.117345 -0.023548 -0.107259 0
-0.238293 -0.082889 -1.044306 -0.771543 -1.558845 -0.687566 -0.554870 -0.531680 -0.500639 0
-0.847108 -0.109430 -0.997194 -0.696287 -0.377678 0.086942 -0.587809 -0.502306 -0.474421 0
0.177111 -0.067710 0.088124 0.123739 -0.716985 -0.113166 -0.461853 -0.266828 -0.206692 0
-0.128510 -0.078624 -0.963440 -0.714130 0.039669 0.671481 -0.478087 -0.522896 -0.463025 0
0.168190 -0.059608 -0.306043 -0.190249 -2.338695 -0.694513 -0.571675 -0.410902 -0.290625 0
0.121646 -0.041548 -0.360674 -0.383916 -0.355682 -0.555181 -0.292969 -0.259747 -0.220910 0
0.171856 -0.052410 -0.627523 -0.487827 0.093407 -0.288569 -0.776875 -0.527879 -0.333966 0
0.248981 -0.060917 -1.007992 -0.758595 0.319422 0.592664 -0.498799 -0.504339 -0.454745 0
-0.268477 -0.094046 -1.100969 -0.727952 0.069710 -0.690786 -0.559049 -0.493121 -0.421725 0
0.328847 -0.047584 -0.956017 -0.751557 -0.466522 -0.686402 -0.507847 -0.480068 -0.436510 0
-1.019251 -0.112999 0.004753 0.106227 -0.181497 0.133252 -0.530270 -0.321170 -0.206426 0
-0.189937 -0.064227 -0.074920 -0.199676 0.406718 -0.522019 -0.242224 -0.131336 -0.100198 0
0.326181 -0.061015 -0.461688 -0.329859 -0.231602 -0.629684 -0.439978 -0.294434 -0.242460 0
-0.065920 -0.054221 0.015208 -0.064739 -0.070654 -0.690196 -0.295059 -0.131395 -0.065010 0
-0.211759 -0.066412 -0.092248 -0.157785 -0.001086 0.313801 -0.588182 -0.272297 -0.095513 0
0.396092 -0.043628 -0.820720 -0.673343 0.220261 -0.694281 -0.449252 -0.461722 -0.439952 0
-0.295719 -0.083703 -0.949184 -0.728935 -0.030123 -0.694787 -0.355955 -0.481472 -0.486154 0
-0.346841 -0.071166 0.381381 0.284056 -0.289497 -0.693600 -0.192893 -0.039846 0.068218 0
-0.256761 -0.060210 -0.144128 -0.318898 -0.427830 -0.591360 -0.362578 -0.089837 -0.059953 0
-0.021316 -0.080501 -0.548666 -0.349712 0.522388 -0.525896 -0.534469 -0.398900 -0.327426 0
0.221871 -0.045008 -0.776521 -0.672919 0.720457 -0.291205 -0.316030 -0.452850 -0.417891 0
2.953271 0.154150 -1.208614 -0.849108 -0.228501 -0.651083 -0.578001 -0.495376 -0.447306 0
0.144927 -0.059020 -0.735631 -0.605096 -0.313152 -0.439453 -0.612472 -0.452350 -0.384989 0
-1.048907 -0.110283 -0.462970 -0.386508 -1.099219 0.302900 -0.739366 -0.528405 -0.365828 0
0.075795 -0.035386 -0.430032 -0.501820 -1.455935 1.991167 -0.498710 -0.425108 -0.331810 0
-0.502480 -0.092372 -0.098545 -0.116203 -0.294362 0.738108 -0.181120 -0.184030 -0.184619 0
-1.242124 -0.110985 -0.075618 -0.224093 -0.516190 -0.692887 -0.526851 -0.289026 -0.184990 0
0.241989 -0.019101 -0.540713 -0.581318 1.967305 0.299382 0.170030 -0.229861 -0.278632 0
-0.591419 -0.095669 -0.500598 -0.453136 -0.411322 -0.521077 -0.491469 -0.342850 -0.289743 0
-0.694188 -0.092915 -0.348733 -0.430530 -0.156949 0.395156 -0.514688 -0.431553 -0.388219 0
-0.469335 -0.087548 0.780315 0.750501 -0.242261 0.621038 -0.343269 -0.110486 0.057398 0
-0.101483 -0.063537 0.134217 0.152630 -0.255765 -0.265956 -0.306115 -0.064303 0.042957 0
0.151515 -0.059616 0.346023 0.412394 -0.205867 0.943730 -0.321033 -0.140978 -0.031768 0
0.236654 -0.043177 -0.508015 -0.531323 -1.133719 -0.625565 -0.485724 -0.324320 -0.290511 0
-0.634824 -0.086901 0.011881 -0.150346 -0.717662 -0.692833 -0.424979 -0.227142 -0.178179 0
-0.184553 -0.064264 -0.038720 -0.074888 -0.100283 -0.189567 -0.281145 -0.112258 -0.017468 0
5.830304 0.311999 -1.455789 -0.862772 -0.997209 -0.328339 -0.712225 -0.664469 -0.534983 0
-0.554146 -0.087902 -0.073642 -0.144445 0.669462 -0.685507 -0.500641 -0.370023 -0.239955 0
0.039937 -0.076646 -1.010915 -0.749361 -0.526814 -0.656100 -0.703361 -0.575603 -0.517509 0
-0.525069 -0.076898 1.907362 2.060803 -0.262509 2.492158 -0.129918 0.257275 0.509507 0
-0.904948 -0.104026 0.180480 0.121629 -0.978198 -0.669697 -0.456438 -0.302984 -0.180274 0
-0.266706 -0.073695 -0.423826 -0.417176 0.427445 1.098088 -0.409632 -0.395830 -0.317994 0
-0.358394 -0.078910 -0.196992 -0.248977 -0.225981 -0.691074 -0.402662 -0.313920 -0.226194 0
1.171314 -0.033309 -1.147557 -0.710650 -0.564840 2.289938 -0.560309 -0.497955 -0.472852 0
-0.240759 -0.085296 -0.299123 -0.187866 -1.103291 0.394685 -0.564232 -0.336996 -0.218369 0
-0.546671 -0.079128 -0.325165 -0.433615 0.595567 -0.550013 0.177521 -0.173150 -0.286102 0
-0.850376 -0.090587 0.060508 -0.255008 -1.083659 -0.370538 -0.194481 -0.091848 -0.126620 0
0.119874 -0.047488 -0.210855 -0.296405 -0.355144 -0.325556 -0.492655 -0.341378 -0.258002 0
-0.363558 -0.076638 0.210658 0.087972 -0.495078 -0.355868 -0.332346 -0.213215 -0.129763 0
-0.606273 -0.097209 0.233594 0.322303 -0.039256 -0.275590 -0.318637 -0.147539 -0.062284 0
0.521675 -0.062040 -0.306677 -0.161271 -0.762994 -0.000510 -0.776905 -0.448753 -0.312417 0
0.140331 -0.066338 -0.930853 -0.722127 -0.197796 -0.643379 -0.764778 -0.574444 -0.476672 0
-0.726450 -0.093324 -0.150705 -0.230786 -0.225364 -0.670331 -0.551124 -0.337307 -0.231731 0
-0.501251 -0.091463 -0.481583 -0.489562 -0.859934 -0.692463 -0.420592 -0.393362 -0.414292 0
-0.576409 -0.092201 0.624940 0.658082 -0.293259 -0.545964 -0.395813 -0.133250 0.002561 0
0.280456 -0.052521 -0.560435 -0.457009 -0.531881 -0.559181 -0.595806 -0.442570 -0.327739 0
-0.833267 -0.098566 0.539762 0.501447 -0.304111 0.362969 -0.301852 -0.099986 0.019748 0
0.122114 -0.062658 -0.670038 -0.498106 -0.424606 0.001576 -0.627490 -0.456759 -0.378136 0
-0.224404 -0.085787 -0.810387 -0.578224 0.172753 -0.174479 -0.614934 -0.500642 -0.426753 0
-0.202492 -0.090074 -1.157501 -0.804073 -1.039691 -0.693568 -0.743835 -0.612765 -0.531382 0
0.352917 -0.052897 -0.742740 -0.599309 -0.592196 -0.626192 -0.437549 -0.496687 -0.457277 0
-0.385577 -0.076140 0.190384 0.066192 -0.520707 -0.412412 -0.337472 -0.194376 -0.138270 0
0.113311 -0.047546 -0.295282 -0.344621 -0.058858 -0.557620 -0.437990 -0.310087 -0.223165 1
-0.243053 -0.089485 -0.930693 -0.664665 -1.070256 -0.666686 -0.584980 -0.464099 -0.433360 0
1.864951 0.092992 -0.600163 -0.467448 -0.112060 -0.688116 -0.109757 -0.259000 -0.202637 1
-0.504366 -0.083733 0.614044 0.589664 -0.304753 -0.652800 -0.245334 0.004061 0.157373 0
-0.909233 -0.107576 -0.221670 -0.167047 -0.400055 -0.361411 -0.645320 -0.382432 -0.292479 0
0.280051 -0.066585 -0.746311 -0.528044 -1.029479 -0.530607 -0.612659 -0.465813 -0.387601 0
-0.714939 -0.095456 0.283524 0.188974 -0.471195 -0.693053 -0.305175 -0.067578 0.010486 0
-0.536248 -0.087976 -0.362945 -0.368251 -0.592549 1.440476 -0.504773 -0.267467 -0.173477 0
-0.835137 -0.105841 -0.700550 -0.548262 -1.043560 -0.223084 -0.560331 -0.448470 -0.361977 1
-1.055438 -0.113065 -0.009858 0.151166 0.068904 -0.635151 -0.429463 -0.295638 -0.171673 0
0.167816 -0.056351 -0.774980 -0.553633 -0.843072 -0.354668 -0.669753 -0.458486 -0.309871 0
-0.823644 -0.098845 0.585475 0.402908 -0.466791 -0.598049 -0.274606 -0.158063 -0.138729 0
-0.478289 -0.078531 -0.205722 -0.363865 -0.019883 -0.108247 -0.437997 -0.324755 -0.270245 1
-0.966212 -0.105442 0.787189 0.805395 -0.352781 -0.436299 -0.304079 -0.057886 0.025896 0
2.679523 0.059366 -1.143407 -0.715050 -0.295034 -0.611996 -0.692140 -0.500364 -0.428283 0
-1.241850 -0.114622 0.044389 -0.033743 -0.029391 0.753353 -0.470188 -0.295292 -0.237468 0
0.428589 -0.042010 -0.805741 -0.645678 -0.642936 -0.598183 -0.465678 -0.409725 -0.354648 0
-0.214858 -0.082997 -0.230994 -0.088898 -0.459651 -0.677474 -0.503800 -0.326226 -0.248546 0
-0.321634 -0.094662 -0.826471 -0.576773 -1.083649 -0.673624 -1.018228 -0.680826 -0.495435 0
0.329938 -0.054639 -0.755156 -0.608534 -1.200463 -0.196633 -0.757848 -0.492490 -0.381136 1
-0.619720 -0.090387 0.067958 0.010011 -0.430018 -0.671127 -0.424990 -0.253465 -0.132201 0
-0.155279 -0.072088 -0.509361 -0.468599 -0.516841 -0.549783 -0.337857 -0.351673 -0.348855 0
-0.141284 -0.064381 -0.597199 -0.548237 -0.593800 0.423545 -0.739556 -0.474810 -0.316062 0
-0.110726 -0.073833 -0.846756 -0.698438 -1.513200 -0.659437 -0.596143 -0.563422 -0.484074 0
-0.411639 -0.091095 -0.328572 -0.222782 -0.393683 1.364881 -0.585429 -0.409516 -0.309413 0
0.239832 -0.041521 -0.587664 -0.554554 0.228643 1.500181 -0.307587 -0.360630 -0.378020 1
0.136169 -0.056324 -0.797921 -0.636310 -1.074641 -0.246514 -0.486405 -0.494816 -0.404196 0
-1.080701 -0.113945 0.246140 0.380823 -1.491582 -0.692072 -0.417296 -0.260701 -0.159640 0
0.522749 -0.020305 0.189896 0.159289 -0.913919 -0.676754 -0.356248 -0.090884 0.013105 0
0.069691 -0.063016 -0.248276 -0.310658 -0.572192 -0.633491 -0.753815 -0.474875 -0.352901 0
0.150501 -0.076768 0.135584 0.391685 -0.114884 0.378358 -0.539999 -0.287506 -0.146400 0
-0.324966 -0.083655 0.058286 0.196932 -0.970992 -0.679726 -0.357731 -0.210990 -0.111738 0
-0.857518 -0.100697 0.824137 0.562480 -0.295685 -0.443028 -0.307948 -0.061059 0.051289 0
-0.219469 -0.075791 -0.331468 -0.330806 -0.410724 -0.655516 -0.525548 -0.349332 -0.234184 0
-0.694279 -0.095474 0.023814 -0.002198 -0.301382 1.212897 -0.528662 -0.363406 -0.315141 0
0.024711 -0.080269 -1.224535 -0.813693 -0.362314 -0.623087 -0.711329 -0.567802 -0.491280 0
4.028263 0.258185 -1.232520 -0.818110 -0.103360 0.605734 -0.410355 -0.564547 -0.509427 0
-0.344578 -0.082507 -0.544176 -0.490498 -1.305840 0.969479 -0.608831 -0.521171 -0.349607 0
-1.054616 -0.114454 -0.683594 -0.503818 -0.223714 -0.669468 -0.550637 -0.419003 -0.368576 0
-0.364277 -0.087432 -0.555713 -0.429149 -1.094447 0.672500 -0.593088 -0.422233 -0.327129 0
-0.534539 -0.095291 -0.495911 -0.365035 -0.346937 -0.694836 -0.713125 -0.472630 -0.334960 0
