5.698501 22.019751 5.818494 6.378732 6.843818 2.036672 11.869243 11.957469 11.368785 0
0.271580 0.173396 1.030588 0.567683 3.644755 -0.553168 2.126357 1.005782 0.486857 0
0.310506 0.426112 4.628956 4.925740 2.289470 0.191281 2.990500 3.009062 2.996339 1
0.686696 0.236927 0.047149 -0.235796 2.917198 -0.254141 1.591097 0.749114 0.194585 0
0.012707 -0.054322 -0.464568 -0.514265 2.700383 0.139135 0.946243 0.077697 -0.191893 0
-0.256029 -0.035595 1.192697 0.711970 2.102070 -0.515560 1.665209 1.164688 0.828374 0
-0.177286 -0.059369 1.968948 1.836935 1.797470 -0.553847 1.192124 0.850206 0.634372 0
2.306099 0.972519 1.672403 1.268491 1.877061 2.173853 1.385677 1.068198 0.684949 1
-0.028129 0.018605 0.032851 -0.342350 2.637512 -0.471829 1.352452 0.364970 -0.021319 0
-0.517247 -0.112723 3.211057 3.568337 1.876610 -0.024839 1.643872 1.466632 1.390478 0
0.918392 0.215204 0.385603 0.326094 1.990158 -0.455297 1.034417 0.441764 0.286406 0
2.645456 0.988628 -0.226400 -0.266310 2.257996 -0.143390 0.949397 0.442654 0.124447 0
0.598502 0.250973 1.978594 1.814844 1.711639 0.214206 1.760258 1.042579 0.906926 0
0.448310 0.110770 0.289190 -0.014197 2.693765 -0.523084 0.895889 0.443785 0.249620 0
-0.700879 -0.206371 0.243768 -0.072625 1.896378 0.031669 0.792118 0.246466 -0.095910 0
-0.442234 -0.152179 0.413207 0.143431 -0.342510 -0.180175 0.594369 0.395779 0.219056 0
-0.005381 -0.026041 0.603108 0.341011 1.734245 -0.307254 0.604833 0.245940 0.107418 0
-1.019124 -0.251350 1.364116 1.165350 -1.611222 -0.480447 0.328483 0.199254 0.077548 0
2.171299 0.709661 0.190052 0.017716 0.778330 0.290373 0.794213 0.381165 0.078211 0
-0.647158 -0.170556 1.400258 1.191098 1.692402 -0.528854 0.992479 0.699867 0.524640 0
1.071638 0.232633 -0.168186 -0.266728 1.866683 -0.280811 0.650946 0.284349 0.091991 0
0.184558 -0.038498 0.337396 0.162242 1.194242 -0.553859 0.350518 0.206073 0.116070 0
0.041447 -0.032114 0.409175 0.235785 1.468001 -0.330142 0.590045 0.327262 0.134056 0
1.973160 0.227908 -0.972225 -0.624082 -1.998525 -0.223576 -0.129835 -0.319713 -0.371486 0
0.192464 0.074241 1.300258 0.951134 1.487860 -0.525248 1.043560 0.889931 0.786976 0
-1.091555 -0.270097 0.642131 0.882113 -1.646247 -0.145250 -0.106942 0.004109 0.067562 0
0.039285 -0.057402 0.135693 -0.151983 1.736900 -0.526809 0.240077 -0.053168 -0.142985 0
-0.228960 -0.096570 0.721427 0.400658 0.930333 -0.444100 0.365759 0.336570 0.258852 0
2.703197 0.606571 -0.474811 -0.448423 1.587192 1.387157 0.507302 0.053345 -0.163707 0
-0.623538 -0.134274 1.911634 1.410619 0.537219 0.377009 0.674832 0.745291 0.722890 0
1.152853 0.430641 -0.178308 -0.375414 1.495540 -0.495696 0.643983 0.188080 -0.008537 0
4.566833 1.683080 -0.045514 -0.106408 1.223519 -0.548165 0.432662 0.189743 0.060063 0
-0.424460 -0.115187 0.572882 0.109514 0.362335 -0.392925 0.197303 0.244152 0.133400 1
-0.188839 -0.047503 1.608881 1.301085 0.150138 -0.507804 0.776298 0.699948 0.631522 0
-0.668522 -0.203908 -0.029828 -0.216790 0.906134 -0.470714 0.406921 0.132905 -0.028281 0
-0.879216 -0.241730 -0.292282 -0.281371 1.072006 -0.241599 0.215346 0.054391 -0.079822 0
1.385194 0.307885 -0.384346 -0.406618 1.667262 -0.195401 0.698361 0.164523 -0.076532 0
-0.748600 -0.218546 0.458763 0.325995 1.232070 -0.314877 0.397640 0.218875 0.116914 0
-0.765824 -0.192176 0.812885 0.380820 1.285564 -0.164195 0.180922 0.090874 0.059593 0
0.574189 0.012496 -0.272935 -0.282893 1.088885 0.042032 0.394754 0.112823 -0.043185 0
1.475577 0.218518 -0.905632 -0.676206 0.486590 -0.436879 0.295725 -0.148206 -0.249483 0
0.862939 0.226781 -0.295507 -0.408588 0.920135 0.764282 0.710007 0.099962 -0.031896 0
0.438974 0.046356 0.107234 -0.029357 1.698315 0.092143 0.655498 0.271080 0.087206 0
-0.149798 -0.133403 0.334582 0.219396 0.331179 0.479402 0.159562 0.064765 0.039929 0
0.522479 0.042657 -0.180317 -0.269158 0.647539 0.019213 0.351157 0.139320 -0.000083 0
0.490245 0.011605 -0.387886 -0.434249 1.209277 -0.551277 0.451257 0.031292 -0.155525 0
-0.369144 -0.166414 0.210259 0.063123 1.230234 -0.544651 0.270547 0.120092 0.027620 0
0.315667 0.003815 0.363946 0.116960 1.032843 -0.553454 0.517742 0.231924 0.027352 0
1.095638 0.087863 -0.561684 -0.405387 0.868957 0.509577 0.217935 -0.017595 -0.191205 0
0.295985 -0.047596 -0.209627 -0.256852 -0.157110 -0.509733 0.080807 -0.031150 -0.094626 0
-0.353788 -0.117001 0.299391 -0.066260 1.441596 0.136034 0.206904 -0.063128 -0.126726 1
-1.071279 -0.245508 2.025899 1.896617 0.718389 -0.553653 0.598495 0.498599 0.446640 1
-0.691380 -0.183959 0.703433 0.450792 1.033095 0.646022 0.341986 0.195590 0.195251 0
0.408539 -0.012287 0.133248 -0.065597 1.332236 -0.538526 0.328947 0.097217 -0.040846 0
-0.455809 -0.175442 0.822985 0.628782 -0.675733 -0.334311 0.227233 0.130898 0.119133 0
-0.190070 -0.129946 0.005232 -0.113470 0.159046 -0.497134 0.197983 -0.011920 -0.117301 0
-0.236019 -0.110741 1.245370 1.187108 0.830829 1.451227 0.313886 0.396386 0.432826 0
-0.580122 -0.187432 -0.168119 -0.284465 0.941594 -0.284505 0.242761 0.000034 -0.105175 0
-0.908496 -0.233694 0.686538 0.605184 -0.011756 5.065099 0.392733 0.277223 0.151499 1
-0.300115 -0.154573 -0.207668 -0.223896 0.201980 -0.543071 -0.175029 -0.242791 -0.291842 0
-0.850963 -0.212930 2.388166 2.488582 1.148232 -0.320803 0.628284 0.545617 0.542889 0
-0.490860 -0.175013 0.545919 0.311429 0.819844 2.093602 0.208642 0.128629 0.033256 0
-0.136163 -0.114142 -0.306440 -0.352948 0.507865 -0.079205 0.011282 -0.144717 -0.159191 0
-0.422342 -0.134307 1.104758 0.816682 0.423573 -0.553271 0.242985 0.190306 0.218873 0
3.617992 0.851946 -0.788538 -0.598515 0.630711 2.101703 0.188611 -0.184483 -0.303672 0
-0.253177 -0.135704 0.856299 0.846572 0.545506 -0.267171 0.174701 0.252995 0.244246 0
0.737838 0.161753 0.474361 0.151742 1.182313 -0.524006 0.441039 0.237465 0.042671 0
3.664913 0.868910 -0.873402 -0.616203 0.346175 0.421097 -0.016867 -0.274745 -0.361040 0
-0.827219 -0.220287 0.910149 0.640229 1.033724 -0.327589 0.247979 0.264715 0.217236 0
-0.488781 -0.181991 0.012750 -0.127096 0.602866 -0.313926 0.130905 0.137960 0.028137 0
-0.380160 -0.175210 -0.242250 -0.221911 0.475831 0.274340 0.012272 -0.039016 -0.108189 0
-0.218197 -0.132843 0.307598 0.136794 -0.002059 0.705288 0.221856 0.028628 -0.098264 0
0.599302 0.007944 -0.551682 -0.490365 0.817070 -0.538575 0.098844 -0.077536 -0.157694 0
-0.320765 -0.176910 -0.211951 -0.183993 0.569604 -0.351664 -0.003597 -0.080895 -0.136828 0
0.474260 -0.072719 -1.003070 -0.739300 0.784432 1.137966 -0.128019 -0.370072 -0.420374 0
-0.527213 -0.158355 -0.041390 -0.256089 -1.185456 -0.180799 -0.395624 -0.242747 -0.098062 0
0.084008 -0.054057 0.082836 -0.167367 0.446548 -0.374194 -0.099834 -0.086702 -0.146370 0
-0.056052 -0.080398 0.510646 0.328795 0.419210 -0.288470 0.097553 0.100583 0.101022 0
0.041852 0.039023 2.196749 2.130192 0.438098 -0.044525 1.036115 0.986503 1.037179 0
-0.698494 -0.220087 0.128424 0.072067 0.338866 -0.530658 0.232341 0.159708 0.055178 0
-0.729288 -0.194551 0.637878 0.323936 0.470635 -0.049911 0.468196 0.372252 0.250589 0
-0.829049 -0.229852 0.309370 0.098046 0.319997 -0.540613 0.143654 0.117131 -0.010409 0
0.178623 -0.037927 0.356293 0.173224 -0.433930 1.191049 0.145394 0.007380 -0.026629 0
-0.398432 -0.192302 -0.412875 -0.334833 -2.380612 1.692756 -0.290612 -0.274363 -0.252139 0
-0.784150 -0.211557 1.037747 0.879881 0.475616 0.324512 0.156986 0.149413 0.145883 0
-0.000584 -0.110553 -0.785256 -0.643039 -1.763056 -0.422948 -0.683198 -0.480889 -0.370387 0
2.621763 0.683165 -0.493013 -0.454198 1.120337 -0.322418 0.385813 -0.047297 -0.173403 0
-1.040120 -0.270685 -0.652514 -0.154045 -1.707368 -0.544020 -0.609299 -0.350247 -0.208249 0
-0.519278 -0.189984 -0.284543 -0.294726 0.560182 -0.535139 0.158631 0.005994 -0.061913 0
-0.692304 -0.210766 0.342366 0.222375 0.103215 -0.039163 0.276406 0.241996 0.147967 0
-0.043841 -0.130549 -0.378002 -0.300956 0.618085 -0.474614 -0.071416 -0.143448 -0.155013 0
-0.166643 -0.119528 0.106061 -0.117747 -0.908307 -0.539443 -0.115980 -0.173608 -0.158972 0
2.541862 0.585305 -1.093200 -0.779586 -0.911528 -0.420122 0.135993 -0.293686 -0.357864 0
-0.386919 -0.169460 -0.204340 -0.226472 -0.165696 1.605471 -0.069506 -0.045530 -0.047577 0
0.095801 -0.070982 -0.500376 -0.449514 0.784572 -0.537633 -0.075020 -0.194637 -0.192527 0
-0.387714 -0.140586 1.002135 0.757744 0.510011 -0.551653 0.373767 0.374335 0.307957 0
-0.360015 -0.152754 -0.078745 -0.200884 0.427634 0.247374 -0.143954 -0.133017 -0.128197 0
-0.620173 -0.162883 0.322866 -0.039368 -0.485505 -0.473370 0.272263 0.249418 0.150174 0
-0.483278 -0.165085 0.022739 -0.233124 0.567146 0.759220 -0.009132 -0.042993 -0.107029 0
0.460080 0.014569 0.250335 0.102336 0.876873 0.121236 0.262477 0.132242 0.108628 0
0.590867 0.100991 0.490179 0.224074 0.373384 2.340662 0.215927 0.141961 0.122058 0
-0.247365 -0.144267 -0.275985 -0.311765 1.712631 -0.384648 0.012312 -0.020218 -0.065555 0
0.387386 0.097516 0.725965 0.453505 1.027855 0.138817 0.480940 0.411688 0.368806 0
-1.048618 -0.264641 -0.123381 -0.028260 0.766314 -0.438482 -0.037500 -0.124279 -0.154629 0
-0.572084 -0.192609 -0.155534 -0.210885 0.857091 -0.300108 0.091977 -0.088892 -0.114696 0
-0.078665 -0.123977 -0.544236 -0.491796 1.008491 -0.060609 -0.048687 -0.233123 -0.248012 0
-0.523549 -0.205137 0.659418 0.635569 0.489322 -0.526962 0.175664 0.117271 0.086898 0
3.578896 0.761392 -1.117296 -0.738976 0.462367 -0.332814 -0.206772 -0.393758 -0.390992 0
-0.494946 -0.187280 0.082773 0.032112 -0.482918 2.751571 0.091399 -0.052035 -0.055274 0
-0.027055 -0.108978 0.053473 -0.081163 -0.289993 -0.137344 -0.025436 -0.070535 -0.095332 0
2.665969 0.575067 -0.413711 -0.341747 0.725015 -0.471114 0.280668 -0.030056 -0.149019 0
-0.176311 -0.133728 0.130691 0.100752 0.548365 -0.517034 -0.008412 -0.009058 0.002966 0
-0.369137 -0.191179 -0.851980 -0.625572 -1.301402 -0.111263 -0.724075 -0.458813 -0.379292 0
2.046202 0.397958 -0.414471 -0.366828 -0.892509 -0.258471 0.307659 0.050841 -0.068727 0
-0.541366 -0.137265 2.695771 2.855950 0.340670 -0.361399 0.780226 0.797622 0.857811 1
-0.565452 -0.169039 1.229731 1.117961 0.090060 -0.331514 0.260977 0.347260 0.360460 0
-0.488717 -0.182366 0.320924 0.107811 0.377568 -0.537652 -0.088974 -0.016526 -0.074631 0
-0.409656 -0.186718 -0.103620 -0.158317 0.298557 -0.012267 0.292871 0.044280 -0.079137 0
-0.499473 -0.165691 1.040457 0.968153 0.201197 -0.477144 0.158190 0.197597 0.223627 1
-0.091626 -0.102539 0.113230 -0.131595 0.519147 0.081427 -0.100770 -0.206059 -0.151613 0
-0.024102 -0.071138 1.368903 1.275560 -0.168144 -0.227836 0.030570 0.265062 0.316420 0
1.341696 0.098534 -0.916311 -0.655949 0.984350 -0.441992 -0.052847 -0.329329 -0.374948 0
-0.354107 -0.153362 0.744004 0.575126 0.408378 -0.440675 0.363714 0.352044 0.272295 1
-0.485420 -0.187166 -0.464556 -0.347469 0.714701 -0.427446 -0.098216 -0.182593 -0.164864 0
-0.325681 -0.131632 0.719571 0.564088 0.022185 -0.523138 0.321756 0.342564 0.343541 0
-0.334881 -0.130922 0.341484 0.034085 0.783698 -0.539341 0.161804 0.010832 -0.062027 0
0.313518 -0.079175 -0.354550 -0.328156 -0.250044 -0.216711 -0.217901 -0.270132 -0.255134 0
0.067109 -0.075235 0.083521 -0.113514 0.097983 -0.553460 0.106250 0.079319 -0.032351 0
-0.091304 -0.009662 1.177701 0.818779 0.581469 -0.332233 0.409600 0.539985 0.528051 0
0.489192 0.032680 0.215424 0.146691 0.338066 -0.446689 0.166643 0.143981 0.117586 0
-0.221322 -0.146042 -0.183093 -0.249047 -0.004331 0.875636 -0.076466 -0.133181 -0.142613 0
-0.333835 -0.114599 0.188754 -0.200672 0.220906 0.418791 -0.054883 -0.134622 -0.202655 0
-0.584680 -0.141600 1.374935 1.027996 0.873136 0.157095 0.637971 0.501518 0.473079 0
-1.094066 -0.249143 1.766892 1.822179 -0.082257 -0.329690 0.200942 0.405882 0.509444 0
-0.558236 -0.197081 0.106839 0.077966 0.336196 0.642971 0.020524 0.090917 0.050989 0
-0.635301 -0.223061 -0.654328 -0.467648 -0.359113 0.966021 -0.392429 -0.275930 -0.255293 0
-0.690298 -0.196502 0.112699 -0.172580 -0.327180 -0.406900 -0.131212 -0.178395 -0.139418 0
-0.007536 -0.108917 -0.579287 -0.531333 -0.959972 -0.263206 -0.282903 -0.283868 -0.314985 0
0.125171 0.028291 1.720839 1.254386 0.058574 1.451625 0.495009 0.431445 0.426780 0
4.650667 0.991339 -0.915141 -0.544544 0.191475 -0.543542 -0.242662 -0.378893 -0.373963 0
-0.922967 -0.260627 -0.937025 -0.588451 0.409785 1.937693 -0.115097 -0.290493 -0.333177 0
-0.297328 -0.164776 -0.584106 -0.522474 0.043491 0.129454 -0.031394 -0.178162 -0.245562 0
-0.468220 -0.170599 0.074136 -0.147751 0.171007 -0.553666 -0.185216 -0.127619 -0.162031 0
-0.123945 -0.148027 -0.670203 -0.539703 0.236279 -0.184401 -0.370544 -0.278239 -0.259417 0
-0.262253 -0.102980 -0.049262 -0.282211 1.623123 -0.491631 0.397390 -0.004952 -0.110023 0
0.079537 -0.125820 -0.782659 -0.563351 -2.322212 -0.409231 -0.467290 -0.429252 -0.333809 0
-0.772908 -0.210425 0.608479 0.401605 -1.118562 0.430950 0.199734 0.204091 0.198685 0
-0.198062 -0.084429 0.155631 -0.199300 -0.047606 -0.319815 0.228444 0.181228 -0.005740 0
-0.572378 -0.207513 -0.405227 -0.295232 -0.409811 -0.450625 -0.234566 -0.265077 -0.246963 0
-0.221303 -0.095476 -0.070342 -0.361312 -1.335963 -0.462167 -0.383842 -0.288686 -0.273140 0
0.298477 -0.052641 -0.646023 -0.516499 0.114931 -0.535276 -0.267274 -0.248263 -0.232686 0
-0.404859 -0.144496 -0.368049 -0.437765 0.234054 -0.420720 -0.120614 -0.141310 -0.208481 0
-0.135047 -0.137461 -0.517387 -0.498702 0.335088 0.266337 -0.429870 -0.265685 -0.216692 0
-0.727182 -0.201136 -0.137053 -0.204364 -0.622482 -0.423099 -0.026713 -0.033828 0.009349 0
-0.216665 -0.166425 -0.695421 -0.561319 -0.065267 0.972537 -0.427841 -0.403140 -0.357132 0
-0.762998 -0.212351 0.860890 0.785638 0.336382 -0.444411 0.074294 0.094326 0.200652 0
-0.475194 -0.206899 -0.657806 -0.539205 0.171743 -0.352440 -0.154841 -0.276484 -0.314483 0
-0.555696 -0.212131 -0.233471 -0.202056 0.710630 0.343191 -0.151580 -0.207879 -0.188998 0
-0.124140 -0.110022 -0.160929 -0.252938 -0.276272 0.064782 -0.233679 -0.168689 -0.123291 1
-0.354819 -0.159713 0.203247 0.190584 0.425866 -0.552267 0.065829 0.090758 0.096460 0
-0.017823 -0.074737 0.957812 0.823004 -0.502959 -0.321475 -0.060577 0.113323 0.193432 0
-1.049607 -0.253217 0.292852 0.175921 0.234566 0.775199 -0.057011 -0.122358 -0.097729 0
-0.402286 -0.052321 1.390131 0.761865 0.340140 0.301712 0.264877 0.377547 0.408945 0
0.126168 -0.080084 -0.523105 -0.558591 -0.481497 -0.345369 -0.236151 -0.257152 -0.312739 0
1.319654 0.092098 -0.683005 -0.417073 0.080288 -0.124447 -0.372569 -0.323230 -0.283632 0
-0.912208 -0.237307 0.757077 0.572160 0.251554 0.397558 -0.270744 -0.150233 -0.093242 0
0.389628 -0.101572 -0.397385 -0.212302 -0.266075 0.447620 -0.160182 -0.169899 -0.167386 0
-0.428422 -0.218303 -0.962148 -0.602564 0.398998 -0.467862 -0.321314 -0.320577 -0.326353 0
0.547896 -0.059884 -0.288237 -0.176563 -1.242654 0.047862 -0.272406 -0.160028 -0.135501 0
-0.420875 -0.167104 0.262802 0.046274 0.388850 0.606844 -0.472852 -0.351479 -0.167951 0
-0.491359 -0.182944 -0.413911 -0.464147 -1.503362 -0.320102 -0.176334 -0.272478 -0.298067 0
-0.359435 -0.171348 -0.655115 -0.526591 0.187642 -0.147543 -0.307647 -0.267722 -0.244216 0
-0.706426 -0.217938 0.622440 0.656178 -0.039570 -0.130159 -0.043166 0.048267 0.103860 0
-0.544655 -0.190913 0.367919 0.288244 -0.011821 -0.348706 -0.084580 0.048299 0.022248 0
-0.303101 -0.179835 -0.694833 -0.498812 -1.731110 -0.372471 -0.533248 -0.396425 -0.337567 0
-0.878037 -0.251778 -0.415526 -0.194473 0.097030 0.104754 -0.299951 -0.281734 -0.233366 0
-0.793731 -0.218320 0.277165 0.155262 -0.014048 -0.543947 -0.073860 0.070590 0.088448 0
0.509021 0.008541 -0.269481 -0.371429 -1.553545 -0.457163 -0.425104 -0.295163 -0.203701 0
-0.420720 -0.126843 0.638449 0.291983 -0.198702 -0.311589 -0.140584 0.061113 0.071221 0
-0.504842 -0.190291 -0.045582 -0.248353 -0.021161 0.020925 -0.212876 -0.169638 -0.197211 0
-0.305686 -0.159005 0.505012 0.448226 -0.355532 0.312283 -0.070625 0.047562 0.076662 0
-0.483656 -0.128707 1.851557 1.695988 -0.716341 -0.064502 0.409608 0.570784 0.672444 0
0.133799 -0.145328 -0.811228 -0.539842 -0.263395 0.768264 -0.400217 -0.320907 -0.295379 0
-0.609992 -0.181192 0.280877 0.016305 -0.358825 0.983657 -0.158894 -0.087131 -0.072785 0
-0.030416 -0.078859 1.083555 0.795490 0.423319 -0.168332 0.064316 0.237343 0.312003 0
-0.272334 -0.171527 -0.406201 -0.368213 0.354162 -0.417740 -0.326443 -0.325521 -0.301869 0
-0.093513 -0.099387 0.608793 0.460400 -0.223470 0.681690 -0.029724 0.049972 0.094887 0
-0.197660 -0.115264 -0.233842 -0.385122 0.350552 -0.447726 -0.275265 -0.284861 -0.251204 0
-0.782867 -0.227891 0.351246 0.254097 0.053171 1.937498 -0.129846 -0.021891 0.023070 0
-0.450804 -0.164858 0.445553 0.280256 -0.069970 -0.122765 0.031193 0.090577 0.046847 0
-0.459047 -0.164891 -0.259069 -0.368908 0.589290 -0.432982 0.022588 -0.023712 -0.090947 0
-0.447758 -0.167477 -0.190727 -0.302871 -0.598101 -0.510683 -0.304352 -0.230855 -0.195526 0
0.131367 -0.122756 -0.260582 -0.139027 0.015873 -0.285760 -0.397956 -0.239669 -0.185926 0
3.080498 0.573597 -1.133031 -0.748266 -0.574332 -0.544675 -0.301945 -0.410313 -0.406433 0
0.052707 -0.071978 0.413224 0.208196 0.494707 -0.411069 -0.202770 -0.036450 0.052469 0
0.510584 0.018812 -0.206947 -0.292440 -0.563865 -0.510988 -0.353609 -0.161244 -0.136152 0
-0.514612 -0.137994 0.833072 0.428115 0.179737 0.778950 -0.033652 0.039546 0.079288 0
-0.116186 -0.151808 -0.121140 -0.121815 -0.052224 -0.199014 -0.166125 -0.106330 -0.108538 0
-0.397812 -0.173907 -0.234471 -0.262210 -0.387053 -0.391746 -0.225503 -0.189262 -0.165112 0
-0.266640 -0.148121 -0.010453 -0.197537 0.017212 -0.107381 -0.221001 -0.150573 -0.176472 0
-0.622866 -0.234441 -0.499209 -0.324941 -0.080513 -0.537219 -0.339370 -0.243311 -0.220446 0
-0.480207 -0.156697 -0.281867 -0.414048 -0.846958 -0.422303 -0.381287 -0.274770 -0.207151 0
-0.632560 -0.210771 -0.259796 -0.315155 0.230677 -0.552368 -0.273497 -0.269398 -0.258810 0
0.551961 -0.022827 -0.676535 -0.515234 -0.223464 -0.550371 -0.359145 -0.286217 -0.238550 0
-0.759054 -0.202742 0.337493 0.026267 -0.333711 0.208984 -0.159675 -0.047999 -0.003494 0
-0.417192 -0.186913 0.365934 0.334975 0.201925 -0.551474 -0.015028 0.059848 0.066981 0
0.468592 -0.039977 -0.777837 -0.622646 -0.234974 -0.041941 -0.355294 -0.392400 -0.358834 0
-0.650530 -0.202639 -0.275306 -0.194172 -0.051516 -0.451627 -0.229704 -0.089284 -0.053413 0
-0.468630 -0.162967 -0.446580 -0.507079 -0.045489 0.072791 -0.253680 -0.314089 -0.310864 0
1.275309 0.085695 -0.967335 -0.662304 0.231702 -0.102891 -0.380260 -0.351434 -0.337886 0
0.302563 -0.126663 -0.713001 -0.487457 -1.691037 -0.304601 -0.503550 -0.376415 -0.309828 0
0.595750 -0.005380 -0.557479 -0.500333 -0.014696 -0.293851 -0.250414 -0.324354 -0.320081 0
-0.282720 -0.129733 -0.085054 -0.160567 0.055867 -0.018532 -0.078130 -0.088251 -0.062312 0
0.200806 -0.081492 -0.932476 -0.703061 0.244699 -0.485283 -0.341300 -0.275548 -0.301157 0
-0.074247 -0.070093 1.299040 1.092532 -1.533487 -0.075674 0.280921 0.318755 0.374551 0
1.217249 0.191923 -0.752943 -0.577367 0.702255 -0.552463 0.237077 -0.091159 -0.267525 0
-0.208896 -0.124323 -0.280731 -0.393461 0.254065 -0.205196 -0.289632 -0.264204 -0.260163 0
-0.661975 -0.175352 0.471458 0.046688 -0.265080 -0.457154 -0.225300 -0.029087 -0.010251 0
-0.184845 -0.117951 -0.384289 -0.455812 -0.535719 -0.465290 -0.214613 -0.188245 -0.192332 0
0.284541 -0.052058 -0.253674 -0.303681 -0.025946 -0.553026 -0.309294 -0.219397 -0.181207 1
0.732283 0.092575 -0.453244 -0.426573 -0.052537 -0.333033 -0.321069 -0.285464 -0.229377 0
0.365026 -0.075522 -0.445109 -0.377806 0.120347 -0.387403 -0.370014 -0.345186 -0.304555 0
4.300939 0.831337 -1.069236 -0.681257 0.063498 0.725691 -0.262608 -0.378543 -0.388057 0
-0.334616 -0.124026 0.473347 0.194415 0.162084 -0.387170 -0.044753 0.015260 0.018218 0
-0.381731 -0.142346 0.455159 0.213786 -0.094223 -0.113819 0.145375 -0.002885 -0.027094 0
-0.513752 -0.211553 -0.595483 -0.441428 -0.357883 1.139593 -0.218400 -0.180669 -0.226068 0
-0.620147 -0.224100 -0.714446 -0.523909 -0.682311 -0.075985 -0.387165 -0.334777 -0.299711 0
-0.819737 -0.241488 -0.650814 -0.538466 -0.492076 -0.383557 -0.478973 -0.438081 -0.358065 0
0.125659 -0.129717 -0.257266 -0.046034 -0.524669 -0.533201 -0.322942 -0.197464 -0.114482 0
-0.943724 -0.256466 -0.123261 -0.026690 -0.901222 -0.534246 -0.332806 -0.242528 -0.179682 0
-0.597683 -0.175914 0.686526 0.378677 -1.998941 2.740064 0.249279 0.178759 0.178197 0
-0.807494 -0.248914 -0.116730 0.099948 -0.028372 -0.546274 -0.285197 -0.193289 -0.163764 0
-0.142415 -0.176457 -0.969443 -0.653269 -0.117953 -0.391762 -0.446286 -0.480854 -0.411549 0
0.457712 -0.087130 -0.841837 -0.537647 0.253604 -0.532731 -0.207184 -0.229012 -0.266548 0
-0.913555 -0.237294 1.146979 1.037142 -0.461706 -0.534710 -0.042103 0.121892 0.240802 0
-0.614217 -0.215354 -0.309949 -0.340676 -0.427672 -0.546301 -0.132298 -0.244306 -0.287593 0
-0.542124 -0.191689 0.065147 -0.094645 -0.289747 1.611620 -0.295431 -0.231078 -0.221493 0
-0.189694 -0.101996 0.880547 0.679159 0.142273 1.435469 0.146896 0.247541 0.254519 0
-0.409590 -0.194371 -0.669338 -0.522439 -1.157720 -0.553516 -0.396709 -0.384481 -0.360105 0
-0.181696 -0.092089 0.921336 0.708924 -0.084758 -0.523369 -0.056264 0.205586 0.312145 0
-0.667902 -0.203343 0.393911 0.178185 0.114983 -0.443237 -0.045971 0.057273 0.074853 0
0.212768 -0.088216 -0.304389 -0.294353 0.711546 -0.553860 -0.160178 -0.294633 -0.311195 0
1.127502 0.249039 -0.134021 -0.285858 0.454018 0.023364 0.026049 -0.137838 -0.099194 0
-0.181350 -0.144663 -0.244386 -0.265703 -0.869814 -0.553836 -0.236231 -0.096702 -0.100170 1
-0.030706 -0.068874 -0.129830 -0.293319 -0.142237 0.579496 -0.164743 -0.265159 -0.193527 0
0.061454 -0.114378 0.816673 0.775793 -0.160657 -0.245516 -0.084316 0.017557 0.046833 0
-0.422042 -0.170660 0.275168 0.241999 -0.185427 -0.428333 -0.114872 -0.000423 0.059047 0
0.300133 -0.067458 -0.404801 -0.422648 0.577904 -0.346392 -0.286625 -0.301106 -0.300381 0
-0.365551 -0.102897 0.064811 -0.227998 -0.944552 -0.262324 0.189991 -0.132369 -0.060433 0
-0.339624 -0.174621 -0.583506 -0.518148 -0.427102 -0.281842 -0.572417 -0.388722 -0.317383 0
0.067977 -0.070611 0.479106 0.322056 0.134965 -0.326704 -0.090950 -0.030915 0.038278 0
-0.694078 -0.212418 0.037375 -0.054539 -0.885242 0.811417 0.034748 0.008879 -0.061714 0
-0.446115 -0.198042 -0.067076 -0.047987 0.719563 -0.467110 -0.094813 -0.136329 -0.091407 0
-0.708643 -0.234630 -0.820687 -0.567436 -0.286694 1.695101 -0.544843 -0.411754 -0.367916 0
-0.547444 -0.203791 -0.595882 -0.511933 -0.208105 -0.552703 -0.423184 -0.341256 -0.261207 0
-1.062486 -0.268472 -0.278150 -0.074905 -0.736144 -0.456441 -0.207642 -0.155547 -0.132861 0
-0.524800 -0.176143 0.173436 0.062168 -0.919658 -0.548005 0.048782 0.059946 0.043660 0
-0.863546 -0.254021 -0.666470 -0.452871 -0.018651 0.003865 -0.576984 -0.419286 -0.378131 0
-0.691100 -0.232649 -0.888828 -0.615701 0.078772 -0.533339 -0.439513 -0.362050 -0.314394 0
0.263417 -0.072160 0.061935 0.074632 0.464167 -0.014168 -0.042200 -0.089164 -0.021807 1
-1.154905 -0.279043 -0.346890 -0.066440 -0.240136 0.218392 -0.254948 -0.191183 -0.151826 0
0.195380 -0.042751 -0.242715 -0.377535 -1.833788 -0.135381 -0.002179 -0.178654 -0.220975 0
-0.136290 -0.062375 0.914317 0.664728 0.630385 -0.172074 0.127857 0.254464 0.318764 0
-0.341464 -0.177666 -0.351028 -0.371362 -0.042092 -0.552229 -0.216300 -0.149430 -0.177132 0
0.490470 -0.006256 0.003248 -0.004317 -0.157604 -0.393969 -0.262311 -0.123937 -0.065995 0
-0.724407 -0.204460 0.277715 -0.014738 -0.991789 -0.508037 -0.257514 -0.181073 -0.122997 0
-0.066368 -0.137574 -0.355722 -0.295353 -0.438939 0.177503 -0.499450 -0.346634 -0.252189 0
4.961520 1.049628 -1.407941 -0.823850 -0.637436 0.232247 -0.466329 -0.471516 -0.466529 0
-0.233104 -0.115824 0.009078 -0.104689 -0.686626 -0.528117 -0.133046 -0.096428 -0.072808 0
-0.539298 -0.184364 0.596660 0.328929 -0.137171 0.365486 -0.162142 0.032506 0.059522 0
-0.815249 -0.226538 0.220052 0.045672 -0.471175 0.819292 -0.025585 0.031651 -0.029158 0
-0.011645 -0.148748 -1.051858 -0.712251 -0.348808 1.636439 -0.596133 -0.458787 -0.389047 0
-0.014856 -0.144817 -0.689624 -0.531279 -0.156421 0.149805 -0.173023 -0.292447 -0.317437 0
-0.378443 -0.140250 0.697403 0.465911 -0.133759 -0.550359 -0.423997 -0.122093 0.087165 0
-0.674154 -0.221525 0.169405 0.003194 -0.239866 -0.340257 -0.314643 -0.242057 -0.187292 0
0.062925 -0.088275 -0.477852 -0.409028 0.009307 -0.535249 -0.404949 -0.244830 -0.167398 0
-0.168143 -0.164817 -0.938441 -0.694686 -0.824124 0.011526 -0.589305 -0.489311 -0.422562 0
0.639000 -0.024038 -0.688734 -0.525946 -1.431407 0.153067 -0.571513 -0.358322 -0.277395 0
0.078585 -0.075603 -0.508033 -0.512551 -0.010529 -0.332878 -0.506672 -0.391525 -0.301790 0
-0.107408 -0.152149 -0.859086 -0.641574 -0.306272 -0.513649 -0.579125 -0.448197 -0.380038 0
0.834347 0.224769 0.659237 0.441267 -0.120095 -0.363241 0.094159 0.162190 0.261550 0
-0.498239 -0.203524 -0.418050 -0.408489 -0.729961 -0.410994 -0.355966 -0.315891 -0.300732 0
-0.533245 -0.194264 -0.395492 -0.305336 0.197407 -0.544389 -0.063749 -0.052207 -0.095845 0
-0.433739 -0.178361 0.170700 0.019168 0.131472 -0.335131 -0.324295 -0.279306 -0.194200 1
0.419534 -0.040631 -0.417102 -0.365757 -0.518335 0.008764 -0.346450 -0.215071 -0.182666 0
-1.197101 -0.278623 -0.369840 -0.111307 -0.223945 -0.548712 -0.386474 -0.268141 -0.186716 1
-0.363970 -0.159827 -0.189540 -0.333372 0.155894 0.540979 -0.233396 -0.174193 -0.177168 0
0.008391 -0.119937 -0.233392 -0.236779 -0.661852 -0.519195 -0.403365 -0.251121 -0.164081 0
-0.362994 -0.153957 0.679315 0.568816 -0.043381 -0.520503 -0.051500 0.109130 0.176451 0
-0.563834 -0.221381 -0.252655 -0.211166 -0.335235 -0.385390 -0.469124 -0.346963 -0.279484 0
-0.617529 -0.206180 -0.198727 -0.298986 -0.206856 -0.352641 -0.356377 -0.200062 -0.191999 0
-0.875705 -0.245868 -0.278835 -0.239393 0.607224 2.213022 -0.337007 -0.235680 -0.190651 0
-0.029188 -0.155031 -0.499246 -0.334481 -0.624488 -0.175714 -0.531363 -0.336126 -0.261760 0
0.134250 -0.109647 -0.856024 -0.656032 0.093941 -0.553205 -0.338278 -0.364983 -0.343436 0
-0.945704 -0.267770 -1.103660 -0.677777 0.062830 -0.515741 -0.437108 -0.429495 -0.405945 0
-0.667406 -0.225259 0.021920 0.105150 -0.218067 -0.521078 -0.329931 -0.133983 -0.051642 0
-0.152251 -0.118674 -0.091670 -0.157724 0.337920 0.471486 -0.195341 -0.097933 -0.028813 0
-0.690177 -0.207119 0.663134 0.512347 -0.307257 -0.221067 -0.199877 -0.030320 0.069475 0
-0.272404 -0.124046 0.023909 -0.134851 0.345536 -0.080414 -0.121100 -0.056345 -0.042732 0
-0.610312 -0.204636 -0.211340 -0.247903 -0.392287 -0.261911 -0.392804 -0.298382 -0.242959 0
-0.129398 -0.142327 -0.366602 -0.402558 0.183576 0.930373 0.021956 -0.272262 -0.218735 0
-0.187056 -0.121451 0.155224 -0.055862 0.333221 0.081599 -0.278670 -0.145699 -0.100109 0
3.178499 0.604715 -1.011500 -0.691467 -0.378735 -0.281571 -0.246552 -0.417907 -0.430332 0
-0.456445 -0.168059 0.074409 -0.106895 -0.167045 0.300246 -0.280723 -0.126226 -0.046154 0
-0.818178 -0.237936 -0.547620 -0.435143 -0.468639 0.205095 -0.522843 -0.326836 -0.239431 0
0.750250 0.085666 -0.576541 -0.546864 -0.074335 -0.370490 -0.064536 -0.242433 -0.260272 0
-0.178811 -0.105289 -0.001729 -0.167136 -1.109240 2.550090 0.138274 -0.159312 -0.175156 0
1.249180 0.117867 -0.644109 -0.525646 0.240346 0.691819 -0.080231 -0.325320 -0.360214 0
-0.418047 -0.184267 -0.252344 -0.322081 -0.422585 -0.535173 -0.425274 -0.241995 -0.253859 0
-0.027644 -0.148922 -0.551687 -0.366152 -0.038066 -0.364163 -0.349337 -0.265371 -0.209266 0
-0.172577 -0.137864 -0.592179 -0.535352 -0.269006 -0.247741 -0.472059 -0.420977 -0.367233 0
-0.347152 -0.201001 0.588463 0.798959 -0.930036 1.127892 -0.352579 -0.179021 -0.108260 0
-0.337170 -0.188512 -0.827611 -0.613812 -0.671757 0.379931 -0.373645 -0.333711 -0.342275 0
-0.414290 -0.196995 -0.773701 -0.599057 -0.590993 -0.522390 -0.569046 -0.460544 -0.403249 0
-0.065661 -0.096093 1.351815 1.420212 -0.397443 -0.536901 -0.037753 0.166319 0.302577 0
-0.157004 -0.169618 -0.068934 0.186107 -0.108941 -0.439612 -0.120618 -0.106423 -0.065868 0
0.112331 -0.104455 -0.280305 -0.283428 -0.123670 -0.553396 -0.100748 -0.196805 -0.175951 0
0.196373 -0.070245 -0.604759 -0.541519 -0.856535 -0.359460 -0.298299 -0.242538 -0.242037 0
-0.072441 -0.062756 -0.080315 -0.309000 -0.464844 -0.432076 -0.178829 -0.063096 -0.031471 0
-0.047366 -0.091851 0.067706 -0.088362 0.049236 -0.520766 -0.158023 -0.148136 -0.098647 0
-0.868403 -0.225189 0.650655 0.548420 0.168400 0.134945 -0.329081 -0.155809 -0.061109 0
2.375781 0.582754 -0.695567 -0.581128 -1.065856 -0.091112 -0.000497 -0.198789 -0.234527 0
1.286052 0.162620 -0.669864 -0.504759 -1.164963 -0.344508 0.020187 -0.277422 -0.332958 0
-0.999218 -0.262728 -0.687598 -0.480546 -0.431035 -0.193591 -0.605738 -0.420429 -0.320030 0
0.320261 -0.064482 -0.014573 -0.100880 -0.404326 1.822688 -0.473808 -0.318667 -0.207597 0
0.031544 -0.133086 -0.909186 -0.676550 -0.453117 -0.551623 -0.442529 -0.426086 -0.397218 0
0.926118 0.153807 -0.181880 -0.281478 -0.404154 -0.140303 0.533106 0.025808 -0.193452 0
-0.185782 -0.122052 1.122731 0.973173 -0.322281 -0.468168 -0.240321 0.064256 0.208307 0
-0.327718 -0.162765 -0.435747 -0.453677 -1.332818 -0.461452 -0.268897 -0.254995 -0.231034 0
-0.172131 -0.106103 0.499136 0.324037 0.058930 -0.340490 -0.151595 0.031944 0.126333 0
-0.504428 -0.198581 -0.256148 -0.203485 -0.423610 -0.085012 -0.336469 -0.162531 -0.121412 0
2.582868 0.549229 -0.933684 -0.679083 -0.451401 -0.489021 -0.091669 -0.292205 -0.313983 0
-0.449755 -0.164006 -0.291188 -0.287068 -1.592371 0.653961 -0.165468 -0.158853 -0.115058 0
-0.750238 -0.224417 0.048257 -0.071225 -0.458580 0.095597 -0.323194 -0.148641 -0.105623 0
-0.485872 -0.187592 -0.138782 -0.259553 0.101043 -0.544012 -0.111241 -0.202967 -0.217092 0
-0.385821 -0.162940 -0.665260 -0.614419 -0.310419 -0.208323 -0.393623 -0.336686 -0.302930 0
-0.113129 -0.108580 0.448505 0.316342 0.055101 -0.110408 -0.026362 0.019856 0.093063 0
0.087477 -0.004525 0.254803 -0.090559 0.093583 -0.166072 -0.123624 -0.019444 -0.003372 0
-0.110181 -0.155734 -0.968030 -0.678006 -0.168372 -0.410295 -0.480826 -0.405468 -0.354574 0
-0.673059 -0.193524 0.242082 -0.044248 -0.381869 -0.548632 -0.221718 -0.188634 -0.046625 0
-0.222124 -0.132401 -0.160233 -0.300866 0.192698 1.015255 -0.273671 -0.258074 -0.211947 0
-0.369815 -0.197055 -0.668348 -0.446752 -0.107060 -0.549153 -0.429719 -0.351406 -0.295037 0
-0.234337 -0.196691 -0.757502 -0.440500 -1.703776 -0.548228 -0.443099 -0.362168 -0.308736 0
-0.348062 -0.201344 -0.498245 -0.316767 0.156519 -0.393609 -0.278410 -0.202501 -0.203340 0
0.331705 -0.085152 -1.000932 -0.690245 -0.029305 -0.295719 -0.580809 -0.460278 -0.378752 0
0.249964 -0.043590 -0.205126 -0.329440 -0.192408 -0.541773 0.228451 -0.107149 -0.212546 0
-0.582873 -0.196997 -0.083399 -0.165889 -0.237714 -0.241549 -0.248889 -0.162225 -0.122199 0
4.348791 0.637700 -1.580260 -0.823568 0.033605 -0.490271 -0.514087 -0.487652 -0.463275 0
-0.578977 -0.194920 -0.071952 -0.160627 0.644585 -0.098986 -0.158140 -0.116177 -0.066316 0
-0.083720 -0.141182 -0.610117 -0.519458 -1.781285 -0.507477 -0.628889 -0.424215 -0.316815 0
0.403385 -0.093311 -0.947275 -0.626578 -0.763371 0.145536 -0.370830 -0.350172 -0.336583 0
-0.120729 -0.151066 -0.453161 -0.394292 -0.518048 -0.552832 -0.573937 -0.400027 -0.320622 0
0.067226 -0.091426 -0.084202 -0.260930 -0.907047 -0.548467 -0.427169 -0.216360 -0.189012 0
-0.119956 -0.161348 -0.924717 -0.648312 -1.119510 -0.316532 -0.832372 -0.553297 -0.408561 0
-0.729764 -0.208300 -0.011415 -0.192534 -0.585483 -0.463412 0.131547 -0.140774 -0.225830 0
-0.395182 -0.195696 -0.400288 -0.265564 -0.441746 0.330754 -0.497198 -0.262342 -0.198205 0
-0.686263 -0.222830 -0.524394 -0.448812 -0.962131 0.166485 -0.492211 -0.385890 -0.280243 0
-0.511323 -0.203269 -0.579248 -0.474335 -0.572388 -0.508198 -0.579429 -0.369021 -0.249833 0
-0.108357 -0.141860 0.291028 0.178962 -0.749893 -0.243059 -0.431509 -0.179013 -0.110844 0
-0.824174 -0.235461 0.174647 0.061667 -0.382404 -0.229805 -0.455691 -0.333558 -0.251623 0
-0.120182 -0.142560 -0.491083 -0.402490 -0.294655 -0.455166 -0.514967 -0.348817 -0.241154 0
-0.953741 -0.262814 -0.637146 -0.262889 -0.200466 -0.495350 -0.441641 -0.283768 -0.198707 0
-0.388227 -0.174465 0.482654 0.298527 -0.607366 0.476028 -0.383959 -0.171603 -0.097295 0
1.380210 0.112169 -1.047894 -0.710983 -0.004072 0.432180 -0.466899 -0.434073 -0.385183 0
-0.089811 -0.131739 -0.169482 -0.231355 0.723490 -0.233426 -0.282751 -0.258860 -0.254147 0
-1.141855 -0.282705 -0.992657 -0.505817 -0.065965 -0.546439 -0.488200 -0.347562 -0.299557 0
-0.597409 -0.192012 0.407809 0.127883 -1.307166 0.550641 -0.088320 -0.104000 -0.036809 0
-0.891027 -0.237992 0.316528 0.222697 -0.288977 -0.409116 -0.174331 -0.105928 -0.012318 1
-0.523281 -0.184841 0.894513 0.741790 -0.287051 -0.262048 -0.439429 -0.331718 -0.126135 0
0.175990 -0.014160 0.584664 0.294916 -0.051191 0.342440 -0.097568 -0.022730 0.047755 0
-0.968217 -0.268389 -1.330078 -0.788980 -0.541407 -0.538542 -0.562342 -0.472928 -0.446937 0
-0.683898 -0.217663 0.193528 0.121649 -0.848669 -0.549233 -0.421313 -0.141466 -0.037698 0
1.450174 0.250429 -0.430184 -0.407104 -0.843814 -0.518497 -0.178973 -0.149256 -0.170446 0
-0.538297 -0.175830 0.222215 -0.082487 0.409415 1.039081 -0.241817 -0.107675 -0.054891 0
0.064308 -0.154664 -1.165440 -0.739654 -1.068057 -0.028710 -0.442153 -0.401323 -0.403865 0
-0.750258 -0.210676 -0.390874 -0.458017 -0.055349 -0.488282 -0.469458 -0.360400 -0.314109 0
-0.602781 -0.240709 -1.081435 -0.636668 -0.645546 -0.546250 -0.384621 -0.378740 -0.373333 0
-1.017760 -0.270347 -1.054321 -0.584886 -0.863816 0.139887 -0.595290 -0.400881 -0.322023 0
-0.020691 -0.103182 -0.277306 -0.345466 -0.114161 -0.532884 -0.310868 -0.209189 -0.185837 0
-0.467402 -0.186707 -0.503711 -0.500522 -0.270776 -0.553196 -0.405479 -0.280869 -0.272666 0
0.191750 -0.110578 -0.425858 -0.326562 -0.510941 -0.456483 -0.392023 -0.261749 -0.228760 0
0.706650 0.043935 0.930877 0.764392 -0.602190 -0.213971 -0.410038 -0.104571 0.050120 0
0.759453 0.040329 -0.694905 -0.568901 -0.388908 -0.475664 -0.392229 -0.340704 -0.296896 0
-0.752433 -0.247487 -1.148849 -0.718917 -0.508340 0.623737 -0.610590 -0.452427 -0.377618 0
0.040326 -0.136349 -0.306430 -0.255733 -0.606742 -0.235442 -0.433359 -0.271726 -0.197382 0
-0.896296 -0.264515 -0.992231 -0.485681 -0.520959 -0.121028 -0.468820 -0.347890 -0.292531 0
-0.517073 -0.201876 -0.426042 -0.410301 -0.822711 0.169088 -0.553557 -0.398440 -0.320525 0
0.170902 -0.114005 -0.891867 -0.648604 -1.422903 -0.523154 -0.627058 -0.487473 -0.416728 0
3.009630 0.647831 -0.700073 -0.539019 -0.001261 -0.522037 -0.301443 -0.335714 -0.305349 0
-0.725614 -0.242167 -1.144189 -0.750159 -0.938213 0.194798 -0.579417 -0.504833 -0.440713 0
0.374703 -0.079287 -0.683301 -0.477567 -0.749505 0.840421 -0.353576 -0.390928 -0.302578 0
-0.415399 -0.172762 -0.032520 -0.056559 -0.836322 3.385817 -0.361271 -0.168825 -0.081016 0
-0.078128 -0.121970 -0.200676 -0.206782 -0.428022 -0.485828 -0.380508 -0.175864 -0.087542 0
-0.065468 -0.077387 0.678618 0.383591 -0.270710 -0.001954 -0.046507 0.180200 0.224766 0
0.099017 -0.081576 -0.403986 -0.389285 -0.444737 -0.310898 -0.397582 -0.289462 -0.210401 0
-0.206894 -0.143461 -0.284995 -0.317462 -0.530938 -0.505752 -0.274571 -0.299860 -0.228148 0
-0.158661 -0.159493 -0.590560 -0.495804 -0.623054 0.489021 -0.407799 -0.375270 -0.314085 0
0.124437 -0.102308 -0.713801 -0.601268 -1.172120 -0.541332 -0.721501 -0.492661 -0.357469 0
-0.996053 -0.253051 0.952393 1.046018 0.171198 -0.539297 -0.086035 0.011565 0.154557 0
0.188214 -0.115102 -0.767380 -0.571152 -0.413417 -0.518490 -0.559946 -0.441611 -0.351513 0
0.365297 -0.024900 0.044360 -0.140544 -0.319909 0.089703 -0.204648 -0.218591 -0.187728 0
2.413912 0.441661 -0.143628 -0.015561 -0.254432 -0.520643 -0.343711 -0.223077 -0.114883 0
-0.742607 -0.252544 -1.075207 -0.630924 -1.014374 -0.541404 -0.603479 -0.430015 -0.371191 0
1.114089 0.136869 0.018166 -0.089641 -0.527587 -0.233933 -0.415353 -0.237087 -0.176238 0
-0.000808 -0.096162 0.083137 0.076050 -0.564517 0.163475 -0.184929 -0.073380 0.015268 0
-0.335458 -0.181561 -0.038896 0.012191 -0.506599 -0.348839 -0.414654 -0.211780 -0.102349 0
0.169938 -0.102192 -0.991745 -0.711441 -0.195014 -0.149637 -0.629266 -0.509068 -0.400389 0
0.026932 -0.063097 -0.018206 -0.134220 -0.043284 -0.524651 -0.033736 -0.056801 -0.072882 0
-0.115637 -0.171547 -1.025221 -0.726119 -0.011650 -0.531632 -0.425027 -0.363103 -0.353400 0
-0.174408 -0.134318 -0.336371 -0.375548 0.044164 0.474431 -0.327728 -0.326141 -0.254119 0
0.182225 -0.099085 -0.852032 -0.649904 -0.881069 -0.539571 -0.455203 -0.306736 -0.310365 0
-0.262878 -0.167298 -0.423809 -0.367796 -0.185176 -0.463944 -0.469244 -0.344668 -0.289719 0
-0.365232 -0.155762 0.776917 0.645820 -0.689297 1.179945 -0.330830 -0.093324 0.046138 0
-0.013370 -0.103767 0.385267 0.299078 -0.321709 3.473441 -0.222964 0.004641 0.085317 0
-0.235502 -0.137302 0.122669 -0.047825 -0.510749 -0.384481 -0.321910 -0.222196 -0.144682 0
0.201764 -0.037263 0.137122 -0.015748 -0.697568 -0.114384 -0.414094 -0.163263 -0.026248 0
-0.496470 -0.191144 -0.319812 -0.333838 0.030706 -0.298139 -0.432446 -0.280923 -0.196805 1
4.563549 1.327348 -0.541792 -0.451054 -1.057671 -0.547184 -0.304429 -0.373590 -0.268917 0
-0.403840 -0.204785 -0.603897 -0.383009 -0.889900 -0.153606 -0.552236 -0.357951 -0.244319 0
-0.682740 -0.245347 -0.483604 -0.142294 -0.614000 -0.012787 -0.577391 -0.426706 -0.316463 0
2.804247 0.581788 -0.729584 -0.568120 -0.617500 0.652052 -0.403059 -0.365652 -0.366007 0
0.504219 -0.082238 -1.174132 -0.755046 -1.432142 -0.537014 -0.659729 -0.530122 -0.451157 0
1.386864 0.250373 -0.417544 -0.348725 -0.709004 -0.439028 -0.003607 -0.170423 -0.160794 0
-0.306844 -0.127921 0.248503 -0.058543 -1.829204 -0.490372 -0.373243 -0.165180 -0.099907 0
-0.138891 -0.161252 -0.829883 -0.581045 -1.041897 -0.544080 -0.533361 -0.367446 -0.294004 0
0.235656 -0.078716 -0.367879 -0.359420 -0.892255 0.196704 -0.552053 -0.365917 -0.279890 0
0.055521 -0.093234 -0.175842 -0.226685 -1.012227 0.937566 -0.409385 -0.279477 -0.201441 0
0.091150 -0.033326 0.433045 0.134663 -0.017596 -0.541363 -0.175463 -0.037971 0.078680 0
-0.991964 -0.267450 -0.477508 -0.268024 -0.260671 -0.466365 -0.469958 -0.352940 -0.308293 0
0.058532 -0.117567 -0.675237 -0.532994 -1.690631 -0.540427 -0.650288 -0.492225 -0.377887 0
-0.483177 -0.188097 -0.027484 -0.149716 0.386511 -0.539487 -0.381417 -0.257741 -0.176854 0
-0.401856 -0.173925 -0.137851 -0.271419 -0.719966 -0.386515 -0.439527 -0.253513 -0.170121 0
0.203651 -0.078433 -0.358033 -0.384784 -0.699157 -0.531501 -0.373902 -0.345160 -0.291271 0
0.319200 -0.090350 -0.918688 -0.669052 -0.424794 -0.458210 -0.625542 -0.536777 -0.427998 0
-0.206739 -0.170365 -0.559454 -0.457207 0.151957 -0.465326 -0.099190 -0.198717 -0.257623 0
-0.126324 -0.171477 -0.906992 -0.621752 -0.071374 -0.531634 -0.643645 -0.451725 -0.360346 0
0.022725 -0.095926 -0.436812 -0.485622 -0.300291 0.593024 -0.431532 -0.369590 -0.347293 0
-0.481451 -0.188232 -0.189901 -0.213498 -0.133030 -0.536769 -0.293335 -0.166721 -0.091790 0
-0.035132 -0.112353 -0.541027 -0.475159 -1.327737 -0.553869 -0.521990 -0.335293 -0.262074 0
0.183616 -0.140677 -0.842825 -0.549640 -1.005877 0.405410 -0.621608 -0.392550 -0.303936 0
-0.562242 -0.208054 -0.259801 -0.350875 -1.190416 0.353808 -0.603598 -0.374011 -0.290410 0
-0.123211 -0.134051 -0.713514 -0.591228 -0.348669 -0.353244 -0.393887 -0.384031 -0.308421 0
0.256708 -0.083411 -0.484069 -0.361517 0.068967 -0.552816 -0.468940 -0.300637 -0.221314 0
-0.460206 -0.195468 -0.449554 -0.443220 -1.056026 -0.432851 -0.458499 -0.379006 -0.339437 0
-0.627421 -0.187906 0.387274 0.144680 -0.055150 -0.496057 -0.185967 -0.044095 0.057104 0
-0.288711 -0.191963 -0.834448 -0.601912 -0.630057 -0.522645 -0.309996 -0.374436 -0.346916 0
-0.612137 -0.219736 -0.667908 -0.431827 -1.159183 -0.342049 -0.706010 -0.398332 -0.245758 0
