7.186286 33.923998 6.538972 7.929149 9.845439 -0.145513 16.903533 18.159482 18.314887 0
3.160606 8.414437 6.357765 7.668073 8.028523 0.938622 12.084098 12.663061 12.694140 0
2.464956 5.278367 6.485875 7.891571 6.234000 7.170655 9.407773 10.286625 10.892078 0
-0.442275 0.296188 4.382293 4.591219 3.611150 -0.201350 4.345816 4.112695 3.826068 0
0.365541 0.443363 3.578429 3.595141 1.429971 -0.058921 2.004935 2.088142 2.192476 0
-1.510618 -0.163961 3.865455 4.072059 1.986588 0.313097 1.759155 1.693421 1.448042 1
-1.017114 -0.047630 3.261298 3.220183 2.126770 0.015987 1.868399 1.865227 1.888464 0
0.112400 0.332945 2.647016 2.111782 2.627886 0.690825 2.602789 1.966804 1.525239 0
-0.477540 0.053257 3.094423 3.157564 2.955159 -0.002917 2.349291 1.864270 1.527095 0
0.212957 0.160550 2.053766 1.459229 3.001166 -0.079623 2.166785 1.665764 1.086476 0
0.901614 0.353110 3.774919 4.175538 1.736811 -0.213296 1.545178 1.461709 1.541428 0
0.696340 0.262018 2.965251 3.044435 1.955576 0.187030 1.740977 1.423214 1.200675 0
-1.327223 -0.155660 3.576485 4.000110 1.344605 0.257209 1.406869 1.269913 1.197654 1
-0.188415 0.093141 2.633015 2.418041 1.950114 1.704840 1.681267 1.364549 1.115498 0
-0.645145 -0.039748 2.941144 3.044148 2.124255 0.217181 1.219646 1.077413 1.022736 0
-0.168742 0.021963 1.993397 1.894563 1.685662 -0.320593 1.257251 1.081190 0.831850 0
-1.310561 -0.148497 3.648292 4.085711 1.007134 -0.079195 1.178670 1.220299 1.256448 0
-0.513966 -0.042979 1.255247 0.884858 0.856608 0.173812 0.997896 0.706748 0.498001 0
-1.098062 -0.137207 2.300729 1.951915 1.801318 -0.149173 1.230865 1.028144 0.672551 0
-0.616515 -0.002587 1.751252 1.278532 2.512956 0.746451 2.023270 1.543545 1.156403 0
1.067197 0.286393 3.126719 3.538127 0.338780 -0.051056 0.691980 0.843333 0.976335 0
-0.113239 0.081963 2.366991 2.321304 1.649651 0.955840 1.296297 1.186874 1.123386 0
-1.130365 -0.136029 2.329031 2.246279 1.103779 -0.311434 0.831277 0.838973 0.802803 0
-0.902394 -0.119084 2.213116 2.138454 1.531042 -0.286589 1.261954 0.994147 0.758334 0
0.492539 0.417273 1.845418 1.252197 2.177045 -0.186463 1.985492 1.631320 1.261943 0
-1.105671 -0.162071 2.674412 3.066787 1.028520 -0.218793 0.661280 0.655138 0.692285 0
-0.504681 -0.044048 2.201431 2.041586 0.896229 -0.269817 0.724926 0.768306 0.816514 0
2.373033 0.532213 1.423098 1.386208 0.530144 -0.123477 0.362255 0.475757 0.477013 0
-0.876091 -0.130622 2.733710 3.011750 0.512143 -0.105877 0.598030 0.670188 0.678185 0
0.458012 0.589196 1.678132 1.076462 3.648025 -0.269655 3.315935 2.365782 1.672830 0
-0.810783 -0.072789 1.682676 1.101486 1.770412 -0.312968 1.581342 1.143650 0.761195 0
-1.296069 -0.168982 1.257391 0.915529 1.932353 -0.289718 1.398579 0.923393 0.570288 1
-1.324214 -0.182758 1.826026 1.957552 1.509845 1.186768 0.713640 0.506102 0.367523 1
0.403164 0.109296 1.437213 1.064811 2.149360 0.230868 0.963329 0.710066 0.585701 0
0.530341 0.132759 1.541451 1.392505 1.096115 -0.317634 0.830569 0.674328 0.488417 0
0.115771 0.088457 1.165510 0.816316 1.638641 -0.271564 1.327881 0.896442 0.577218 0
0.145202 0.280023 2.273593 1.730656 1.426499 -0.315907 1.484639 1.409774 1.321865 0
-0.273256 -0.057134 1.128625 0.954342 0.706492 -0.294418 0.644934 0.559416 0.479170 0
-0.923345 -0.084998 1.572162 0.970700 0.596452 0.747521 0.909018 0.841533 0.731133 0
-1.071906 -0.143760 2.258246 2.185860 0.201458 -0.229002 0.501786 0.692737 0.746549 0
0.154847 0.017056 1.471537 1.462135 1.119504 -0.303875 0.749343 0.619521 0.548582 0
0.654530 0.081051 1.478992 1.452628 -0.128856 -0.187163 0.077095 0.295900 0.397942 0
0.651313 0.118854 1.540200 1.511918 1.092746 -0.242919 0.622709 0.525739 0.427031 0
-1.071637 -0.149711 1.313509 1.044399 1.140303 -0.287043 1.098706 0.762870 0.479725 0
-0.847279 -0.128930 2.709719 3.003013 0.849280 -0.277895 0.552216 0.570432 0.592337 0
-0.664885 -0.001401 1.381814 0.695337 2.753890 -0.197063 1.553801 0.975455 0.629202 0
1.795925 0.390642 1.904167 1.901101 0.512653 -0.138987 0.581984 0.589994 0.609111 0
0.499256 0.082677 1.377745 1.323601 0.960325 -0.297192 0.536935 0.509470 0.522862 0
-1.646856 -0.211957 2.424724 2.863500 0.042994 -0.313739 0.142081 0.314944 0.400162 1
-0.892490 -0.139712 1.353286 1.333814 1.486118 -0.188585 0.569668 0.466883 0.447746 1
0.025272 0.324584 2.790072 2.241949 4.616559 0.388142 2.836677 2.126590 1.646193 0
0.230126 0.034771 1.550198 1.574887 1.341009 -0.205898 0.738855 0.558526 0.539091 0
-1.729361 -0.220308 1.774477 2.010486 0.633944 0.046509 0.203949 0.282980 0.324049 1
-0.415363 -0.104182 1.350543 1.379303 1.172898 -0.312772 0.563890 0.428324 0.334049 0
-0.791050 -0.099991 1.486405 1.317441 1.175686 1.661827 0.905682 0.654400 0.555641 0
-0.152084 -0.012517 0.844811 0.549743 -2.096136 0.573838 0.328858 0.358821 0.323466 0
0.420172 0.106813 0.503202 0.292445 2.666387 -0.038507 1.288851 0.749076 0.436380 0
-1.133014 -0.151264 2.014216 2.081208 0.019776 0.099324 0.292814 0.442833 0.629667 1
-0.218303 -0.020308 1.097948 0.695524 1.470348 -0.287613 0.631259 0.482831 0.383340 0
1.437953 0.973944 1.480345 0.642926 2.628259 -0.187352 2.274649 1.424388 0.871529 0
1.531598 0.347394 1.386781 0.972339 0.281702 -0.159073 0.121797 0.203637 0.219378 0
-0.194837 -0.040657 0.870663 0.467371 2.600495 -0.316241 1.195113 0.693914 0.332220 0
0.416883 0.263333 0.947878 0.410087 2.847923 0.341601 1.651084 1.077894 0.734566 0
-0.507266 -0.099988 0.735712 0.613496 2.068109 0.317121 0.835162 0.431465 0.161818 0
-0.866824 -0.088133 1.449086 1.155307 1.188334 -0.249649 0.794208 0.653520 0.673605 1
-1.406057 -0.182885 0.966519 0.719886 1.273795 -0.314307 0.641683 0.422208 0.330198 1
0.412576 0.047491 0.939519 0.715676 -0.360573 -0.281034 -0.116522 0.165256 0.252711 0
-1.562454 -0.211883 1.583962 1.696258 0.473203 -0.262170 0.263692 0.260217 0.264118 1
0.587323 0.062463 0.730003 0.683096 0.840065 -0.278043 0.258632 0.277253 0.277963 0
-0.198970 -0.053386 1.247476 1.121289 0.211876 1.987583 0.119178 0.264137 0.347540 0
-0.703012 -0.091498 1.289774 0.845295 -0.455390 -0.287175 0.260433 0.302870 0.239024 0
0.794371 0.380735 0.772711 0.276223 1.884299 0.439333 1.340263 0.948685 0.677080 0
-0.236099 0.037766 0.597808 0.248096 1.611072 -0.243684 0.958137 0.728410 0.497842 0
0.915981 0.165752 0.518640 0.304669 2.050450 -0.318321 0.763704 0.426796 0.267955 0
-1.133447 -0.169377 1.151284 1.070625 -0.402939 0.575697 -0.203325 0.110888 0.206383 0
-0.350229 -0.084623 1.097851 1.092907 0.092294 -0.281172 0.081380 0.226044 0.287857 0
-0.450503 -0.114709 1.577900 1.791748 0.145564 -0.083541 0.251896 0.251431 0.286187 0
-0.393114 -0.053806 0.780950 0.423341 1.412759 -0.286745 0.575134 0.395030 0.259503 0
-0.458751 -0.045909 0.952697 0.680238 0.647866 -0.062169 0.582364 0.529818 0.510850 0
0.493574 0.078799 0.577069 0.366980 0.354068 0.285141 0.404945 0.359769 0.321852 0
-0.808793 -0.105891 0.790295 0.508751 0.727292 -0.191526 0.669044 0.392017 0.309905 0
0.261127 -0.021613 0.572949 0.321944 0.783752 -0.250194 0.472193 0.395090 0.144606 0
-1.407048 -0.203705 0.831981 0.837074 1.318999 -0.221470 0.486007 0.262612 0.143449 0
0.303674 0.040094 0.743312 0.537240 1.572463 -0.320552 0.751980 0.410856 0.258595 0
0.269300 0.000869 1.856778 1.879959 0.182337 -0.264211 0.133134 0.261407 0.370889 0
-0.355118 -0.099764 1.131480 1.073361 0.460839 0.455204 0.175751 0.223482 0.220121 0
1.912286 0.330704 1.315309 1.303635 0.127576 -0.320250 0.231459 0.309437 0.370322 0
-1.581067 -0.205471 1.007682 1.139477 -0.313064 -0.295140 -0.048477 0.132788 0.251164 1
1.222120 0.828841 0.551436 -0.110672 2.263264 0.070952 1.791468 1.122604 0.608508 1
-0.600103 -0.105179 1.209331 0.909389 0.661085 -0.291731 0.297830 0.240538 0.238224 0
-1.192614 -0.161998 0.611238 0.428397 1.699511 -0.059550 0.997977 0.541176 0.295270 0
-1.206342 -0.179008 0.889457 0.920838 0.203740 -0.319481 0.270053 0.259953 0.258363 0
-0.489080 -0.073666 0.699467 0.391298 0.680577 -0.157080 0.103552 0.029169 -0.062675 0
1.285987 0.150648 1.023687 0.897921 0.282567 -0.274676 0.000390 0.110300 0.135151 0
-1.690311 -0.219226 1.100529 1.194698 0.085906 0.246395 0.109568 0.154246 0.183914 1
0.558105 0.710069 2.255727 1.540826 2.499753 0.194861 2.327643 1.804488 1.596522 0
-0.441612 -0.120532 0.458726 0.502179 -0.062269 -0.312902 -0.086654 0.075677 0.117549 0
1.986891 0.326800 1.104943 0.876925 -0.543636 -0.142437 -0.182259 -0.006809 0.072577 0
-1.097665 -0.157407 0.780779 0.629072 1.074826 1.842280 0.653034 0.335649 0.272068 0
-0.337946 -0.061543 0.528635 0.376201 0.268337 -0.297688 0.013099 0.110518 0.116298 0
-1.769208 -0.225647 0.587252 0.613403 -0.324565 -0.272003 -0.145169 -0.033040 0.006621 1
0.254454 0.009047 0.594508 0.267045 0.894897 -0.312702 0.410153 0.268869 0.111517 0
0.134140 0.026439 -0.115576 -0.388584 2.156553 -0.178915 1.016479 0.435189 0.033173 0
0.260202 -0.001190 0.357969 0.212653 0.115978 -0.313938 -0.039276 0.076178 0.094734 0
-0.524028 -0.121403 1.097590 1.127771 -0.036275 0.107054 0.097351 0.209414 0.257423 0
0.018882 -0.072164 0.233630 0.192718 -2.544300 0.368865 -0.220572 -0.118461 -0.046248 0
-0.252411 -0.115530 1.224185 1.433980 -0.021572 0.283047 0.002080 0.059669 0.101305 0
0.204883 -0.008145 -0.029946 -0.210144 1.373459 -0.312349 0.362100 0.150008 -0.014439 0
0.360144 0.017490 0.900993 0.629907 0.398667 -0.294852 0.401825 0.288098 0.172242 0
-0.504147 -0.130668 1.367191 1.497146 -0.374511 -0.281970 -0.106505 -0.005365 0.062542 0
-0.036221 0.005417 0.731387 0.345281 2.308635 -0.056760 0.898262 0.560725 0.339571 0
-0.151651 -0.071490 0.679818 0.639182 0.815088 -0.294334 0.512535 0.361482 0.264136 0
-0.278471 -0.047127 2.000176 1.849215 -0.281562 -0.096976 -0.375480 -0.172763 0.064598 0
-0.470026 -0.108214 0.457191 0.316760 0.713285 -0.247901 0.019676 -0.027928 0.015126 0
-1.087798 -0.132545 1.478638 1.082981 -1.705201 0.228772 0.753961 0.637027 0.541162 0
-1.517293 -0.204476 0.380072 0.158535 1.352875 0.259038 0.579711 0.287307 0.076360 1
-0.637960 -0.116616 0.188444 -0.068684 0.725519 -0.170363 0.209294 0.179514 0.063292 0
1.034765 0.032125 0.750089 0.893161 -0.351123 -0.091617 -0.245945 -0.044344 0.065473 0
1.158655 0.158526 0.188261 -0.083744 1.090822 0.596054 0.440402 0.211734 0.054943 0
-0.593184 -0.106471 0.521915 0.281937 1.427699 -0.258406 0.579917 0.280996 0.144742 0
-0.564360 -0.147121 0.912860 1.116056 -0.562968 -0.010919 -0.276333 -0.028690 0.093166 0
0.186095 0.153759 1.792846 1.338354 0.040319 -0.213019 0.823776 0.893658 0.799446 0
2.069650 0.235986 0.842532 0.930615 -0.227487 0.208648 -0.203734 -0.008070 0.131531 0
-1.959147 -0.233986 1.306459 1.640971 -0.493783 0.593549 -0.159449 0.011226 0.103775 0
0.452872 0.039492 0.022673 -0.203352 1.567326 -0.286052 0.726384 0.237968 0.008995 0
0.260075 -0.025927 0.030221 -0.050605 1.574990 0.176557 0.604017 0.283031 0.083898 0
0.282345 -0.063311 0.787066 0.911951 -0.142194 -0.068683 -0.174408 0.022011 0.107461 0
-0.719571 -0.092993 0.750613 0.301973 0.380957 0.615018 0.319061 0.329072 0.255303 0
-1.107690 -0.183346 0.894257 0.985534 -0.611778 -0.312303 -0.334578 -0.050086 0.125516 0
0.254141 -0.002671 0.240115 -0.033405 0.616462 -0.157680 0.206352 0.124298 -0.052399 0
-0.448732 -0.114714 0.229074 0.074434 0.690388 -0.240867 0.320375 0.159508 0.048004 0
-0.602499 -0.131554 0.405583 0.207262 0.647958 -0.233849 0.322848 0.176514 0.017681 0
-0.733163 -0.022157 1.611439 0.956040 1.500746 0.445166 1.720302 1.082474 0.701916 0
0.293814 0.030027 0.297185 0.071577 1.169125 0.234889 0.610837 0.279276 0.115334 0
-0.996155 -0.172497 0.372752 0.220877 0.139577 0.174421 -0.110458 -0.026442 -0.035109 0
-0.033829 -0.088337 0.674556 0.628424 0.559719 -0.134112 0.086137 0.120329 0.096916 0
1.151423 0.183704 0.210309 -0.114010 1.901260 -0.317190 0.761955 0.293394 0.044888 0
-0.190109 -0.048454 0.757716 0.485665 0.522251 -0.283761 0.240691 0.230484 0.215793 0
-0.897524 -0.172233 0.955169 1.143229 0.193562 -0.316001 0.075274 0.090167 0.129809 0
-0.206583 -0.001121 1.047546 0.627907 -0.545127 -0.229310 0.674128 0.452999 0.319069 0
1.093777 0.133859 0.521982 0.177856 0.248216 -0.289773 0.133948 0.035079 -0.109918 0
-1.465553 -0.208562 0.341706 0.345731 0.019573 -0.127744 -0.163014 -0.044576 0.015086 0
0.069429 -0.008564 0.945194 0.520142 -0.128233 -0.297921 -0.026714 0.118865 0.121041 0
1.232599 0.231030 0.625661 0.248634 0.157447 -0.241797 0.241090 0.215056 0.185123 0
0.197818 -0.042480 0.130271 -0.016328 0.597981 -0.169344 0.453338 0.205125 0.016363 0
-0.839706 -0.163138 0.037189 0.107748 -0.351131 -0.184556 -0.309792 -0.111392 -0.042584 0
-0.956138 -0.184839 0.283934 0.298305 0.278861 -0.281267 0.038203 0.047513 -0.004119 0
-0.781402 -0.138744 0.189317 0.033080 0.317512 0.077177 0.139637 0.111026 0.059930 0
0.022461 -0.018468 -0.324036 -0.394616 2.676117 -0.300431 0.912143 0.299997 -0.009657 0
0.251862 -0.036156 0.140569 0.068409 0.869878 -0.151362 0.218528 0.099300 0.033963 0
-0.792834 -0.161641 0.590864 0.642798 -0.050050 0.339204 -0.034655 0.008187 0.034420 0
-1.029963 -0.176692 0.360239 0.297198 0.685657 -0.164968 0.197591 0.097668 0.018490 0
-0.433792 -0.121562 0.252645 0.218496 0.423143 -0.264460 0.071633 0.013931 -0.001808 0
0.096783 -0.016217 0.550435 0.397952 0.111719 -0.298877 0.346909 0.307540 0.265125 0
-0.065540 0.079849 0.937635 0.415236 0.491039 0.131138 1.013571 0.562961 0.282972 0
0.610666 -0.012768 -0.186819 -0.206687 0.100440 -0.222463 -0.123240 -0.090573 -0.102390 0
2.781036 0.282807 0.289832 0.341879 -0.188309 1.023324 -0.303207 -0.123512 -0.050656 0
0.301051 0.030616 0.860465 0.464248 -0.741670 0.372145 0.067204 0.141966 0.131393 0
-1.226682 -0.192400 0.792371 0.935522 -0.598903 -0.251755 -0.159772 -0.035143 0.016100 1
1.043650 0.066223 0.219338 0.118178 -0.763021 -0.286573 0.143553 0.097601 0.061676 0
-0.141592 -0.078300 0.058641 -0.008004 -0.284468 -0.119499 -0.144584 -0.019871 0.007797 0
1.765501 0.507108 1.322022 0.758088 0.979607 -0.313692 0.149645 0.165988 0.215347 0
1.273759 0.198538 0.510401 0.331331 -0.016931 -0.200227 -0.131087 0.009629 0.087946 0
0.512085 -0.004862 0.481572 0.468269 0.103997 -0.081750 -0.072256 0.020663 0.064029 0
0.195774 -0.008763 0.390911 0.277229 0.271183 0.835068 0.150135 0.156956 0.177281 0
-0.034188 -0.066895 0.596147 0.580114 -0.191212 -0.280843 0.001561 0.108003 0.138642 0
-0.821073 -0.136003 0.313802 0.125561 -0.160055 0.247269 0.005367 0.077305 0.094354 0
0.056528 -0.096015 0.327640 0.363515 -0.557722 -0.287214 -0.307282 -0.109321 -0.027978 0
-1.370831 -0.186199 0.360511 0.196621 1.174532 -0.071360 0.286791 0.167802 0.122449 0
-1.209574 -0.200392 0.139062 0.299652 -0.513954 0.243127 -0.247813 -0.100425 -0.024871 0
0.843202 0.025089 0.043208 0.128668 0.500172 -0.090515 -0.033087 -0.002210 0.011403 0
-0.748501 -0.133905 0.643211 0.572562 0.436538 -0.237477 0.076845 0.113037 0.191860 0
0.256125 -0.042531 0.001637 -0.042665 0.259752 -0.281371 -0.122925 -0.095318 -0.087411 0
0.554694 -0.012399 0.587799 0.621872 0.821456 -0.281309 0.168711 0.051763 0.054177 0
0.662814 0.052336 0.386963 0.219250 0.784259 0.105418 0.385297 0.203087 0.133923 0
-0.332022 -0.137885 -0.249119 -0.209818 0.152409 -0.277960 0.078081 0.027352 -0.083951 0
0.761654 0.051733 0.347363 0.146928 1.016674 -0.298502 0.278407 0.135988 0.049231 0
0.084132 -0.066521 0.380965 0.336354 -0.176944 -0.314238 -0.263377 -0.135146 -0.059617 0
-0.832658 -0.152751 0.351754 0.219727 0.208092 -0.259374 -0.132951 -0.048311 -0.008620 0
-1.014647 -0.158502 0.244486 -0.075591 1.323792 -0.041954 0.450594 0.077488 -0.085583 0
-1.570978 -0.196728 0.722470 0.380092 2.412689 -0.318107 0.751187 0.291453 0.092002 1
0.622800 -0.020413 0.029636 0.167073 0.649054 -0.092875 0.066409 -0.003721 -0.012618 0
1.161890 0.191403 0.047845 -0.169126 0.147458 0.073666 0.314554 0.138075 0.039576 0
1.115470 0.069362 0.814010 0.797052 0.001624 -0.209238 -0.183731 -0.014057 0.104391 0
-1.482341 -0.201912 0.657971 0.460073 0.685938 -0.111682 0.303036 0.119128 0.088546 0
-1.293692 -0.197462 0.156975 0.218170 0.102787 -0.306433 -0.088157 -0.032517 0.006717 0
0.288166 -0.063973 0.211683 0.244766 -0.053564 -0.277257 0.021544 -0.042488 -0.063356 0
-0.008897 -0.087075 -0.372850 -0.417142 -0.430034 -0.017243 -0.425349 -0.248146 -0.187815 0
0.257224 -0.005780 0.590351 0.414347 0.997597 -0.140618 0.111296 0.005490 0.064479 0
-0.598816 0.117353 2.300573 1.645715 1.510836 -0.116639 2.274705 1.579880 1.238828 0
-0.053634 -0.001353 0.928995 0.629119 -0.127945 -0.218676 -0.003444 0.134167 0.188572 0
-1.662112 -0.221856 0.270379 0.307950 -0.452779 0.885862 -0.364730 -0.159777 -0.081663 0
1.043597 0.123751 0.366922 0.165720 -0.433919 0.512165 -0.146719 -0.012797 0.036774 0
-1.031665 -0.181653 0.201679 0.203018 0.610282 -0.314843 0.163081 0.106338 0.022419 0
-1.300469 -0.191990 0.311725 0.292257 0.653916 -0.233808 0.203738 0.093623 0.053217 0
-1.356275 -0.203713 -0.031736 -0.036769 0.104883 -0.231103 -0.109946 -0.039825 -0.093890 0
-0.779597 -0.157501 0.481770 0.408107 -0.020458 -0.227749 -0.071569 0.020158 0.066838 0
0.460557 -0.007171 0.580103 0.531618 0.762634 -0.198104 0.140492 0.094253 0.088083 0
-1.408945 -0.210594 0.050545 0.059115 0.200494 -0.244188 0.130716 0.020100 -0.097424 0
-0.254735 -0.105427 -0.339797 -0.415110 0.837289 -0.227395 0.027072 -0.086023 -0.217638 0
-1.666600 -0.221388 0.161420 0.133248 -0.705592 -0.068819 -0.471730 -0.244012 -0.127565 1
0.072022 -0.002822 0.475901 0.088845 -0.523502 0.136062 -0.149667 -0.015838 -0.025628 0
0.309036 -0.052731 0.221804 0.127094 -0.419015 -0.001622 -0.320825 -0.140052 -0.084769 0
-1.542522 -0.219280 0.093099 0.133278 -0.810907 -0.098128 -0.465528 -0.229106 -0.141838 0
0.190289 -0.035101 0.564556 0.337197 -0.735630 -0.070739 -0.361674 -0.164912 -0.084690 0
-1.362758 -0.202319 0.666540 0.569272 -0.228069 0.370188 -0.223049 -0.093424 -0.023824 0
-0.210884 -0.057774 0.477398 0.128607 1.342686 -0.312180 0.526134 0.077151 -0.076640 0
0.491517 -0.048809 -0.459768 -0.367150 -0.315806 -0.310958 -0.366014 -0.196866 -0.152073 0
1.313560 0.128032 -0.213862 -0.305937 0.540249 0.640974 0.263059 0.030644 -0.121293 0
0.365718 -0.079600 0.147783 0.305196 0.087153 -0.305385 -0.149058 -0.102723 -0.059973 0
-0.088278 -0.091639 0.079711 -0.033627 -0.754973 0.384591 -0.366683 -0.215000 -0.151503 0
-0.267170 -0.120134 -0.053412 -0.035551 0.261728 -0.319575 -0.218165 -0.153774 -0.084703 0
-0.854497 -0.132388 0.909709 0.569065 0.370528 -0.319758 0.292314 0.349287 0.295104 0
-0.072962 -0.015086 0.789540 0.393898 0.501644 -0.320542 0.756728 0.412675 0.162396 0
-1.110094 -0.189644 0.386740 0.547542 0.375862 -0.199883 -0.044660 -0.062530 -0.023606 0
-0.491349 -0.112441 0.408882 0.063511 -0.471650 -0.319744 0.099803 0.011148 -0.073005 0
-1.274824 -0.153165 0.770338 0.235783 -1.213110 0.759004 0.709732 0.284181 0.013709 0
0.204773 -0.050843 -0.049681 -0.097897 0.115849 0.000500 0.044642 0.018437 -0.013985 0
-1.204019 -0.199025 -0.080370 -0.065814 0.206915 -0.295033 -0.083076 -0.052963 -0.066591 0
-1.569337 -0.214451 0.390146 0.259943 -1.013274 -0.312432 -0.351447 -0.227412 -0.163967 0
0.770317 0.093478 0.271413 -0.026593 -0.593605 -0.263697 -0.208265 -0.123660 -0.072850 0
1.909664 0.350095 0.468333 0.124400 -0.109232 0.439259 -0.273830 -0.118138 -0.020350 0
0.327094 -0.072664 -0.181551 -0.046128 -0.665548 -0.267661 -0.445849 -0.223063 -0.109904 0
-0.152972 -0.078046 0.440916 0.127861 0.462958 -0.280540 0.050692 -0.046178 -0.139039 0
-0.895183 -0.166220 0.006701 0.050867 -0.405928 -0.265373 -0.261242 -0.120481 -0.068576 1
0.319727 0.062146 0.047496 -0.256401 0.218944 -0.217602 -0.030572 0.025584 -0.010502 0
-0.095912 -0.117659 0.172168 0.247754 -0.746660 -0.223882 -0.404221 -0.210957 -0.122457 0
-0.380638 -0.127672 0.202587 0.095474 0.875783 -0.304883 0.214740 0.050609 -0.061665 0
0.750826 0.018895 0.030973 -0.030191 -0.174711 -0.303813 -0.085263 -0.087052 -0.086057 0
1.650015 0.278454 0.052606 -0.184124 -0.080377 -0.310468 -0.283119 -0.150709 -0.058848 0
-0.920570 -0.166734 -0.263410 -0.292253 -0.119023 0.282656 -0.058903 -0.142830 -0.132389 0
0.750803 0.028670 0.257718 0.206987 0.532942 -0.178271 0.000251 -0.055684 -0.013023 0
1.829827 0.085443 -0.041631 0.187392 -0.666843 -0.266722 -0.370910 -0.186509 -0.092705 0
-0.009362 -0.071906 -0.441329 -0.488557 1.091929 1.188028 0.165042 0.005492 -0.138689 0
-0.434825 -0.116975 -0.327746 -0.456121 -0.547371 -0.298248 -0.072477 -0.226102 -0.224634 0
-0.178079 -0.120127 0.061777 0.239007 -0.283028 -0.286996 -0.168038 -0.107477 -0.068572 0
1.947225 0.510872 1.226012 0.695330 -0.643800 -0.307386 0.043324 0.094414 0.156930 0
0.359574 -0.053070 -0.031422 -0.053449 -0.293868 0.022040 -0.254148 -0.120121 -0.080193 0
0.670776 -0.006148 -0.117306 -0.065759 -0.152016 -0.291363 -0.238828 -0.167560 -0.110516 0
-0.297360 -0.067241 0.064915 -0.163038 0.390006 0.346672 -0.210402 -0.128616 -0.101757 0
-1.561616 -0.212708 0.214420 0.127219 0.027862 -0.193587 -0.128194 -0.102504 -0.073388 0
-0.242704 -0.090082 0.142947 0.007121 -0.623487 0.943223 -0.310998 -0.182348 -0.112595 0
0.432553 0.067104 0.027890 -0.212003 1.520857 0.324878 0.734480 0.209947 0.015401 0
0.920200 0.157697 0.246811 -0.014038 -1.029904 0.113428 0.119842 0.068886 0.009676 0
-0.239482 -0.068310 -0.022958 -0.136182 0.415059 0.126374 0.072504 0.108434 0.100290 0
-1.160806 -0.185560 0.271603 0.090277 -0.083727 -0.319256 -0.277723 -0.160365 -0.112678 0
0.333012 0.005872 0.703771 0.444361 0.059584 0.373320 -0.212733 -0.023500 0.052434 0
-0.382598 -0.079918 0.093327 -0.070081 -0.704417 -0.319367 -0.044714 -0.086246 -0.067113 0
-0.003083 -0.044693 -0.179815 -0.324038 -0.208513 0.175548 -0.284881 -0.189380 -0.195847 0
-1.369900 -0.202995 0.054001 0.012697 0.355784 -0.122224 0.121891 0.056832 -0.022185 0
0.025098 -0.027828 -0.583418 -0.635037 0.768280 0.116478 0.497412 0.011309 -0.142422 0
0.536089 0.002297 0.192074 0.147373 -0.169878 0.021054 -0.092413 -0.017885 0.032571 0
-0.547205 -0.101112 -0.004297 -0.191303 0.459160 0.084972 -0.002582 -0.077448 -0.082876 0
-0.280760 -0.107278 -0.082621 0.049023 0.161885 -0.262371 -0.216513 -0.089887 -0.014601 0
0.069528 -0.000009 0.365270 0.089428 -1.094759 0.152270 -0.159746 -0.127605 -0.120743 0
1.799520 0.292117 0.391312 0.179004 -0.980649 -0.269879 -0.329090 -0.075484 0.068204 0
0.477878 -0.033858 -0.543229 -0.486420 0.108463 -0.138240 -0.174973 -0.149460 -0.185836 0
-0.065350 0.043791 1.399257 0.920194 0.008693 0.018880 -0.184138 0.032219 0.206374 0
1.723526 0.200618 0.056456 -0.174079 0.493539 -0.272459 -0.033974 -0.130613 -0.169505 0
-1.077256 -0.177304 0.127337 -0.041088 -0.154482 -0.295225 -0.360151 -0.202076 -0.138728 0
-0.431202 -0.138352 -0.169839 -0.099450 0.614384 -0.299209 0.081219 -0.015725 -0.055302 0
0.548697 -0.027807 0.090881 0.105198 -0.341128 -0.316837 -0.257075 -0.123128 -0.087940 0
-0.926939 -0.146617 0.013109 -0.254097 1.299492 -0.317323 0.496705 0.179621 -0.053394 0
0.774128 0.044372 0.126441 -0.114031 -0.173727 -0.286792 -0.133736 -0.129848 -0.155206 0
-0.050487 -0.080586 -0.296562 -0.296710 -0.513899 0.113783 -0.338426 -0.190769 -0.118367 0
-1.573129 -0.213093 -0.161477 -0.257128 0.366475 -0.100410 -0.033266 -0.086804 -0.163714 0
-0.464359 -0.066182 -0.268447 -0.427315 -0.847412 0.368800 0.342875 0.012401 -0.073890 0
-1.457126 -0.211769 -0.148593 -0.034109 -0.561596 -0.231169 -0.409817 -0.197507 -0.108261 0
0.496925 -0.038487 -0.410489 -0.353182 -0.151612 -0.289436 -0.290435 -0.185114 -0.148076 0
1.035727 -0.004409 -0.486227 -0.217921 -0.402052 -0.296796 -0.380154 -0.232647 -0.163372 0
-0.773379 -0.141936 -0.139276 -0.267546 0.252211 -0.125560 0.031719 0.007940 -0.035333 0
1.706488 0.111151 -0.570636 -0.392161 0.239909 -0.021904 -0.266267 -0.188533 -0.161205 0
-1.658074 -0.216443 0.232631 0.121934 0.238487 -0.126970 0.013332 -0.049272 -0.045212 0
0.505968 0.019689 -0.417240 -0.527980 0.546538 -0.301933 0.297232 0.012637 -0.160768 0
0.619591 0.023874 -0.200322 -0.349859 0.270723 0.418614 0.058943 0.008255 -0.063994 0
0.159094 -0.082190 -0.254219 -0.300125 0.049074 -0.240969 -0.242406 -0.185457 -0.187300 0
0.268447 -0.080180 -0.446269 -0.279400 0.094814 -0.022352 -0.142752 -0.132812 -0.140106 0
2.003127 0.196464 -0.282359 -0.171057 0.658101 -0.230602 -0.084753 -0.122693 -0.103759 0
-1.184393 -0.191723 0.018355 -0.103092 0.127920 0.032086 -0.171290 -0.149154 -0.176518 0
-1.317511 -0.198971 -0.142721 -0.107968 -0.818413 0.705305 -0.432597 -0.203678 -0.108730 1
-0.075213 -0.081525 -0.307928 -0.261810 0.316920 -0.301138 -0.194748 -0.131221 -0.078865 0
1.499943 0.163155 -0.284747 -0.320108 0.594468 -0.078448 -0.054154 -0.088888 -0.127152 0
-0.775943 -0.121716 1.378992 1.184063 -0.507940 0.017021 0.353997 0.362261 0.354359 0
0.565518 0.133866 0.052183 -0.327561 1.019093 -0.316830 0.273188 -0.049672 -0.080199 0
0.245902 -0.037638 -0.344777 -0.420829 1.470666 0.720499 0.373032 0.034336 -0.156559 0
-0.462949 -0.117175 -0.235930 -0.333638 0.114458 0.349571 -0.240099 -0.160561 -0.148361 0
0.239958 -0.042178 -0.344585 -0.438944 0.544305 -0.274841 -0.030799 -0.100956 -0.189432 0
-0.632034 0.035993 3.674930 4.495408 -0.177545 1.258709 0.803260 1.008356 1.409018 0
-0.559546 -0.120757 -0.076598 -0.203551 -0.577434 0.149424 -0.222582 -0.107099 -0.077276 0
-0.068576 -0.049416 0.323913 0.084923 -0.045086 0.362125 -0.025792 -0.052328 -0.069488 0
0.779431 0.634527 0.996291 0.225447 1.769180 -0.176094 1.879835 1.146905 0.696459 0
0.374261 0.496924 0.973574 0.345736 2.273547 -0.308978 2.154374 1.340989 0.884191 0
2.256552 0.229107 -0.002882 0.056531 -0.264430 -0.060185 -0.289001 -0.153161 -0.081882 0
-0.863897 -0.149275 0.308361 0.089048 -0.610756 0.062498 -0.188976 -0.147529 -0.062912 0
-0.112180 -0.075510 -0.169704 -0.263279 -0.041467 -0.264773 -0.256210 -0.198189 -0.167928 0
-0.616554 -0.076941 2.633509 3.193350 -0.535457 -0.304185 0.373397 0.395494 0.533569 0
-1.031671 -0.185742 -0.158574 -0.062416 -0.582669 -0.302206 -0.414696 -0.224797 -0.127661 1
-0.165317 -0.080505 -0.587484 -0.609692 -0.023942 -0.062322 -0.127336 -0.134976 -0.204664 0
-0.222208 -0.076196 0.786903 0.548867 -0.296755 0.087500 -0.190628 -0.053355 -0.012111 0
-0.585150 -0.158800 -0.365737 -0.257352 -0.444159 -0.307148 -0.315378 -0.221803 -0.159222 0
-0.129287 -0.108611 0.289107 0.127091 -0.307863 -0.127626 -0.404484 -0.192132 -0.136167 0
0.565254 -0.019622 -0.405605 -0.463338 -0.917215 -0.298115 -0.269342 -0.179574 -0.182233 0
0.096831 -0.070365 -0.033334 -0.081907 -0.029023 -0.192950 -0.224123 -0.143045 -0.103327 0
0.385273 -0.048356 -0.530919 -0.485486 0.124332 1.185209 -0.086108 -0.153786 -0.221005 0
0.837298 0.014584 0.031444 0.049599 -1.016035 -0.228654 -0.535718 -0.227370 -0.076836 0
-0.138757 -0.061624 0.216049 -0.038920 0.601884 -0.271884 0.064533 -0.014390 -0.020520 0
-1.056380 -0.190715 -0.126543 -0.084120 -0.178326 0.275652 -0.228578 -0.137640 -0.109459 0
0.777987 0.023609 -0.386848 -0.406963 0.798383 0.179035 0.080296 -0.027614 -0.133956 0
-1.428915 -0.183404 0.161887 -0.123233 0.936732 -0.171245 0.296966 0.032648 -0.014392 0
-0.362378 -0.106312 -0.332412 -0.371213 0.307733 -0.305687 0.041140 -0.114074 -0.143234 0
-1.487787 -0.214298 0.343800 0.407466 -1.853767 -0.125636 -0.150158 -0.072347 -0.031323 0
0.228084 -0.019188 -0.104034 -0.250332 -2.760492 -0.152725 0.056462 -0.010089 -0.098811 0
-1.507928 -0.217849 -0.139155 0.038359 -0.596554 -0.050608 -0.287114 -0.180647 -0.122011 0
1.010547 0.162030 1.608607 1.459770 -0.270583 -0.238373 0.046795 0.251169 0.367353 0
-1.745628 -0.228580 -0.103801 -0.048072 -0.024723 -0.250270 -0.083301 -0.130946 -0.140654 0
2.003754 0.232002 -0.179066 -0.245713 -0.529905 0.117140 -0.371406 -0.245143 -0.166327 0
0.094603 -0.064375 -0.282586 -0.327372 0.299845 0.153718 -0.188922 -0.152259 -0.149427 0
2.452026 0.227406 -0.592953 -0.527067 -0.932178 -0.267168 -0.480014 -0.229897 -0.188782 0
1.793837 0.275114 -0.049420 -0.256121 -0.028229 0.378905 -0.018808 -0.066507 -0.136781 0
0.633922 0.041178 0.056200 -0.071774 -0.874354 -0.012803 -0.371441 -0.142354 -0.042013 0
1.939193 0.122168 -0.538106 -0.320634 -0.188501 -0.264812 -0.176884 -0.154340 -0.137738 0
0.024581 -0.080007 -0.424253 -0.395674 0.399892 -0.320015 -0.206733 -0.214777 -0.220863 0
-0.510699 -0.125769 0.227739 0.113547 0.778746 -0.282641 0.261988 0.034507 -0.059168 0
0.245214 -0.052592 -0.381704 -0.408700 0.742323 0.078758 0.102373 -0.062617 -0.159449 0
-0.105158 -0.058117 0.414017 0.095386 0.379913 -0.141638 0.389966 0.013842 -0.113689 0
0.149122 -0.053709 -0.188802 -0.199776 -0.435966 -0.162398 -0.172569 -0.123260 -0.061158 0
-0.939013 -0.158222 0.072987 -0.138055 -0.382819 0.634641 -0.206481 -0.160305 -0.110512 0
-1.429458 -0.205535 -0.426198 -0.422831 -0.683971 -0.017285 -0.338539 -0.247578 -0.182221 0
0.886295 0.100788 -0.102275 -0.273996 0.420237 -0.288851 -0.021893 -0.049849 -0.111279 0
0.060005 -0.080033 -0.370664 -0.290698 -0.475827 -0.077070 -0.305268 -0.234181 -0.183371 0
1.752568 0.155467 -0.123761 -0.128414 -1.544244 -0.194725 -0.206109 -0.228014 -0.217830 0
-1.080046 -0.199359 -0.219582 -0.074481 -0.509368 0.637245 -0.440348 -0.272174 -0.178616 0
0.191599 -0.065394 -0.710154 -0.656007 1.210608 -0.317480 0.225552 -0.028516 -0.200431 0
-0.320276 -0.126881 -0.188439 -0.181817 -0.030388 -0.306128 -0.347393 -0.225056 -0.163802 0
-1.454955 -0.215745 -0.507951 -0.337395 -1.065110 0.018888 -0.475862 -0.303777 -0.193078 1
1.653463 0.233429 -0.705256 -0.670341 1.044370 -0.194310 0.202782 -0.095504 -0.217490 0
-0.640372 -0.159371 -0.348490 -0.261957 -0.280353 -0.255630 -0.403618 -0.246032 -0.190113 0
-1.070907 -0.198195 -0.413798 -0.142101 -0.628001 -0.132704 -0.447330 -0.312816 -0.236243 0
1.176361 0.102583 -0.418454 -0.442935 0.874454 0.205276 0.273401 0.005552 -0.122975 0
-0.699403 -0.172627 -0.207510 -0.073559 -0.333897 -0.304861 -0.382384 -0.205819 -0.127757 0
0.411250 -0.019322 -0.347229 -0.366620 -0.988937 -0.273168 -0.207433 -0.237582 -0.139482 0
1.125328 0.055833 -0.508327 -0.437020 0.423797 0.494609 -0.120410 -0.175376 -0.177984 0
-1.447576 -0.207604 -0.080175 -0.195744 0.005199 0.554995 -0.419215 -0.243790 -0.154450 0
-1.524506 -0.212622 0.341738 0.260625 -0.273781 -0.227345 -0.144842 -0.126583 -0.080646 1
0.829901 -0.028730 -0.468553 -0.395358 -0.402792 -0.289499 -0.496524 -0.336972 -0.238317 0
0.074245 -0.100951 0.086176 0.184523 -0.022235 0.060369 -0.198814 -0.113722 -0.087652 0
-0.446543 -0.151420 -0.430666 -0.319993 -0.130561 -0.307578 -0.405192 -0.272791 -0.216126 0
1.054440 0.080439 -0.511294 -0.451870 -0.400849 -0.227675 -0.296204 -0.189058 -0.155902 0
0.074700 0.257307 0.900428 0.278292 2.067549 1.436513 1.294864 0.651531 0.397407 0
0.272218 0.013295 0.289698 -0.064854 0.394169 -0.162957 0.100225 -0.028214 -0.039482 0
-1.242064 -0.211543 -0.306857 0.058329 -0.382285 0.015378 -0.375968 -0.235067 -0.175534 0
-0.012587 -0.091670 -0.251741 -0.287840 0.013603 -0.287444 -0.207374 -0.145614 -0.153933 0
-0.307558 -0.098198 -0.217714 -0.278081 0.749460 -0.224795 0.148735 -0.048253 -0.106404 0
-1.899457 -0.237096 -0.055803 0.241920 -1.065705 -0.120867 -0.589122 -0.330331 -0.203447 1
1.402125 0.039542 0.018700 0.074285 -0.058796 -0.320548 -0.183273 -0.188500 -0.168011 0
0.982358 0.002448 -0.361551 -0.301153 0.232862 -0.109690 -0.120281 -0.138036 -0.197057 0
-1.018403 -0.120327 2.229520 2.265037 -0.845909 -0.317427 0.361131 0.381591 0.496555 1
-1.550648 -0.212379 -0.196614 -0.273332 -0.847586 0.494610 -0.065469 -0.109025 -0.176433 0
1.496585 0.107880 -0.282721 -0.254348 -0.782297 1.335401 -0.370488 -0.214908 -0.151772 0
-0.568643 -0.104386 -0.040493 -0.259820 -1.347868 -0.197497 0.037881 -0.131186 -0.074729 0
1.255569 0.168794 -0.072659 -0.288949 -0.178056 -0.316561 0.294624 -0.054991 -0.111806 0
-0.486082 -0.163005 -0.400379 -0.130146 -0.242767 -0.311304 -0.226992 -0.194545 -0.170844 0
-0.813731 -0.173702 -0.666246 -0.449217 0.256722 -0.197522 -0.133690 -0.169317 -0.210272 0
0.165508 -0.085388 -0.463118 -0.359597 -0.323777 0.624091 -0.282198 -0.226226 -0.208142 0
-0.518885 -0.141436 -0.353548 -0.283118 -1.321396 -0.136505 -0.666658 -0.345081 -0.182711 0
1.127207 0.003533 -0.566168 -0.376398 0.102763 0.085894 -0.288502 -0.263816 -0.225166 0
-0.121066 -0.044048 1.167495 0.893874 -0.890242 0.049228 0.214855 0.269337 0.291098 0
-0.732740 -0.157539 0.028570 -0.029157 0.896807 -0.059384 -0.014833 -0.086722 -0.094388 0
0.897057 -0.007743 -0.491927 -0.385912 -0.202875 -0.301965 -0.424665 -0.298267 -0.246273 0
0.162300 -0.051700 -0.391509 -0.454076 0.138653 0.214684 -0.237334 -0.209837 -0.215304 0
-1.577896 -0.223432 -0.318184 -0.155562 -0.422234 0.703732 -0.310759 -0.177601 -0.138156 0
-0.727163 -0.143847 -0.445607 -0.476468 -0.099631 0.036626 -0.265131 -0.205940 -0.203970 0
-0.699354 -0.174609 -0.458715 -0.298225 -0.212778 -0.320570 -0.186966 -0.137710 -0.157840 0
-0.539526 0.050583 1.106412 0.570546 0.633160 1.550860 1.504522 1.030426 0.754493 0
-1.195593 -0.194821 -0.681542 -0.555033 0.329644 1.781670 -0.064583 -0.112901 -0.214152 0
0.210545 -0.057291 -0.255784 -0.209920 -0.554212 0.524162 -0.181485 -0.093711 -0.043776 0
-0.639620 -0.132687 0.074668 -0.079502 -0.554275 0.876513 -0.435365 -0.222135 -0.099895 0
1.844721 0.155759 -0.049321 -0.053856 -0.430454 0.060063 -0.181220 -0.074761 -0.065642 0
0.761587 -0.031296 -0.509440 -0.393062 0.205436 0.133791 -0.146261 -0.152612 -0.195316 0
0.839345 0.095066 0.073141 -0.151411 0.942885 -0.319587 0.021650 -0.157614 -0.176605 0
-0.676961 -0.152055 -0.490980 -0.420359 -0.341932 0.288281 -0.151914 -0.153015 -0.168042 0
1.022198 0.025220 -0.484453 -0.340371 -0.337133 -0.309935 -0.467632 -0.259019 -0.195777 0
0.575826 0.005490 -0.273231 -0.414359 0.733950 -0.290649 0.307822 0.021805 -0.146175 0
1.326956 0.032269 -0.272335 -0.168771 0.161094 -0.316069 -0.491615 -0.326099 -0.197832 0
0.938051 0.027219 -0.756922 -0.642990 -0.390871 1.115805 -0.285376 -0.291397 -0.252933 0
-1.201162 -0.201113 -0.159650 -0.096813 -0.429277 -0.249900 -0.339622 -0.198091 -0.156434 0
0.770898 0.040236 -0.766415 -0.637617 0.005107 -0.317603 -0.194762 -0.189400 -0.220994 0
0.425202 -0.026577 0.058085 -0.036209 -0.422784 -0.299887 -0.332721 -0.171996 -0.098819 0
-0.731218 -0.160633 0.169709 0.154539 -0.667672 0.279446 -0.501475 -0.299267 -0.225796 0
-0.514008 -0.136903 -0.587461 -0.587077 0.665453 -0.292079 0.032575 -0.102371 -0.201646 0
0.046934 -0.061557 0.412992 0.233908 -0.758174 -0.316956 -0.414880 -0.183256 -0.109964 0
-0.051681 0.107233 0.932981 0.561986 1.027700 2.039356 0.244831 0.481986 0.564008 0
0.697130 0.002287 -0.448141 -0.437966 -0.720141 -0.070399 -0.226673 -0.142462 -0.172060 0
-0.052054 -0.116638 -0.323464 -0.240132 -0.119792 -0.311985 -0.436943 -0.313772 -0.253572 0
0.644377 -0.018846 -0.756206 -0.638491 0.007908 -0.307064 -0.255694 -0.208118 -0.247266 0
0.426485 -0.022011 -0.345478 -0.393386 -0.607620 -0.030693 -0.408055 -0.308481 -0.264752 0
0.011537 -0.070238 -0.323709 -0.418042 0.018597 -0.248759 -0.160519 -0.148182 -0.176260 0
-0.679396 -0.158460 -0.474449 -0.436674 0.977629 -0.320425 -0.028254 -0.134336 -0.185497 0
0.382002 0.012157 -0.203188 -0.359361 -1.386921 -0.221131 -0.109916 -0.217892 -0.210435 0
-1.008787 -0.191827 -0.598813 -0.451660 -0.168335 0.339982 -0.251547 -0.199854 -0.205089 0
-0.884893 -0.174658 -0.332372 -0.282506 -1.013508 0.645930 -0.411790 -0.277234 -0.185250 0
-0.261281 -0.148533 -0.097251 0.072527 -0.713798 -0.320590 -0.490775 -0.326374 -0.208002 0
0.372041 -0.024255 -0.694378 -0.622880 0.605156 -0.088530 -0.217804 -0.219246 -0.220027 0
0.365188 -0.043259 -0.695000 -0.607940 0.430197 0.174769 0.109069 -0.127491 -0.223816 0
-0.724283 -0.159808 -0.327021 -0.317021 -0.310993 -0.307060 -0.235856 -0.188132 -0.184234 0
-1.596321 -0.221990 -0.502271 -0.345658 0.292937 -0.317598 -0.198234 -0.186631 -0.175640 0
-0.254479 -0.058085 0.262978 -0.006734 0.286006 -0.316418 0.152626 0.041671 0.008603 0
-0.135198 -0.078654 0.430758 0.128506 0.509592 -0.314784 0.031728 -0.055870 -0.146611 0
0.666929 -0.042429 -0.061074 0.004271 -0.649903 0.491186 -0.463116 -0.290278 -0.192681 0
-0.077913 -0.072605 -0.279272 -0.386840 -0.723934 -0.318044 -0.416670 -0.328728 -0.218401 0
0.507357 -0.025714 -0.029131 -0.038957 -0.956857 -0.113351 -0.478938 -0.293199 -0.196439 0
-0.416586 -0.120874 -0.480412 -0.465220 0.924750 -0.256720 0.250087 -0.026869 -0.131976 0
1.310612 0.129306 -0.454115 -0.496787 0.501698 -0.319967 0.042921 -0.117658 -0.174122 0
-0.756227 -0.132195 -0.101953 -0.318594 1.058026 -0.316021 0.020483 -0.183095 -0.163564 0
-0.234140 -0.091210 -0.511649 -0.574552 -0.912455 -0.295844 -0.274717 -0.256373 -0.253310 0
0.419979 0.032785 0.308109 0.144096 -1.278414 -0.136949 -0.238317 -0.126530 -0.031664 0
-0.503412 -0.134453 -0.560349 -0.565010 -0.275332 -0.009481 -0.207613 -0.163821 -0.212760 0
-1.454694 -0.214339 -0.331416 -0.235364 -0.092522 0.557035 -0.224022 -0.220440 -0.194738 0
1.066994 0.042656 -0.404899 -0.382645 0.228101 -0.288834 -0.277576 -0.250577 -0.205165 0
-0.327385 -0.111195 -0.484413 -0.443020 0.186864 -0.250239 -0.262353 -0.222565 -0.191572 0
-0.734739 -0.173375 -0.779869 -0.548748 -0.703209 -0.003203 -0.367886 -0.288057 -0.256060 0
-1.696638 -0.225668 -0.450370 -0.280022 0.138540 -0.309155 -0.195751 -0.180709 -0.167765 0
-1.769391 -0.232984 -0.259788 0.085416 -0.872822 -0.280838 -0.511580 -0.310748 -0.192402 0
1.564194 0.141379 -0.172142 -0.297790 0.358090 -0.139319 0.091722 -0.116835 -0.205210 0
0.067532 -0.071672 -0.140847 -0.224888 -0.715357 0.459479 -0.421713 -0.267116 -0.192302 0
-0.120858 -0.121167 -0.740449 -0.548659 -0.205809 0.044153 -0.269412 -0.265882 -0.267107 0
-0.034663 -0.104701 -0.474052 -0.396090 -0.613545 -0.119890 -0.466776 -0.284862 -0.199672 0
-0.144446 -0.115561 0.041959 0.027834 0.367218 -0.184574 -0.170763 -0.170014 -0.179053 0
-0.894474 -0.185236 -0.639603 -0.423970 -0.127889 -0.228230 -0.259768 -0.202077 -0.188272 0
-0.370829 -0.131116 -0.251934 -0.130456 -0.172993 -0.040217 -0.385353 -0.233747 -0.142514 0
-0.274058 -0.001349 0.045769 -0.247302 0.456363 -0.217722 0.280464 0.152743 0.023247 0
-1.275792 -0.207245 -0.482040 -0.386588 -0.367717 -0.236815 -0.344705 -0.220552 -0.196887 0
0.290179 -0.047786 0.173522 0.004704 -0.743389 -0.315198 -0.396793 -0.238259 -0.144165 0
-1.628696 -0.229241 -0.732391 -0.309573 -1.226466 0.011490 -0.624421 -0.397424 -0.285848 0
1.111383 -0.021079 -0.891490 -0.655349 -0.223202 -0.318921 -0.303604 -0.254394 -0.283922 0
-0.965840 -0.168971 -0.267274 -0.409797 0.677267 0.023866 0.307517 0.006260 -0.185935 0
-0.045569 0.009181 0.417812 0.017864 0.815416 -0.122907 0.426580 0.062703 -0.081817 0
1.223936 0.053444 -0.369131 -0.336015 0.295495 -0.143949 -0.156990 -0.166399 -0.162706 0
0.959104 0.024005 -0.549718 -0.458964 -0.186329 -0.207534 -0.356649 -0.222662 -0.190109 0
0.594932 -0.034971 -0.389493 -0.323148 -0.292062 0.799624 -0.440714 -0.304043 -0.217203 0
-1.233208 -0.199904 -0.340627 -0.347254 0.154651 0.444387 -0.123463 -0.189363 -0.218081 0
-0.956950 -0.158577 0.025269 -0.182905 0.270659 0.051081 -0.189255 -0.149696 -0.099609 1
0.831632 0.020870 -0.139032 -0.206516 -1.249693 0.520405 -0.501871 -0.352614 -0.266285 0
-1.074833 -0.152454 0.368599 0.135801 -0.319749 0.896190 -0.035521 0.071454 0.130150 0
-1.628763 -0.221103 -0.642276 -0.534976 -0.030554 -0.320490 0.005110 -0.105066 -0.183871 1
-1.130771 -0.200800 -0.624895 -0.434857 -0.839349 -0.231402 -0.439273 -0.272744 -0.235063 0
-0.010664 -0.060135 0.419973 0.153604 -0.500541 0.725004 -0.359302 -0.233912 -0.162984 0
0.739953 0.330689 0.283447 -0.189404 1.449431 0.239513 0.631082 0.277850 0.045903 0
1.589844 0.104588 -0.212016 -0.193350 -1.002058 -0.277638 -0.585480 -0.306674 -0.186701 0
0.318899 0.031230 0.460837 0.080089 -0.724216 -0.299766 -0.138446 -0.097324 -0.015364 0
0.621323 0.008572 -0.157154 -0.327695 -0.230786 0.043235 -0.305778 -0.192379 -0.202143 0
1.786713 0.123275 -0.412600 -0.329792 0.429147 -0.096280 -0.280942 -0.254157 -0.191221 0
-0.556703 -0.150866 -0.648928 -0.558108 0.169118 0.149412 -0.208771 -0.197690 -0.236396 0
0.169441 -0.022866 -0.160638 -0.375841 0.505039 -0.254262 -0.043581 -0.091523 -0.165275 0
0.755564 -0.011387 -0.492908 -0.404166 -0.235159 -0.069496 -0.260888 -0.226252 -0.192709 0
-0.872653 -0.164623 -0.291243 -0.397474 -0.407860 0.489860 -0.181812 -0.185761 -0.225801 0
0.300399 -0.044617 -0.160215 -0.247736 -0.622934 -0.084389 -0.469220 -0.300496 -0.218259 0
0.605370 -0.006103 -0.137547 -0.253604 -0.394358 -0.279429 -0.337784 -0.283405 -0.270367 0
1.035563 0.005754 -0.252726 -0.127393 -0.809240 -0.305046 -0.569230 -0.310884 -0.196269 0
-0.882677 -0.186784 -0.656748 -0.479125 -0.644487 0.634783 -0.515228 -0.321559 -0.245179 0
1.153386 0.037227 -0.531332 -0.413796 0.090821 -0.319368 -0.376974 -0.306895 -0.226322 0
1.470508 0.080754 -0.176801 -0.171359 -0.516773 -0.170516 -0.352702 -0.301435 -0.237926 0
-1.313195 -0.210780 -0.662004 -0.412109 -0.782965 -0.158631 -0.569134 -0.348289 -0.238552 0
1.729737 0.182676 -0.527104 -0.503420 0.181504 0.172801 -0.234671 -0.218169 -0.202681 0
-0.543503 -0.115686 -0.301131 -0.389196 0.067684 -0.288457 -0.047757 -0.230589 -0.201902 0
0.503176 0.047763 1.240238 1.398865 -0.671357 0.196066 -0.497109 -0.167233 0.072614 0
-1.443439 -0.193592 0.478090 0.207413 -0.038872 -0.078493 -0.097257 -0.081824 -0.015174 0
-1.618361 -0.224127 -0.113820 0.087198 -0.619642 -0.227186 -0.478749 -0.266395 -0.166041 0
2.113100 0.269346 -0.769727 -0.663303 0.770246 -0.070892 0.048416 -0.132407 -0.236428 0
-0.503155 -0.158072 -0.429918 -0.194332 -0.973172 -0.314734 -0.541560 -0.320963 -0.197872 0
0.500992 -0.033638 -0.451767 -0.368359 -0.796099 0.650678 -0.449915 -0.315594 -0.218845 0
-0.422181 -0.095913 -0.284133 -0.451006 -0.254867 -0.308911 -0.285110 -0.220595 -0.231222 0
0.197944 0.003906 0.683023 0.469709 -0.340031 -0.297619 -0.222429 -0.009622 0.071260 0
-0.184427 -0.129614 -0.768018 -0.552316 -0.019343 -0.320454 -0.289403 -0.232395 -0.220327 0
1.909715 0.184050 -0.789277 -0.608073 -0.260939 -0.320532 -0.299918 -0.262496 -0.238708 0
1.179279 0.111093 -0.658304 -0.587203 1.014553 0.579673 0.185695 -0.044934 -0.133166 0
0.058759 0.166141 0.963138 0.507268 0.456928 1.000883 0.642147 0.650374 0.546645 0
1.005297 0.008485 -0.561399 -0.453864 0.085393 -0.320594 -0.095910 -0.198017 -0.265224 0
-0.805299 -0.181399 -0.437715 -0.305237 -0.742267 -0.320388 -0.448343 -0.309490 -0.272072 1
-0.899679 -0.190657 -0.703460 -0.447031 -0.058608 -0.301404 -0.402225 -0.281059 -0.257939 0
1.122595 0.025310 -0.506552 -0.411651 -0.669298 -0.214369 -0.510112 -0.302956 -0.206835 0
1.128646 0.053460 -0.332771 -0.354709 -0.692779 0.201202 -0.414223 -0.344999 -0.268654 0
1.169196 0.006774 -0.556193 -0.408812 0.269810 -0.283713 -0.176071 -0.170171 -0.200828 0
0.291538 -0.032566 -0.358983 -0.435542 1.033221 0.474313 0.151624 -0.148248 -0.161019 0
-0.701040 -0.140206 -0.198554 -0.356250 -0.517151 -0.300013 -0.211785 -0.211647 -0.219461 0
0.694364 0.063598 0.224994 -0.011225 -0.087485 -0.304319 -0.052061 -0.059047 -0.058813 0
1.463921 0.048582 -0.569997 -0.399168 -0.842808 0.238461 -0.492883 -0.334296 -0.246885 0
-1.437466 -0.189822 0.006943 -0.279808 1.992993 0.464619 0.528711 0.021750 -0.155962 1
-0.078665 -0.109151 -0.328523 -0.236020 -0.554093 0.495312 -0.379995 -0.288585 -0.293144 0
0.310889 -0.068617 -0.470015 -0.385259 -0.061516 0.996568 -0.361647 -0.279918 -0.225488 0
0.189240 -0.061233 -0.591567 -0.461080 -0.265107 -0.263259 -0.217363 -0.212337 -0.177644 0
-1.193887 -0.182140 -0.562548 -0.569141 0.594280 -0.196211 -0.154745 -0.187863 -0.213573 0
0.925049 0.099475 -0.385751 -0.410315 0.271031 0.121944 -0.076658 -0.181276 -0.136325 0
-1.404191 -0.189935 -0.042361 -0.295602 0.468047 0.029945 0.447224 -0.012625 -0.173663 1
-0.546606 -0.100551 0.268697 -0.044618 -0.864023 -0.314934 -0.213537 -0.091304 -0.031539 0
-0.480915 -0.112237 0.017274 -0.219390 0.976519 -0.170849 0.334295 0.064439 -0.078697 0
-1.004334 -0.190306 -0.402948 -0.203028 -0.650639 -0.015156 -0.452992 -0.318562 -0.217462 0
0.828459 -0.029369 -0.513768 -0.223711 -0.442894 -0.283025 -0.326888 -0.249082 -0.162541 0
-0.070904 -0.125121 -0.707145 -0.529318 -0.464785 -0.318914 -0.449393 -0.296660 -0.235515 0
0.957371 0.027575 -0.646435 -0.516280 0.420130 -0.291879 -0.150252 -0.179953 -0.202183 0
0.138939 -0.058950 -0.552682 -0.481982 0.274735 -0.313915 0.104286 -0.120408 -0.178952 0
-1.338840 -0.210398 -0.993351 -0.739734 -2.143027 -0.034965 -0.477496 -0.443910 -0.368207 0
0.380604 0.004179 -0.155588 -0.325252 -0.303516 -0.260866 -0.012051 -0.209546 -0.201342 0
0.244886 0.025511 0.135764 -0.154569 -0.059840 -0.143768 -0.023164 -0.102371 -0.038621 0
-0.992689 -0.189586 -0.749609 -0.510617 -0.122519 0.016804 -0.249196 -0.229592 -0.221681 0
0.496502 -0.022918 0.481147 0.355654 -1.010658 0.242060 -0.327126 -0.208034 -0.149870 0
0.271520 -0.094266 -0.546890 -0.343819 -1.240618 -0.311688 -0.606446 -0.352059 -0.228678 0
0.980771 -0.013138 -0.381663 -0.247863 -0.280465 -0.295624 -0.397661 -0.290672 -0.192504 0
-0.164320 -0.116403 -0.735677 -0.613349 0.036938 -0.293936 -0.463020 -0.358395 -0.298966 0
0.258195 -0.089712 -0.513475 -0.316813 -0.948346 -0.303244 -0.575911 -0.336420 -0.220192 0
