8.604632 38.809903 7.013823 8.493974 10.398532 3.137353 19.843480 21.526001 22.074893 0
1.289901 3.795500 7.072771 8.539890 9.126486 13.061926 16.438843 17.938731 18.348197 0
-0.275980 0.124939 4.659846 4.822542 2.624109 -0.115178 3.142987 3.250921 3.070664 0
-0.285041 0.133708 5.329465 6.074753 2.212807 0.553617 2.861290 3.034563 3.120099 0
-0.449063 0.014289 3.721399 3.953663 3.369971 -0.123383 2.341852 2.081794 1.922549 0
0.487403 0.202380 3.109858 3.078313 3.273190 -0.241063 2.809032 2.164346 1.777226 0
-1.273661 -0.116904 3.555550 3.820400 1.110121 -0.267828 1.173445 1.156285 1.228018 0
-0.622010 -0.054228 2.876163 2.868591 2.084145 0.113116 1.918338 1.556870 1.145119 0
-0.989226 -0.105820 3.329312 3.518670 1.257763 1.174798 1.061759 1.136511 1.014177 0
1.226272 0.261910 2.444400 2.112366 1.018474 -0.284860 1.082616 1.179381 1.046551 0
0.014801 0.288301 3.289481 3.241269 2.957084 2.406356 3.359863 3.053931 2.926361 0
2.953945 2.829845 2.241097 1.528571 4.509380 -0.183357 5.134233 4.193667 3.446869 0
-0.431832 -0.049357 3.688740 4.144847 1.852925 -0.290931 1.168244 1.058897 0.994960 0
-0.756521 -0.067175 2.646012 2.551419 0.775991 -0.289258 1.146300 1.221148 1.178880 0
-0.818820 -0.073842 2.364910 1.907100 0.259399 -0.230645 0.641139 0.794731 0.843360 0
-0.517953 -0.049739 2.491714 2.399457 2.252112 -0.210585 1.337983 1.120156 0.805652 0
0.601569 0.149222 2.456738 1.926499 2.253594 0.062691 1.050422 0.829130 0.680616 0
-0.333716 -0.032799 2.206799 2.151069 2.051308 -0.282650 1.165529 0.991919 0.807961 0
0.218011 0.035788 2.249823 2.276004 0.737572 0.592769 0.665860 0.685269 0.631709 0
-1.338399 -0.137771 3.221020 3.748514 0.902666 -0.249550 0.559032 0.695079 0.825787 1
-0.919834 -0.113893 2.553705 2.834783 0.294543 -0.250023 0.654105 0.634732 0.617107 0
-0.711504 -0.082769 2.203928 2.108821 1.289005 -0.287535 1.006832 0.816847 0.685368 0
-0.522723 -0.058040 1.275291 0.885115 2.500084 -0.291076 1.503759 0.978112 0.599664 0
-1.430385 -0.141348 1.931026 1.744072 1.827606 0.784058 1.315797 0.922451 0.584533 0
-0.726467 -0.101661 1.324718 1.248056 1.184252 -0.135738 0.510218 0.458805 0.396951 0
0.048698 -0.004552 2.083188 2.071228 0.820216 0.647382 0.581634 0.604246 0.523429 0
0.236164 0.012396 2.598217 2.863207 0.189333 -0.068326 0.511482 0.575445 0.620721 0
0.273401 -0.002956 2.074721 2.329301 1.090029 -0.075591 0.601085 0.534856 0.499067 0
-0.115922 -0.010099 1.707874 1.410183 1.175797 -0.275817 1.043277 0.822900 0.540292 0
-0.540084 -0.065918 1.238403 0.783043 0.811471 -0.086426 0.535165 0.502036 0.391534 0
0.528864 0.144583 2.594149 2.051984 1.561827 -0.044209 1.173585 0.906127 0.738895 0
0.120187 -0.003057 0.959460 0.768846 -0.498412 -0.078878 -0.081099 0.273850 0.346012 0
-0.984881 -0.123014 1.756876 1.939364 0.486491 0.459013 0.373124 0.380092 0.406616 0
0.053520 0.063580 2.097209 1.865437 0.389151 -0.291326 0.834571 0.861024 0.880369 0
0.102457 0.003390 1.805553 1.702902 0.390465 1.756838 0.564250 0.607539 0.521318 0
-0.331515 -0.078110 1.954879 2.196739 -0.082549 -0.137383 0.152456 0.272038 0.299150 0
0.492024 0.050432 0.498537 0.147402 2.749771 -0.269679 1.306695 0.716825 0.301356 0
-0.221025 -0.035470 0.680989 0.272958 -2.748537 -0.262912 0.418876 0.269773 0.187172 0
-0.930977 -0.113322 1.534017 1.613016 1.035971 0.113562 0.863346 0.648440 0.511018 0
0.196990 0.040578 1.487244 1.041873 0.747813 -0.271323 0.489251 0.511672 0.439471 0
-1.280095 -0.131395 1.544790 1.446851 2.312987 -0.254264 1.153103 0.725558 0.540752 1
0.017407 -0.014781 2.228746 2.273829 0.894047 -0.189904 0.693581 0.716853 0.657559 0
0.652762 0.043392 2.210372 2.475484 0.994204 -0.275594 0.474437 0.483969 0.461491 0
-0.969287 -0.109854 0.941096 0.479448 2.266796 -0.024491 1.315283 0.710969 0.280106 0
-0.735066 -0.084640 1.486748 1.276179 0.662322 -0.291414 0.720529 0.624838 0.583910 0
-1.539657 -0.152548 1.788380 1.673490 0.430689 -0.252524 0.393999 0.438176 0.439855 0
-1.193779 -0.143174 2.933140 3.509827 0.187637 -0.291617 0.214340 0.335746 0.410042 0
-0.650572 -0.097847 1.431134 1.325356 1.201353 0.167896 0.570231 0.427484 0.340327 0
1.684642 0.284251 1.811662 1.532391 -0.023244 -0.289025 0.183534 0.333456 0.427537 0
0.007546 -0.010317 0.775162 0.406634 2.512981 -0.088611 1.098068 0.587354 0.320324 0
0.965814 0.110015 0.909583 0.870249 1.461841 -0.177691 0.551123 0.394079 0.293590 0
-0.120595 -0.004077 1.579017 1.445508 0.450946 -0.287928 0.647014 0.701558 0.678713 0
1.684641 0.209198 0.695290 0.668512 0.657356 -0.198720 0.473739 0.357339 0.307838 0
-0.225966 -0.038884 1.419380 1.263711 1.383263 -0.101087 0.509880 0.457400 0.390732 0
-0.260549 -0.048760 1.079682 0.822331 0.485536 -0.269324 0.503570 0.351584 0.257983 0
-0.627124 -0.104687 0.622156 0.415307 0.499273 0.027928 0.412145 0.317996 0.163625 0
-0.726220 -0.099260 1.212037 1.101989 -0.295016 -0.291754 -0.056558 0.193441 0.315908 0
1.683518 0.224332 1.027435 0.840189 0.782008 -0.290717 0.727424 0.502118 0.400852 0
0.815923 0.037137 2.096884 2.379552 0.661006 -0.232331 0.299405 0.302676 0.343298 0
0.115117 0.046581 0.699486 0.195509 1.978884 -0.218225 1.241768 0.495560 0.228057 0
-0.986680 -0.121280 1.858638 1.869941 0.728508 -0.240164 0.344345 0.379362 0.385245 0
-0.237500 0.001305 1.152156 0.722564 1.660829 -0.156986 0.530562 0.531123 0.523997 0
-0.651127 -0.088692 1.405927 1.249169 0.059992 -0.291405 0.375523 0.434317 0.454693 0
1.000359 0.122061 0.646455 0.443612 1.983566 -0.271217 0.639411 0.425219 0.286138 0
-1.228682 -0.132737 0.880609 0.450505 1.489958 -0.221781 0.863715 0.429917 0.117276 1
0.012738 -0.002419 1.402947 1.250317 1.817316 0.347056 1.159976 0.655004 0.480772 0
-0.165720 -0.007317 0.463765 0.078190 1.924659 -0.235164 0.846890 0.603330 0.357785 0
-0.284830 -0.028457 1.204842 0.875282 1.280798 -0.042664 1.138808 0.590430 0.306962 0
-0.000153 0.079656 1.376730 0.806852 0.863595 -0.111357 0.876214 0.655135 0.626365 0
-0.358622 -0.050392 0.509788 0.117040 1.883453 -0.215225 0.803571 0.338076 0.108496 0
0.783923 0.080087 0.842568 0.568853 0.967416 -0.066474 0.566598 0.435664 0.278325 0
-0.921310 -0.121791 0.576168 0.320958 0.107618 -0.238554 0.329381 0.259414 0.157774 0
0.019864 -0.023450 1.382659 1.303655 0.511523 -0.287597 0.371826 0.308757 0.301595 0
-1.308629 -0.131206 0.905021 0.473037 1.225042 1.458746 0.777388 0.481999 0.244903 0
0.382817 0.010688 0.328461 0.088497 0.638356 -0.278656 0.033022 0.104098 0.083483 0
-0.319651 -0.047972 1.037293 0.832204 -0.325095 -0.177452 -0.059792 0.179071 0.277261 0
0.748990 0.176347 1.633481 1.193700 0.857126 -0.201981 0.695355 0.529276 0.597337 0
-1.372394 -0.150096 0.779780 0.717332 0.168301 0.047045 -0.002081 0.088161 0.088458 0
-0.450556 -0.090819 1.209227 1.270468 0.542375 0.246378 0.162774 0.136927 0.167072 0
-1.315650 -0.139867 0.813974 0.307337 1.134936 0.133315 0.761656 0.477361 0.160657 0
0.680937 0.034031 1.182110 1.169820 -0.165619 -0.271592 0.155887 0.217167 0.258977 0
-0.702209 -0.102729 0.258979 -0.029571 1.308178 0.266328 0.762758 0.348072 0.033199 0
-0.167697 -0.016621 0.829450 0.429145 0.688825 -0.291337 0.298687 0.359268 0.308611 0
-0.786536 -0.101283 1.238889 1.107480 0.309370 -0.265204 0.683108 0.540158 0.414893 0
2.538851 0.323464 1.095585 1.040380 0.173292 0.927662 0.123673 0.191650 0.266496 0
-0.069857 -0.041716 0.674899 0.629657 0.803006 0.150902 0.301184 0.294621 0.213995 0
0.126757 0.028945 0.851586 0.355846 1.212993 -0.290400 0.608281 0.430633 0.192575 0
-0.823736 -0.120458 0.298129 0.226637 0.391371 -0.063175 0.213328 0.201835 0.109611 0
1.287951 0.092287 0.695088 0.611938 -0.536434 -0.144521 -0.210659 -0.006782 0.096162 0
2.244284 0.212004 1.031200 1.139191 0.544983 -0.225451 0.183068 0.196687 0.211735 0
1.175461 0.171236 0.857344 0.373773 0.745505 -0.267515 0.870626 0.597915 0.308861 0
-0.477594 -0.052710 1.431444 0.934841 -0.596275 0.099313 0.251443 0.365148 0.437218 0
-1.138310 -0.141807 1.267381 1.431224 0.814533 1.142361 0.299854 0.256559 0.232858 0
-0.805473 -0.118921 0.935552 1.133189 -0.245626 -0.016578 0.066738 0.181407 0.257128 0
0.128684 0.005343 0.558451 0.387276 0.719615 -0.250208 0.228645 0.324763 0.338890 0
-0.946087 -0.137226 0.657552 0.786760 0.142675 0.235555 0.021759 0.092804 0.058294 0
-0.813226 -0.112198 0.525890 0.311588 1.143712 -0.098214 0.491616 0.341238 0.180453 0
-0.418058 -0.093649 0.294438 0.331895 0.766197 -0.110081 0.098693 0.114931 0.098569 0
-0.223269 -0.036619 0.687407 0.383035 0.782462 -0.289461 0.222391 0.191244 0.198311 0
0.127118 -0.026551 0.784446 0.668842 0.336823 -0.021557 0.164116 0.144737 0.188908 0
0.006151 -0.019984 0.121278 -0.092599 1.387108 -0.154272 0.680788 0.281742 0.089866 0
1.640878 0.268525 1.965960 1.725617 -0.252797 0.743962 -0.007987 0.274385 0.430091 0
-0.531937 -0.086937 1.093030 0.958566 0.389184 -0.114789 0.527696 0.373531 0.268641 0
0.489899 0.064432 0.235878 -0.100340 1.033915 -0.291781 0.373993 0.189994 -0.001063 0
-0.711976 -0.107897 0.596498 0.325611 0.235963 -0.245633 0.082577 0.077184 0.015003 0
-0.511419 -0.094496 0.842324 0.617430 0.127749 -0.220141 0.107968 0.193995 0.139469 0
-1.163050 -0.134692 0.601164 0.384117 0.690881 3.019958 0.309315 0.302968 0.212833 0
-1.195720 -0.144441 0.668008 0.556678 0.627816 -0.290769 0.326642 0.178324 0.008502 0
-1.346804 -0.156191 1.561651 1.998775 0.107463 -0.236813 -0.063104 0.051679 0.153617 1
0.376870 -0.022352 0.529832 0.532654 0.356999 -0.280976 0.022013 0.060116 0.054059 0
-1.157287 -0.144472 1.274390 1.446349 -0.741737 -0.290688 -0.270496 0.009347 0.126561 0
0.341078 -0.024887 0.458451 0.308929 0.615579 -0.112609 0.140763 0.092447 0.078441 0
-1.214108 -0.137064 0.293763 -0.014602 1.096790 -0.172367 0.798290 0.375904 0.068587 0
0.142690 0.021168 0.801486 0.457468 0.242764 -0.291785 0.397006 0.283331 0.222014 0
-0.262218 -0.033836 -0.112417 -0.281543 0.659206 0.288905 0.885942 0.380487 0.143648 0
-1.426866 -0.148028 0.685686 0.522037 -0.394364 0.571899 -0.035064 0.094273 0.185666 0
0.775947 0.123551 0.337853 0.017124 -0.124444 0.215761 -0.012578 0.028487 -0.034863 0
0.368618 -0.009356 0.213796 0.062163 -0.048058 -0.238175 -0.063872 0.011309 0.016935 0
-0.911604 -0.121287 0.582890 0.364225 1.025866 -0.079961 0.522298 0.330693 0.190678 0
-0.265474 -0.067933 0.663571 0.425744 0.497272 -0.084359 -0.016565 0.087158 0.061772 0
-0.746138 -0.111144 0.011341 -0.168562 1.305802 0.030620 0.669515 0.339499 0.046117 0
-0.474006 -0.096494 0.506425 0.446532 0.165061 -0.256013 0.136252 0.153759 0.097198 0
0.013455 -0.070360 0.443993 0.389502 0.511021 0.492637 0.180528 0.080561 -0.077736 0
-1.442019 -0.156446 0.765472 0.738867 0.345565 -0.214916 0.117050 0.125362 0.086727 0
0.442913 0.119649 0.604563 0.142099 0.574702 0.012292 0.827031 0.451979 0.277898 0
-1.355334 -0.151476 0.214784 0.086850 0.576890 -0.222668 0.288054 0.140044 0.014283 0
-0.289737 -0.095698 0.637207 0.829891 0.436868 -0.290962 0.057199 0.060150 0.045021 0
-0.705428 -0.104993 1.441842 1.522537 0.156753 -0.242216 0.200464 0.237685 0.263757 0
-0.475731 -0.098659 0.016667 -0.066855 -2.073981 0.196302 0.255376 0.174678 0.043360 0
-0.503720 -0.108485 0.719834 0.827655 -0.395332 -0.206943 -0.190038 -0.008943 0.076679 0
-1.728397 -0.167157 0.723050 1.010381 -0.060463 -0.288458 0.007694 0.061062 0.065375 1
-0.300818 -0.087871 0.828342 0.919966 0.340746 -0.200445 0.191544 0.149617 0.122272 0
-0.641288 -0.108947 0.732414 0.817104 -0.324436 0.392943 -0.070307 0.087532 0.137353 0
-0.278930 -0.096315 0.069928 0.093252 0.635362 -0.265279 0.111041 0.034901 -0.021339 0
-0.292764 -0.083567 -0.217595 -0.291082 0.049308 -0.279251 0.028418 0.014200 -0.049917 0
-0.986248 -0.127384 0.373138 0.195787 0.210932 -0.209427 0.096908 0.170898 0.140196 0
-1.051471 -0.119699 0.984775 0.784547 -0.143606 0.293015 0.060943 0.209033 0.304684 0
-0.436838 -0.077014 -0.045652 -0.224105 0.697068 0.104006 0.501841 0.139475 -0.040148 0
-0.879574 -0.129333 0.497193 0.559700 0.462747 -0.127558 0.105944 0.113225 0.077339 0
-1.558542 -0.163246 0.443897 0.588773 0.232159 0.323891 0.046888 0.072311 0.041483 0
-0.213200 -0.062278 0.381436 0.211134 0.946505 1.135284 0.351932 0.223388 0.098219 0
0.791107 0.018635 0.102728 0.098729 0.412901 0.103358 0.147289 0.133945 0.075227 0
-0.506534 -0.071378 -0.103851 -0.389302 0.898313 -0.202948 0.273797 0.126858 -0.075494 0
-0.803961 -0.123607 -0.097103 -0.141671 0.424012 -0.246682 0.174898 0.059515 -0.042154 0
0.449702 -0.024414 -0.048004 -0.083601 1.248565 -0.289702 0.393163 0.201503 0.004624 0
1.939290 0.209891 0.192368 0.162469 1.069529 -0.274807 0.322914 0.201292 0.099170 0
-0.125017 -0.066342 0.329891 0.303649 1.000008 0.627946 0.231483 0.169568 0.096434 0
-0.918838 -0.124927 0.507554 0.542047 -0.018362 0.044859 0.038841 0.054963 0.082995 0
1.306710 0.102734 0.097527 0.028349 0.376991 -0.234657 -0.002683 0.071408 0.054281 0
0.349896 0.009674 0.237968 -0.030773 -0.457391 0.333040 -0.113464 0.052191 0.093478 0
1.175842 0.058915 0.627359 0.576318 -1.072561 -0.273462 -0.433281 -0.120069 0.019017 0
0.912167 0.249780 1.098670 0.580574 1.113779 -0.170999 0.464387 0.405071 0.491299 0
1.992949 0.245739 0.516971 0.439384 -0.092053 -0.223882 -0.084135 0.083525 0.161542 0
-0.299527 -0.073287 0.289143 0.117530 0.601250 0.076010 0.340127 0.084274 0.039100 0
-0.756430 -0.099133 0.093794 -0.062509 0.749674 0.562316 0.779739 0.375973 0.183760 0
-1.401042 -0.157493 0.152127 0.315226 -0.165177 -0.281470 0.097446 0.051480 0.038087 0
-1.589079 -0.162472 0.626178 0.693608 -0.314894 0.485643 0.040468 0.065412 0.046694 0
-0.753891 -0.105831 0.578000 0.364790 -0.104253 -0.022752 -0.164087 -0.012865 0.062437 0
0.132190 -0.059679 0.561787 0.764624 0.277121 -0.268053 -0.064842 0.042290 0.087671 0
-0.789396 -0.115204 -0.063984 -0.130309 0.831439 0.442302 0.383738 0.210599 0.078151 0
-1.078768 -0.140832 0.171490 0.075677 -0.233734 -0.243537 -0.279223 -0.128255 -0.060386 0
-0.384482 0.020004 1.081890 0.492335 0.972290 0.293861 0.231044 0.348395 0.402508 0
0.594862 -0.005599 0.588101 0.723188 0.626231 -0.159095 0.084780 0.051713 0.088593 0
-0.671483 -0.107399 -0.011476 -0.098254 0.278235 -0.246944 0.084451 0.076531 0.020561 1
0.493436 0.065849 0.785336 0.369992 -0.029611 0.000391 0.158322 0.145104 0.166196 0
-0.140956 0.044862 0.979290 0.478217 2.431267 -0.286568 1.542812 0.783099 0.514640 0
-0.430295 -0.066685 0.371066 0.059248 0.102314 -0.256014 -0.142311 0.035636 0.095382 0
-0.842524 -0.124058 0.612135 0.614266 0.151934 -0.250710 -0.009789 0.029224 0.043024 0
1.982590 0.293187 1.001414 0.588863 0.604918 -0.205673 0.452965 0.351671 0.246268 0
-0.265696 -0.086532 0.543243 0.527102 -0.399060 -0.249821 -0.114000 -0.042606 0.003515 0
0.153341 0.015220 0.919465 0.550324 1.378752 0.177208 1.012726 0.439528 0.213275 0
1.019593 0.150377 -0.072122 -0.227282 1.343272 -0.041667 0.707065 0.367011 0.139831 0
0.627811 -0.011026 -0.159780 -0.122333 0.756497 -0.118909 0.106309 -0.002688 -0.074703 0
-0.076747 -0.064255 0.877073 0.861001 -0.191886 0.147228 -0.208899 -0.082906 -0.014451 0
0.901624 0.041874 0.522304 0.364852 1.318017 -0.289937 0.236382 0.068549 0.007525 0
-0.357576 -0.057895 0.571977 0.283315 0.266220 -0.165849 -0.023317 0.160137 0.180144 0
0.291336 -0.004151 0.305751 0.015271 -0.552784 -0.285417 -0.218655 -0.066098 -0.010280 0
-0.694243 -0.116429 0.289399 0.207658 0.800587 -0.162382 0.027797 0.000085 -0.049949 0
0.422617 0.025898 0.125773 -0.141774 -0.507628 -0.016191 -0.267235 -0.090160 -0.040564 0
-0.115672 -0.088782 -0.203910 -0.103974 -0.268112 -0.215548 -0.131421 -0.038539 -0.087817 0
1.770230 0.105326 -0.257354 -0.094690 0.314446 -0.253414 -0.138595 -0.073562 -0.047019 0
1.934097 0.257576 -0.181944 -0.306254 -0.105153 0.695456 0.088269 0.007344 -0.082264 0
-1.437886 -0.157096 0.280838 0.337156 -0.374842 -0.245649 -0.164083 -0.063118 -0.039201 0
-0.602108 -0.116093 -0.072961 0.012291 -0.448437 -0.233543 -0.248757 -0.117208 -0.075821 0
-0.239206 -0.032153 0.332847 0.074647 0.321357 0.514521 0.444891 0.291845 0.203357 0
0.666000 0.016033 0.260529 0.238548 -0.173475 0.260945 -0.057145 0.032228 0.066113 0
-0.864473 -0.119438 0.138769 0.000142 -0.232011 0.229406 0.004823 0.117027 0.076724 0
-0.925069 -0.115153 0.111975 -0.141417 1.597418 -0.284349 0.170894 0.024437 -0.025390 0
0.954234 0.039875 0.505323 0.499446 -0.115200 -0.287683 -0.064228 0.006215 0.057406 0
-0.901174 -0.134011 0.573877 0.601414 -0.257821 0.047359 -0.243452 -0.091582 -0.029338 0
-0.219271 -0.065516 0.253057 0.068108 -0.479412 0.175148 -0.289320 -0.045980 0.021214 0
-1.306790 -0.150116 0.017339 -0.073020 0.754619 -0.031912 0.409667 0.120878 -0.020552 1
0.630036 0.000276 0.515614 0.457197 -0.409891 1.085096 -0.246702 -0.032902 0.027950 0
-1.385178 -0.158346 0.224576 0.577301 -0.487023 -0.290169 -0.231742 -0.095105 -0.034094 0
0.683841 -0.029643 0.375706 0.540981 -0.623823 -0.188147 -0.375711 -0.171335 -0.069108 0
1.047391 -0.004042 0.856974 1.077196 -0.168230 -0.291215 -0.188873 -0.082318 -0.010334 0
-0.219473 -0.054721 0.679590 0.402539 0.650753 -0.237129 0.191670 0.214911 0.205202 0
0.846869 0.069354 -0.317131 -0.434065 0.796914 0.341778 0.191445 0.007881 -0.090031 0
0.849734 0.048835 0.450821 0.390692 0.076865 -0.241705 0.245562 0.105415 0.078045 0
0.744654 0.066799 -0.093023 -0.290225 0.876997 -0.198300 0.061787 -0.011227 -0.009757 0
-0.275179 -0.029106 0.795579 0.337369 -0.546677 0.418853 -0.239100 -0.000356 0.062484 0
-1.263675 -0.149709 -0.360305 -0.298638 -0.948475 -0.267429 -0.486140 -0.241050 -0.142234 0
1.951007 0.115157 -0.156714 -0.155040 -0.125383 0.119648 -0.106088 -0.035325 -0.063444 0
-0.071208 -0.056739 0.464556 0.194468 -0.400473 0.051455 -0.179374 -0.040065 0.020730 0
-0.897673 -0.089981 0.760928 0.336279 1.259359 -0.178751 0.446706 0.278042 0.225762 0
-0.261950 -0.089721 -0.337104 -0.168946 0.256500 -0.092181 0.018953 -0.001076 -0.047667 0
0.317882 -0.030110 0.561690 0.449623 -0.817396 -0.228838 -0.362110 -0.092761 0.042752 0
0.017945 -0.047338 0.184979 -0.015075 -0.698950 -0.150845 -0.323651 -0.089325 0.008914 0
-0.407605 -0.093247 0.694331 0.552641 -0.211533 -0.270622 -0.081673 0.029257 0.052261 0
0.553243 0.069337 0.846440 0.479327 -0.179657 -0.207762 -0.204767 0.081972 0.176207 0
1.789619 0.218275 0.418262 0.076748 1.858713 -0.000360 0.348945 0.058627 -0.053594 0
-0.952152 -0.080839 1.599791 1.041817 0.340178 0.827663 0.573258 0.569647 0.582053 0
1.289875 0.106123 -0.051382 -0.214773 0.259875 -0.274711 -0.011677 -0.087364 -0.062132 0
0.047334 0.039180 0.842223 0.307980 2.827133 -0.073000 1.377314 0.563174 0.269644 0
-0.845477 -0.125275 -0.221491 -0.219221 0.605494 -0.233904 0.223976 0.083722 -0.018752 0
-1.711947 -0.168428 -0.002373 0.244555 -0.613553 -0.218775 -0.286811 -0.141762 -0.091891 0
-1.672275 -0.162443 0.587538 0.389753 -0.333019 0.323795 -0.203829 -0.100043 -0.058165 0
2.168294 0.323795 0.151054 -0.066507 -0.356155 -0.233109 0.032900 0.112288 0.064284 0
-0.123754 -0.080049 0.552128 0.611585 -0.950025 -0.210339 -0.430802 -0.161719 -0.036017 0
0.252383 -0.007457 0.086287 0.000855 0.696279 0.949512 0.214544 0.149140 0.100555 0
2.262150 0.218286 0.595070 0.538006 -0.804476 -0.218806 -0.068534 -0.050387 0.033984 0
0.176787 -0.051745 0.339745 0.334815 -0.009732 -0.287771 -0.226688 -0.075151 0.015647 0
-0.937821 -0.139777 -0.334338 -0.233699 0.534124 -0.109664 -0.035197 -0.044943 -0.135384 0
-0.248136 -0.069621 -0.250721 -0.436412 2.376453 -0.202738 0.719928 0.174826 -0.095801 0
0.329406 -0.026889 0.238226 0.143988 0.236690 -0.291280 -0.193194 -0.061128 -0.004041 0
0.201079 -0.034386 0.324593 0.125152 -0.563917 -0.291580 -0.347138 -0.253869 -0.141757 0
-0.576099 -0.056187 0.614366 0.091557 0.604915 0.988798 0.556241 0.260379 0.117325 0
0.028898 -0.027387 0.216199 -0.034595 2.553169 -0.106903 0.609528 0.080538 -0.011348 0
-1.054037 -0.114130 0.288320 -0.098350 0.467943 -0.279563 0.211503 0.012868 -0.053108 0
1.195181 0.047415 -0.086639 -0.147046 0.957784 0.259083 0.152048 0.026841 -0.058327 0
0.348988 -0.027360 0.244926 0.138172 1.040224 0.031643 0.161219 0.010804 0.016949 0
-0.422248 -0.092085 0.207006 0.107749 0.329368 -0.111396 0.115633 0.023143 0.013014 0
1.616695 0.305646 0.664759 0.233141 -0.231495 -0.289374 0.010733 0.081035 0.245517 0
0.855014 0.022735 -0.156095 -0.110244 -0.213676 0.145157 -0.039981 -0.046780 -0.049612 0
-0.670730 -0.093835 0.107275 0.075504 -1.823345 -0.192608 0.026311 -0.115938 -0.020582 0
0.933814 0.117058 0.800561 0.333913 -0.565262 -0.272570 -0.164289 -0.050489 0.079160 0
0.316425 -0.057829 -0.127195 0.072775 0.220397 -0.178352 -0.027930 -0.045447 -0.054982 0
-0.328027 -0.082121 -0.120585 -0.264016 -0.209348 -0.200764 -0.231887 -0.108741 -0.154311 0
0.460629 -0.005536 -0.458484 -0.545401 0.121552 -0.268650 0.052935 0.028297 -0.119781 0
-0.036221 -0.085583 0.132570 0.298565 -0.565485 -0.122757 -0.266079 -0.115345 -0.057056 0
-0.943700 -0.115653 0.088106 -0.197606 1.093874 -0.251556 0.268353 0.168408 0.052880 0
-0.420446 -0.087455 0.017714 -0.135128 1.559134 0.286037 0.225256 -0.045923 -0.077352 0
-0.334391 -0.040265 0.061087 -0.248535 2.055646 -0.288146 0.617779 0.116975 -0.011610 0
0.783208 0.127857 0.571738 0.067056 0.372399 -0.152055 0.061566 0.040844 0.021042 0
-0.421896 -0.116406 0.161218 0.478429 -0.326492 -0.047029 -0.310170 -0.172413 -0.084746 0
-0.383228 -0.071711 0.562417 0.232989 0.840626 0.146543 0.115548 0.097090 0.067098 0
2.032733 0.196895 0.458554 0.291265 -0.079090 -0.274322 -0.272353 -0.132403 -0.030070 0
-1.380980 -0.145900 -0.082413 -0.258888 -0.085369 0.262628 0.088806 0.068923 -0.019328 0
-0.004483 -0.062034 0.306923 0.148781 -0.398369 -0.259702 -0.165852 -0.058797 -0.051088 0
-1.598172 -0.162047 0.417921 0.261017 -0.661655 -0.284941 -0.341713 -0.201356 -0.133214 0
-0.274698 -0.105762 0.039115 0.257406 -0.524220 -0.244525 -0.359336 -0.219037 -0.187998 0
1.503164 0.161023 0.616186 0.368616 0.735768 -0.165141 0.013567 0.050833 0.048752 0
0.340806 -0.052825 -0.236485 -0.168116 0.538666 -0.265994 -0.000684 -0.026738 -0.055720 0
1.100571 0.107788 -0.304142 -0.512921 1.063278 -0.281307 0.065080 -0.125604 -0.208722 0
-0.795190 -0.116284 -0.213147 -0.281338 0.148845 -0.194399 0.070427 0.029723 -0.080218 0
-1.558432 -0.162817 -0.030955 0.093983 -0.752266 -0.092123 -0.473622 -0.231822 -0.135723 0
-0.963770 -0.137975 0.137095 0.265144 -0.428701 0.092217 -0.315684 -0.167034 -0.085839 0
1.236022 0.052651 0.432551 0.398282 -0.131503 -0.054725 -0.101522 -0.075619 -0.029179 0
-0.904536 -0.091857 1.804236 1.571903 -0.543668 -0.277599 0.339314 0.526102 0.646611 0
-0.906865 -0.131410 -0.200745 -0.275669 -1.315409 -0.276397 -0.481060 -0.315006 -0.174440 0
0.351155 -0.005567 -0.425623 -0.540042 -0.166775 -0.239770 -0.134849 -0.135166 -0.142803 0
-0.575801 -0.094968 -0.239227 -0.369132 0.001669 1.480235 -0.066781 -0.127514 -0.147080 0
-0.884153 -0.116715 -0.087151 -0.215137 0.187901 0.113218 0.150225 0.046016 -0.021455 0
-0.764526 -0.110406 -0.065106 -0.160445 1.050723 -0.206658 0.279913 0.023219 -0.051110 0
0.900823 0.026519 -0.215294 -0.306706 -0.661152 -0.111120 -0.463753 -0.232543 -0.151378 0
-0.871822 -0.127742 -0.330098 -0.336449 -0.855921 -0.096147 -0.470916 -0.236003 -0.161545 0
-1.152467 -0.149770 0.044100 0.183672 -0.263425 -0.262315 -0.355902 -0.211092 -0.133366 1
-0.367272 -0.097607 -0.289719 -0.253295 0.386761 -0.009231 -0.028724 -0.040858 -0.101362 0
0.021275 -0.076357 0.395142 0.357404 -0.745626 -0.220278 -0.443997 -0.239195 -0.127746 0
-0.962936 -0.124433 -0.061893 -0.234933 0.378941 -0.107713 -0.082211 -0.081223 -0.105585 0
0.466427 -0.009882 -0.137131 -0.252778 0.638718 -0.290973 0.331350 0.068595 -0.154281 0
-1.056638 -0.134363 0.043688 -0.041667 -0.688198 0.197709 -0.457375 -0.211488 -0.102069 0
0.882228 -0.012924 -0.399094 -0.345546 -1.987867 -0.103417 -0.322800 -0.242171 -0.232366 0
0.012889 -0.025539 0.194192 -0.056324 1.706762 -0.111004 0.627399 0.091629 -0.004270 0
-0.296363 -0.076382 -0.261815 -0.346685 -0.701861 -0.253890 -0.249162 -0.233126 -0.111894 0
-0.080053 -0.073764 -0.310814 -0.298896 -0.023811 0.179586 -0.173993 -0.066086 -0.063854 0
-0.308889 -0.079437 -0.262557 -0.311684 0.012633 -0.236613 0.009342 0.010779 -0.037217 0
-1.062971 -0.125934 0.368018 0.011604 -0.308594 0.004917 -0.191130 -0.022553 -0.043477 0
0.515728 0.000644 0.366225 0.139951 -2.242109 -0.202446 -0.281487 -0.108634 -0.069770 0
-0.303615 -0.081808 0.050912 -0.144225 0.995738 -0.199704 0.318683 0.055138 -0.053549 0
-0.570353 -0.110562 -0.352530 -0.353090 0.714907 -0.224473 0.074821 -0.017964 -0.108967 0
1.441789 0.153662 -0.606334 -0.593981 0.948927 -0.281659 0.226092 -0.011586 -0.139549 0
-1.228269 -0.147297 0.395867 0.420054 0.012435 -0.220329 -0.203127 -0.068908 0.022257 0
-1.058336 -0.143118 -0.525290 -0.387627 0.101023 -0.161074 -0.026216 -0.073045 -0.123244 0
0.390999 -0.032352 -0.309735 -0.346575 -0.187029 -0.028941 -0.304986 -0.229150 -0.197385 0
-0.437459 -0.078177 -0.063439 -0.314236 0.906915 -0.282227 0.177091 0.047758 -0.012836 0
0.790085 0.038106 0.611546 0.447066 0.942221 -0.250650 0.353665 0.129502 0.047734 0
-0.942403 -0.127377 -0.108545 -0.200081 -0.077906 -0.125505 -0.250475 -0.142100 -0.081166 0
-0.456430 -0.069119 -0.037851 -0.264088 0.315206 -0.096960 0.379361 0.127727 0.042257 0
0.138156 -0.054647 -0.670111 -0.581945 -0.775618 -0.209685 -0.549187 -0.314492 -0.196943 0
-0.585424 -0.116413 -0.467441 -0.272461 0.091592 1.613175 -0.235301 -0.163894 -0.147639 0
-1.031670 -0.134545 0.062367 -0.037298 0.388610 0.250617 0.160392 0.002496 -0.072669 0
-0.170163 -0.086340 -0.249171 -0.113748 0.017938 -0.086218 -0.128088 -0.051263 -0.060547 0
2.006071 0.153386 -0.295827 -0.253879 -0.440404 -0.249347 -0.417898 -0.243096 -0.171026 0
0.529464 -0.012020 -0.615724 -0.451899 -0.132102 -0.278393 -0.236115 -0.236386 -0.168206 0
0.110131 -0.010973 -0.197583 -0.297694 0.685668 -0.291736 -0.075415 -0.078114 -0.031534 0
-0.862419 -0.091929 0.784040 0.377997 1.280128 -0.005423 0.366865 0.234396 0.194506 0
1.255013 0.084068 -0.164902 -0.190775 0.118364 -0.285591 -0.169064 -0.098881 -0.083716 0
-0.179783 -0.078039 -0.089873 -0.135655 1.127232 -0.209608 0.253151 -0.034105 -0.117744 0
1.217975 0.062011 -0.384432 -0.401591 0.314109 -0.286480 0.019630 -0.094784 -0.154638 0
-0.526088 -0.128725 0.038651 0.393281 -0.699068 -0.262877 -0.450910 -0.221316 -0.111463 0
-0.224752 -0.081315 0.005605 -0.097583 0.046552 -0.204742 -0.070209 -0.108504 -0.078159 0
0.031126 -0.035090 0.548595 0.277971 -0.112102 -0.254686 -0.200474 -0.140664 -0.082686 0
0.997734 -0.000147 -0.129508 -0.042139 -0.249790 -0.169829 -0.277143 -0.148303 -0.127879 0
0.441681 0.038255 -0.606844 -0.623131 1.262429 0.134285 0.331988 0.068180 -0.059366 0
0.624093 0.020090 -0.413965 -0.462629 -0.605333 -0.291075 0.001152 -0.141245 -0.137298 0
-1.274882 -0.147163 1.317401 1.444234 -0.351272 1.386587 -0.376713 -0.245192 -0.018996 0
0.845666 -0.029209 -0.688934 -0.397603 -0.184793 -0.234854 -0.428295 -0.300474 -0.219448 0
1.832998 0.097351 -0.034795 -0.015682 0.244099 0.697613 -0.235641 -0.182716 -0.125080 0
-0.583972 -0.100121 0.109114 -0.073906 -0.343106 -0.279484 -0.267857 -0.177054 -0.122379 1
0.056322 0.041588 0.357385 -0.070829 1.496730 0.235312 0.655275 0.268989 0.073435 0
-0.629842 -0.119814 -0.378872 -0.314599 -0.319364 0.107460 -0.421742 -0.276987 -0.201886 0
0.324757 -0.047371 -0.553563 -0.439795 0.487479 -0.230239 -0.251024 -0.208006 -0.207042 0
0.689630 0.052040 -0.022865 -0.229809 0.504878 0.126635 0.361316 0.089710 -0.056879 0
0.093222 -0.057735 -0.020914 -0.050888 0.069082 0.426112 -0.269326 -0.131327 -0.068905 0
1.154337 0.067691 0.034655 -0.068996 -0.886809 -0.203564 -0.277264 -0.262318 -0.172566 0
-1.059861 -0.133510 0.043273 -0.067449 1.313311 -0.241896 0.223115 0.032405 -0.054270 0
0.066043 -0.058990 -0.001511 -0.069859 -1.210353 0.266911 -0.589480 -0.298731 -0.142524 0
-0.448634 -0.072789 -0.063272 -0.298410 0.813742 -0.261052 0.129563 0.069290 -0.041201 0
-0.955208 -0.108015 0.411767 0.031637 0.091652 1.331606 -0.017482 0.052937 0.027915 0
2.418832 0.191994 0.068458 0.161409 -0.702720 -0.223119 -0.221107 -0.119870 -0.036313 0
1.153933 0.136639 -0.670278 -0.718397 1.530596 -0.236386 0.274784 -0.043877 -0.254097 0
1.012499 0.009207 -0.341824 -0.172475 -0.523752 0.552136 -0.275059 -0.191061 -0.129450 0
0.326213 0.017980 -0.357003 -0.433254 2.469091 1.174908 0.926870 0.277723 0.022877 0
0.253069 -0.012820 0.210577 -0.043032 -0.628903 -0.185924 -0.376580 -0.194435 -0.124374 0
0.368944 -0.019879 -0.222752 -0.278236 -0.850511 -0.196706 -0.445118 -0.230489 -0.103364 0
0.632644 0.013709 0.664392 0.406599 -0.595535 -0.146148 -0.075349 -0.025766 0.009734 0
0.205679 0.002232 0.380018 -0.001875 -0.960701 -0.262673 -0.326287 -0.176721 -0.108920 0
-0.202515 -0.108331 -0.308229 0.059765 -0.668153 -0.291365 -0.403109 -0.236382 -0.145369 0
0.140881 -0.078538 -0.746532 -0.570198 0.290398 -0.242149 -0.144011 -0.143351 -0.212004 0
-0.118735 -0.056058 0.415491 0.156600 -0.797235 0.665004 -0.108239 -0.031629 -0.017613 0
0.212344 -0.020959 0.660197 0.396623 -1.995464 -0.142072 0.193334 0.232868 0.102378 0
-0.164608 -0.081860 -0.215359 -0.216957 -0.155223 -0.057596 -0.345310 -0.228146 -0.160000 0
1.934590 0.172629 -0.858664 -0.751401 -1.530563 -0.289507 -0.418544 -0.401399 -0.382664 0
2.681472 0.231336 -0.542169 -0.522120 -0.578276 -0.021934 -0.464730 -0.262638 -0.198959 0
0.092021 -0.034058 -0.661209 -0.672177 1.010450 0.415494 0.289335 0.025159 -0.167120 0
-0.683954 -0.112978 -0.158338 -0.228412 -1.304366 -0.074472 -0.380438 -0.352283 -0.192703 0
2.217601 0.270191 0.184788 -0.028857 0.269537 -0.074519 -0.139975 -0.091989 -0.053391 0
-0.388287 -0.093311 0.663731 0.522451 -1.167852 -0.279906 -0.482389 -0.212083 -0.082205 0
0.306548 0.020002 0.138412 -0.167038 0.545822 -0.289353 0.201173 0.131689 0.038232 0
0.641546 0.023524 0.211520 0.107361 -0.061795 -0.278606 0.055791 -0.009108 0.046130 0
-0.518372 -0.110060 0.243241 0.284726 -0.357286 -0.209821 -0.202144 -0.137258 -0.055294 0
-1.008601 -0.123585 -0.056696 -0.247512 0.078268 -0.146080 -0.102418 -0.123156 -0.126576 0
-0.026605 -0.094625 -0.734018 -0.517186 -0.651291 -0.280847 -0.388814 -0.243964 -0.240208 0
0.971647 0.069319 0.023041 -0.180923 -1.074338 -0.229960 -0.214030 -0.204715 -0.169225 0
-0.134583 0.017627 1.089694 0.629147 -1.937557 0.119341 1.450723 0.721558 0.404258 0
-0.970716 -0.129356 0.065702 0.060622 0.236680 -0.276167 -0.152292 -0.105744 -0.105546 0
-1.435295 -0.157024 -0.336663 -0.362648 -0.442788 -0.049059 -0.281064 -0.166571 -0.161077 0
1.152137 0.113491 0.185437 -0.014644 -0.656894 -0.227983 0.364738 0.104936 -0.042137 0
1.293043 0.167780 -0.258463 -0.475064 2.000178 0.190870 0.598196 0.102108 -0.129383 0
-1.230474 -0.146878 0.166858 0.093561 -0.242656 -0.249810 -0.342805 -0.164499 -0.062989 0
0.036123 -0.085840 -0.223639 -0.112374 -0.938723 0.372822 -0.644837 -0.362463 -0.232328 0
1.733382 0.159544 -0.582148 -0.591736 1.111071 0.375566 0.287783 0.040098 -0.120938 0
2.062096 0.287065 -0.518903 -0.439078 0.205671 -0.008964 0.058580 -0.074690 -0.098728 0
1.302950 0.037283 -0.235944 -0.048289 -0.787254 -0.228706 -0.451780 -0.228116 -0.108935 0
0.529433 0.000884 0.022924 -0.097489 -0.535459 -0.199781 -0.378117 -0.143514 -0.078059 0
0.762749 0.025123 -0.570684 -0.512689 -0.192951 1.833832 -0.282722 -0.185393 -0.161892 0
-0.028189 -0.032192 -0.130023 -0.344016 0.566464 -0.256930 0.177514 0.021779 -0.070347 0
0.631495 0.044027 -0.315789 -0.414662 -0.257201 0.250687 -0.119388 -0.160759 -0.125661 0
-0.773336 -0.115696 -0.150995 -0.295816 -0.515139 -0.266993 -0.159851 -0.143490 -0.109414 0
-1.292954 -0.148011 -0.344958 -0.423150 -0.485979 -0.261232 -0.291485 -0.178703 -0.181680 0
-0.675998 -0.110783 -0.336468 -0.400357 0.310986 -0.272159 -0.085286 -0.114427 -0.171532 0
1.339021 0.058238 0.145078 0.154975 -0.229151 0.019912 -0.324438 -0.206668 -0.139990 0
1.502569 0.108396 -0.194381 -0.259510 0.511840 -0.111483 0.086751 0.009810 -0.050746 0
-0.141603 -0.075473 -0.303097 -0.315649 -0.453706 -0.278814 -0.282341 -0.152149 -0.108651 0
0.201679 -0.028163 -0.153662 -0.197862 -0.056056 1.964040 0.100128 0.025162 0.019934 0
-0.182296 -0.003600 0.736658 0.187739 -0.258133 1.049080 0.004488 0.056081 0.061454 0
0.652285 -0.003831 -0.523378 -0.490346 0.722806 -0.201087 0.127528 -0.044539 -0.155270 0
0.636229 0.019738 0.725353 0.517861 0.643827 -0.290774 0.184444 0.123338 0.087140 0
0.245364 -0.048454 -0.466604 -0.444625 -1.030549 -0.069266 -0.357168 -0.277431 -0.210438 0
-1.435394 -0.154190 0.182961 0.048673 -0.761216 -0.225438 -0.268067 -0.183774 -0.147259 0
0.539531 -0.000566 0.432232 0.495433 0.053641 -0.291664 -0.096537 -0.050363 -0.013237 0
0.003224 0.015777 0.760469 0.317319 0.045980 0.415896 0.231172 0.194886 0.181509 0
-0.329643 -0.054632 0.265611 -0.082327 -1.153918 -0.288623 -0.169153 -0.158944 -0.117886 0
0.484461 0.069070 0.899791 0.435752 -0.806134 0.479490 -0.318593 0.006706 0.148616 0
1.777951 0.170903 0.575798 0.391085 -1.130752 0.038490 0.131446 0.119437 0.125355 0
0.579620 0.021977 -0.337485 -0.393672 -0.021845 -0.122389 -0.043405 -0.047635 -0.048213 0
1.698877 0.073296 -0.256506 -0.064849 -0.246380 -0.278391 -0.453608 -0.235578 -0.124732 0
0.283955 0.007129 0.031776 -0.159537 0.819122 0.032169 0.566732 0.223675 0.066305 0
1.531678 0.038224 -0.538533 -0.284796 -0.411180 -0.274101 -0.402648 -0.239885 -0.178272 0
0.625785 -0.007575 0.141087 0.148937 -0.459814 -0.163136 -0.500319 -0.208051 -0.058835 0
0.486348 -0.055092 -0.270111 -0.085761 -0.880726 0.141394 -0.586859 -0.309107 -0.194676 0
-1.332018 -0.155931 -0.290995 -0.269998 -0.119560 0.262040 -0.370300 -0.287333 -0.218649 0
2.003216 0.170656 -0.228457 -0.275321 -0.094915 0.043326 -0.255564 -0.167967 -0.140964 0
-1.415656 -0.160745 -0.398581 -0.089794 0.068742 -0.286765 -0.099345 -0.076704 -0.097518 0
0.334505 -0.006074 -0.342291 -0.480584 1.837623 -0.288438 0.375672 -0.039832 -0.154377 0
-0.524696 -0.093796 0.162383 -0.087016 0.105432 0.001880 -0.292044 -0.122568 -0.049912 0
0.218279 -0.022220 -0.098355 -0.273621 0.672394 -0.146491 0.087109 -0.031630 -0.134056 0
-0.670221 -0.061782 2.175522 1.942701 -1.467262 -0.271051 1.115715 0.984913 0.881966 0
1.317167 0.161003 -0.239402 -0.455380 1.649214 -0.237160 0.576303 0.090500 -0.135199 0
-0.794032 -0.107775 0.041552 -0.230036 0.131165 -0.178543 0.313722 0.038759 -0.082386 1
-0.465271 -0.083545 -0.247982 -0.443689 -0.682778 -0.216408 0.036642 -0.121820 -0.250694 0
0.424054 0.015118 -0.374461 -0.411549 1.762326 0.410568 0.535760 0.163850 0.020640 0
0.136917 -0.019993 -0.393587 -0.454071 1.071043 1.310234 0.304853 -0.007049 -0.124071 0
1.279626 0.100986 -0.415278 -0.471302 -2.244509 -0.286657 0.111153 -0.078953 -0.183333 0
-1.439127 -0.157965 -0.432045 -0.372784 0.311090 -0.245094 0.140829 -0.074182 -0.129624 0
0.091762 -0.082790 -0.620697 -0.447434 -0.092916 0.700260 -0.278230 -0.189035 -0.187010 0
-0.734900 -0.118677 -0.052533 -0.042176 -0.976839 0.588113 -0.537627 -0.253772 -0.128361 0
0.335726 -0.014959 0.386595 0.242486 -0.876437 -0.046663 0.192789 0.049722 -0.014985 0
-0.314802 -0.052857 0.119519 -0.195674 -0.521429 -0.208016 0.182449 -0.095442 -0.027612 0
-1.513782 -0.162261 -0.159023 -0.025602 -0.576106 -0.162610 -0.384318 -0.213946 -0.126404 0
0.832388 0.071249 0.165108 -0.075110 0.605524 -0.282549 0.126750 -0.082053 -0.050311 0
-1.432026 -0.160773 -0.093358 0.082719 -0.569115 -0.249588 -0.502760 -0.306060 -0.208955 0
-0.637661 -0.122941 -0.279553 -0.237055 -0.970880 -0.273207 -0.531781 -0.333609 -0.236442 0
-0.068244 -0.065041 -0.389266 -0.440232 -0.507073 -0.260643 -0.331833 -0.212313 -0.175736 0
-0.735869 -0.128238 -0.311923 -0.218599 -0.484117 0.302524 -0.468787 -0.283278 -0.197188 0
-1.022089 -0.142684 -0.465382 -0.251177 -0.073425 -0.058334 -0.242112 -0.230269 -0.167534 1
-0.047124 -0.071340 -0.197051 -0.274866 0.035704 -0.021498 -0.251937 -0.167434 -0.160066 0
1.391520 0.219695 0.002273 -0.301750 0.334331 -0.284245 0.231788 -0.012087 -0.011098 0
-0.711190 -0.109239 -0.130006 -0.136181 0.931864 -0.288376 0.102154 -0.063521 -0.058709 0
-1.006663 -0.120179 -0.328345 -0.465032 -0.133266 -0.252451 -0.186645 -0.115152 -0.103287 0
-0.170015 -0.083120 -0.133155 -0.138263 -1.667690 -0.288090 -0.270819 -0.138719 -0.092747 0
-0.593385 -0.120860 -0.290345 -0.270474 -0.472172 -0.291769 -0.326915 -0.206743 -0.157231 0
0.458538 -0.019412 0.028763 -0.012180 -0.565767 0.389348 -0.259214 -0.115044 -0.048563 0
3.275251 0.254778 -0.420924 -0.206553 -0.840022 -0.118229 -0.587371 -0.323457 -0.229230 0
-0.879949 -0.121165 0.042140 -0.142705 -0.831859 0.282819 -0.132203 -0.132432 -0.130071 0
-0.242865 -0.058370 0.420265 0.088479 -0.283331 -0.235238 0.189290 0.061954 -0.012598 0
0.766880 -0.026352 -0.750338 -0.525484 -2.625211 -0.063507 -0.759718 -0.498582 -0.328222 0
-0.088086 -0.050362 -0.155296 -0.315758 -0.703694 0.708607 -0.168574 -0.130019 -0.130031 0
0.506332 0.056445 0.098068 -0.195390 0.648212 -0.285027 0.251232 -0.035566 -0.034253 0
-1.484568 -0.153881 0.346610 0.190643 -1.324270 -0.163878 -0.270444 -0.298942 -0.226574 0
1.471772 0.034402 -0.253091 -0.004094 -0.720643 -0.275487 -0.477973 -0.284510 -0.170514 0
1.534369 0.073868 -0.267472 -0.192327 -0.675907 -0.068146 -0.286297 -0.293048 -0.151701 0
-0.548466 -0.117836 -0.720586 -0.573505 -0.030117 -0.129861 -0.540498 -0.404633 -0.312800 0
1.468603 0.185708 -0.144620 -0.271239 -0.302966 0.257725 0.436287 0.213569 0.055300 0
0.668137 -0.032972 -0.595700 -0.421978 -1.212730 -0.230299 -0.622388 -0.371715 -0.248824 0
-0.366907 -0.054394 0.763131 0.551795 0.028743 -0.289349 0.452036 0.324722 0.299860 0
0.278905 -0.038809 -0.280888 -0.312911 0.573711 -0.234525 -0.154056 -0.189691 -0.152624 0
-1.148091 -0.141896 -0.515283 -0.523339 0.300676 -0.211256 -0.351611 -0.259324 -0.204292 1
-0.251923 -0.088611 -0.522147 -0.509992 0.452730 -0.269098 -0.094705 -0.178061 -0.246696 0
1.052341 0.060247 -0.197511 -0.279109 -0.102316 -0.245318 -0.212649 -0.153331 -0.125090 0
-1.131147 -0.144183 -0.243404 -0.239744 -0.596465 0.525261 -0.344842 -0.288812 -0.201415 0
0.139231 -0.055949 -0.030292 0.024972 -1.301134 -0.288344 -0.511688 -0.250041 -0.068263 0
0.597173 -0.025080 -0.644482 -0.512212 -0.108448 0.013661 -0.051288 -0.131349 -0.184327 0
-0.345250 -0.109223 -0.834880 -0.614276 -1.018651 0.075921 -0.607322 -0.311593 -0.248980 0
1.013745 0.018554 -0.390750 -0.310936 -0.035456 -0.094367 -0.313815 -0.271505 -0.194705 0
1.179051 0.024081 -0.612201 -0.509118 -0.173961 -0.140243 -0.405066 -0.288429 -0.257476 0
-0.750287 -0.108220 0.589031 0.241601 -0.807871 0.081858 -0.208002 -0.186791 -0.082327 1
-1.520125 -0.164701 -0.289105 -0.146208 0.162935 -0.068895 -0.248987 -0.228486 -0.220986 1
0.345117 -0.036267 -0.427070 -0.299202 -0.277387 0.016200 -0.231323 -0.112360 -0.081397 0
-1.312935 -0.152470 -0.139731 -0.095498 -0.637820 -0.267778 -0.334314 -0.241297 -0.163289 0
1.470000 0.042687 -0.469929 -0.296751 -0.825960 0.441827 -0.559150 -0.324170 -0.212358 0
-0.839293 -0.102490 -0.132373 -0.388086 -0.288258 -0.238569 0.166235 0.109957 -0.015263 0
-0.727695 -0.087548 -0.058323 -0.294367 0.759653 0.066973 0.094944 -0.070426 -0.064155 0
-0.447291 -0.091692 0.043124 -0.085469 -0.470948 -0.291503 -0.337573 -0.217941 -0.120234 0
-0.747488 -0.135819 -0.863705 -0.579195 -0.158280 -0.281457 -0.331830 -0.231311 -0.222335 0
-1.034750 -0.124650 -0.185713 -0.361128 -0.456256 0.002036 -0.122080 -0.126452 -0.144222 0
0.869249 -0.007407 -0.773046 -0.631673 0.496880 0.124664 -0.105584 -0.231123 -0.257133 0
0.808557 0.068924 -0.334890 -0.280226 1.938546 0.301969 0.667949 0.117831 -0.007918 0
1.781765 0.174851 -0.453488 -0.423063 0.927145 1.126721 0.267602 -0.021508 -0.118829 0
0.484304 -0.014907 -0.327720 -0.337476 -0.730374 0.001885 -0.467024 -0.403883 -0.273124 0
1.151493 0.143908 1.205948 1.047089 0.285451 0.279087 -0.154403 0.084818 0.244540 0
-0.685889 -0.100023 1.558658 1.603239 -0.823533 -0.288537 0.000291 0.105661 0.189398 0
0.531114 0.066749 1.153749 0.837211 -0.212294 -0.275500 0.044482 0.267909 0.266085 0
0.468604 -0.032973 -0.596922 -0.449776 -0.161947 0.604636 -0.398834 -0.262759 -0.220767 0
1.637918 0.085113 -0.484141 -0.385485 -1.049816 0.021847 -0.563772 -0.341260 -0.249891 0
0.030778 -0.046422 -0.226375 -0.356182 -0.256883 -0.278383 -0.179113 -0.144696 -0.135629 0
1.157370 -0.004498 -0.486029 -0.206657 -0.617317 -0.238459 -0.454455 -0.281839 -0.216399 0
0.278099 -0.042582 -0.446886 -0.384183 -0.244818 -0.222475 -0.109758 -0.090004 -0.085165 0
-0.685450 -0.076298 0.272108 -0.097481 0.846600 -0.261122 0.142813 0.079491 0.039793 0
-0.193933 -0.086075 -0.476344 -0.474388 -0.444063 -0.091982 -0.255787 -0.158532 -0.168583 0
0.899078 0.065923 -0.321773 -0.388604 0.707103 0.420057 0.171991 -0.015833 -0.119863 0
-1.410920 -0.159616 -0.607755 -0.327722 -1.241975 -0.286562 -0.670322 -0.349689 -0.217969 0
0.423588 -0.046906 -0.657376 -0.480607 0.500269 -0.108170 -0.017986 -0.162097 -0.205524 0
1.478440 0.060120 -0.380516 -0.360628 -1.263575 -0.217173 -0.661962 -0.389679 -0.233532 0
-0.826840 -0.129439 -0.239656 -0.179291 -0.895165 -0.194127 -0.576884 -0.319003 -0.182129 0
-1.510631 -0.160001 0.057281 -0.046426 -0.588107 -0.290909 -0.287355 -0.192406 -0.135072 0
-0.461459 -0.060204 0.154152 -0.151496 0.400891 0.388124 0.719428 0.325935 0.134677 0
-0.185540 -0.007757 0.041587 -0.187116 0.051584 -0.259274 -0.134967 -0.000873 0.159392 0
0.627693 -0.015976 -0.736251 -0.561189 0.329771 -0.239232 -0.159836 -0.222117 -0.250735 0
0.430091 -0.022705 -0.364753 -0.434687 -1.029651 -0.036272 -0.315073 -0.376842 -0.273748 0
1.080935 0.041354 -0.601639 -0.539814 -0.104664 -0.277782 -0.237140 -0.204043 -0.215130 0
0.112310 -0.079877 -0.555449 -0.339450 -0.115447 0.345688 -0.268949 -0.241003 -0.197663 0
-0.070100 -0.081388 -0.127803 -0.148610 -0.884671 0.006138 -0.517318 -0.281149 -0.179530 0
-0.675504 -0.103184 0.089077 -0.121162 0.729713 0.174082 -0.045707 -0.132230 -0.215414 0
0.502832 -0.020970 -0.231266 -0.184189 -0.007873 -0.283675 -0.308783 -0.180183 -0.114738 0
0.329729 -0.012511 -0.288670 -0.387296 -0.048593 -0.079337 -0.108367 -0.108916 -0.121636 0
1.783157 0.119372 -0.601445 -0.476809 1.219000 -0.291781 0.107300 -0.134837 -0.191701 0
-1.142081 -0.135861 0.160464 0.020060 -0.461416 0.275680 -0.165530 -0.141617 -0.098301 0
1.066146 0.136219 0.046757 -0.258479 0.583396 -0.256271 0.143682 0.031179 -0.034092 0
0.295843 -0.065431 -0.569808 -0.375125 0.119121 -0.288418 -0.346082 -0.284903 -0.246517 0
-0.375808 -0.095836 -0.353876 -0.346969 -0.136846 0.026843 -0.091372 -0.144353 -0.161386 0
-1.333974 -0.155919 -0.156246 -0.034449 -0.673924 -0.083851 -0.327236 -0.231045 -0.203183 0
-0.617704 -0.111432 -0.409123 -0.351640 -0.156698 -0.222974 -0.145292 -0.158324 -0.131866 0
-0.163211 -0.093363 -0.791892 -0.548026 -0.710590 0.378587 -0.529348 -0.365782 -0.280315 0
0.579300 0.019347 -0.011134 -0.164173 0.412840 0.682367 0.208148 -0.034009 -0.089705 0
-1.001089 -0.127630 -0.110723 -0.215870 -0.947325 -0.163168 0.283661 0.065547 -0.052831 0
0.003379 -0.034413 -0.249905 -0.421385 2.271379 -0.285801 0.500816 0.117622 -0.110485 0
-0.797325 -0.134244 -0.824317 -0.586826 -0.594349 0.388473 -0.433627 -0.259283 -0.226964 0
2.067495 0.146954 -0.431895 -0.344019 0.240969 0.287598 -0.287527 -0.228306 -0.147309 0
-0.647044 -0.102023 0.563286 0.465684 -0.204686 -0.229743 -0.112347 0.022338 0.111901 0
0.701446 0.013805 0.531348 0.240450 0.177266 0.081262 0.131611 0.024274 -0.059871 0
0.166534 0.004188 1.089250 0.938124 0.185281 0.092574 0.139767 0.273752 0.343683 0
2.207067 0.149893 -0.947305 -0.712598 -0.246474 -0.179888 -0.374075 -0.303583 -0.270832 0
-0.803152 -0.125695 -0.243249 -0.281226 -0.867062 -0.278592 -0.432640 -0.248342 -0.149972 0
0.000322 -0.059642 -0.268093 -0.347549 -0.338967 -0.271416 -0.018292 -0.161842 -0.194798 0
-0.308487 -0.097714 -0.733345 -0.568497 -1.040436 -0.242919 -0.462320 -0.398616 -0.277266 0
-1.157428 -0.142620 -0.113801 -0.247844 -0.873043 0.047416 -0.507788 -0.291596 -0.186490 1
0.941672 0.050768 0.099117 -0.129462 -1.565743 -0.268612 -0.275674 -0.231380 -0.208932 0
-0.367514 -0.087640 -0.376988 -0.373199 -0.463101 -0.212082 -0.278409 -0.195513 -0.128104 0
-1.464921 -0.156948 -0.024077 -0.188774 -0.998482 -0.181506 -0.317051 -0.209768 -0.196399 0
-1.072161 -0.141001 -0.661534 -0.495268 -0.104195 -0.287912 -0.069143 -0.189915 -0.212464 0
0.247496 -0.032686 -0.479319 -0.445612 -0.313043 -0.246937 0.313531 -0.111208 -0.124476 0
-0.782520 -0.116030 0.509637 0.269280 -0.366876 -0.231194 -0.427951 -0.263681 -0.178525 0
-0.897537 -0.120968 0.037204 -0.144758 0.540617 -0.122588 -0.022554 -0.087589 -0.124816 0
-0.979006 -0.131423 -0.581994 -0.586665 0.342996 -0.063723 -0.199697 -0.202339 -0.234178 0
-1.201727 -0.150031 -0.722079 -0.556825 0.132153 -0.290755 -0.183220 -0.248665 -0.249263 0
-1.018315 -0.094286 3.131171 3.222127 0.285092 -0.082874 0.389287 0.540577 0.695306 0
1.620305 0.072133 -0.904001 -0.675743 0.276534 0.347809 -0.389535 -0.276853 -0.259793 0
