0.630510 9.555646 7.375416 9.130695 7.948316 -0.172885 11.701066 13.204028 13.933511 0
2.541506 23.200366 7.014908 8.513566 8.111471 -0.647737 12.997867 14.189697 14.820908 0
-0.932798 0.285396 5.887693 6.938367 2.687877 -0.524497 3.269323 3.538011 3.511865 0
-0.173367 0.947623 4.980394 5.507154 3.337580 -0.675191 3.374035 3.311351 3.116031 0
-0.390229 0.667606 4.386377 4.845867 2.230046 0.028142 2.449037 2.686771 2.765436 0
-1.465365 -0.264912 4.292667 4.442824 3.591224 -0.677741 3.048732 2.707491 2.253543 0
0.117641 0.803308 3.148982 2.657114 2.543747 -0.334290 2.536362 2.375145 1.892863 0
-1.727739 -0.520578 4.354319 5.017759 1.618894 -0.309566 1.493613 1.538793 1.544438 1
0.455058 1.193502 3.384533 3.340857 1.616654 -0.508928 1.933252 1.887766 1.786849 0
0.240192 0.719673 3.225866 3.224220 1.291541 -0.534080 1.527013 1.577789 1.586030 0
0.613715 0.893155 3.145009 2.854194 1.446070 -0.199165 1.431179 1.536400 1.392163 0
-1.536564 -0.503120 2.853396 2.924504 1.119579 -0.676429 0.753795 0.869893 0.902170 1
0.874958 2.280320 1.871784 1.141816 3.467052 -0.667836 2.655892 2.062044 1.623036 0
-0.148058 -0.016342 1.960517 1.777616 0.384468 -0.540077 0.385492 0.584719 0.613564 0
-1.624215 -0.502886 2.883400 3.000735 0.925972 0.126474 0.994148 1.027955 1.081863 1
-0.109782 0.421490 1.957645 1.381521 0.897966 -0.480925 0.688640 0.699819 0.524889 0
1.741608 3.012509 1.595018 0.838461 2.079997 -0.635178 1.659481 1.463624 1.109103 0
-1.507825 -0.528784 1.782786 1.638519 1.690392 0.494050 1.044304 0.914549 0.735008 0
-1.618035 -0.532757 2.487171 2.612531 0.335213 -0.374939 0.544509 0.717148 0.826021 1
-0.516366 -0.021021 2.020210 1.723966 1.312701 4.490044 1.020642 0.866345 0.730567 0
-1.287511 -0.398987 2.302735 2.124210 0.710239 -0.388619 0.703444 0.752518 0.803475 1
0.662021 2.354840 2.496028 1.602304 3.367751 -0.623641 2.784646 2.076835 1.546873 0
1.214627 2.993394 1.690784 0.890539 3.909395 0.404208 2.898343 1.938614 1.362422 0
-1.075726 -0.318030 1.799214 1.438113 1.361409 -0.510415 1.141944 0.871744 0.677656 0
1.111034 2.698004 2.015470 1.191077 2.751763 -0.515776 1.595521 1.182997 1.065474 0
1.167924 1.784372 1.895076 1.200397 2.984791 -0.676281 2.171375 1.578758 1.084102 0
0.602303 0.664454 1.824868 1.270500 2.428031 -0.492423 1.539734 1.003164 0.707295 0
2.840745 5.140204 1.573982 0.651115 4.528407 -0.348294 2.817012 1.755710 0.960977 0
-0.799188 -0.159876 1.965344 1.332297 1.951253 1.994297 1.341046 0.839259 0.504802 1
-0.078767 0.106282 1.447343 1.156417 0.817024 -0.480240 0.617298 0.657048 0.628213 0
0.668782 0.455373 2.056647 2.000012 0.315014 -0.280295 0.263069 0.464896 0.528995 0
-1.376665 -0.509502 1.792619 1.758903 0.680951 0.312772 0.304872 0.412512 0.476723 0
0.555397 0.549699 1.159324 0.693602 0.834578 -0.344915 0.579528 0.585573 0.524724 1
-1.273231 -0.477947 1.780755 1.701727 1.552046 -0.163027 0.606991 0.539164 0.531405 0
-1.691765 -0.591684 1.110249 0.783174 0.556568 -0.401397 0.265591 0.351127 0.339512 0
0.075339 0.241908 1.579529 1.042004 1.492245 1.178149 0.825488 0.647048 0.526794 0
-0.706373 -0.253476 1.561229 1.350220 1.361208 1.346159 0.654687 0.610029 0.522326 0
-0.782654 -0.067026 1.330184 0.670000 2.230914 -0.672411 1.021765 0.747548 0.457353 0
0.113999 0.442726 1.865609 1.309043 1.554667 -0.668839 1.423415 1.087417 0.892894 0
0.600882 0.359590 1.116349 0.708204 1.001013 3.006787 0.829111 0.694221 0.446938 0
-0.094054 0.131952 1.294198 0.768701 2.345069 -0.468701 1.266600 0.801055 0.482930 0
-0.426652 -0.096047 1.518100 1.281195 1.628859 -0.676071 0.858151 0.637400 0.436904 0
0.603731 0.542946 1.612925 1.228279 0.883424 -0.417667 0.617196 0.614591 0.596948 0
-0.733104 -0.290749 1.041607 0.727169 -0.352664 0.319766 -0.056525 0.202083 0.287296 0
-0.374775 0.024011 0.715343 0.254486 1.754489 -0.666750 1.321731 0.870434 0.487953 0
0.550945 0.260979 1.113575 0.996305 1.414468 1.032346 0.660885 0.515021 0.394311 0
-1.231322 -0.471044 1.239533 1.128854 0.008239 -0.641810 0.152692 0.260479 0.299163 0
-1.498226 -0.552356 1.341918 1.299838 0.671403 -0.656099 0.543682 0.373619 0.379089 0
-0.010351 0.036277 0.927911 0.623289 1.393350 -0.645629 0.613141 0.518562 0.362232 0
1.921514 3.541912 1.601320 0.764106 1.721411 -0.132432 1.883112 1.398355 1.053109 0
0.192051 0.285128 1.030120 0.477239 0.892217 -0.514395 0.672101 0.517077 0.323502 0
-0.989186 -0.392879 0.420198 0.116339 1.247433 -0.626203 0.616182 0.374676 0.140993 0
-0.395117 0.081945 1.408881 0.861544 0.729842 -0.607499 0.710272 0.375831 0.433210 0
-0.830766 -0.338853 0.805568 0.451786 0.180432 -0.382552 0.022037 0.159640 0.143432 0
0.388530 0.944827 1.747812 1.094772 1.163537 1.517300 1.017490 0.923916 0.812969 0
1.098472 2.997036 1.751981 0.920468 3.425653 -0.105423 3.115269 2.082908 1.463202 0
-1.462202 -0.490552 1.044684 0.680054 -0.344702 -0.256339 0.240030 0.307362 0.371791 0
-1.227728 -0.466486 1.142949 0.806975 0.299255 -0.452377 0.288486 0.392877 0.394354 0
-0.102170 0.266135 0.988863 0.486270 1.892117 -0.673049 1.039420 0.602748 0.317053 0
0.525990 0.657194 0.726935 0.297208 1.693377 -0.610540 1.192418 0.681108 0.380632 0
-1.179697 -0.505085 0.644800 0.551617 0.374207 -0.440585 0.166197 0.234799 0.201539 0
0.104476 0.439946 1.577989 1.025273 1.848016 1.442109 1.304657 0.840157 0.536655 0
0.279305 0.267686 0.663519 0.234777 0.916274 -0.115516 1.037690 0.590714 0.273692 0
0.980397 2.222845 1.909247 1.094971 1.838273 -0.677643 1.620490 1.068264 0.806150 0
-0.080872 0.130840 0.917516 0.506065 -0.240479 0.413994 0.098368 0.342021 0.387975 0
-0.337818 -0.013173 1.172692 0.735351 0.724415 0.128640 0.391965 0.357568 0.335305 0
-1.112110 -0.490776 0.832407 0.728961 0.460198 1.571937 0.227949 0.286539 0.271890 0
-1.500540 -0.530212 1.248384 1.042254 0.531728 -0.032676 0.295362 0.333437 0.366211 1
1.835332 2.121376 1.359422 0.765962 1.464139 -0.632922 1.166554 0.629220 0.358332 0
-0.784407 -0.336025 0.767632 0.558366 1.040395 2.175512 0.567924 0.372148 0.234766 1
0.870502 0.279046 0.734777 0.625634 0.955562 -0.603129 0.385607 0.277102 0.211131 0
0.077912 0.424526 1.075662 0.464384 0.910275 -0.415597 0.719774 0.518554 0.307072 1
-0.394388 0.099242 0.736385 0.281142 3.187882 -0.591233 1.643956 0.838284 0.434663 0
-1.522682 -0.543544 1.370140 0.910595 0.283728 -0.676545 0.454513 0.324615 0.244941 1
-0.244271 0.521065 2.848638 2.110147 0.219357 0.244689 1.675964 1.573616 1.256120 0
0.884530 0.877315 1.024398 0.504521 0.986832 0.723317 0.824922 0.583525 0.383724 0
0.856933 1.071985 1.946617 1.499822 0.476357 0.324983 0.614873 0.609935 0.591877 0
-1.559166 -0.596664 0.905948 0.761068 0.289539 -0.347438 0.060185 0.148293 0.181930 1
-1.198428 -0.441862 0.952078 0.722287 -0.010507 -0.677648 0.351825 0.346828 0.346905 0
-0.111160 0.119284 1.267105 0.747265 -0.630863 -0.586213 0.023430 0.184896 0.242528 0
-1.267872 -0.471631 0.605760 0.283903 1.369304 -0.676811 0.647373 0.402313 0.250934 0
-0.371390 -0.301028 0.619899 0.742244 -0.229184 -0.586011 -0.125280 0.073151 0.157249 0
-0.260857 -0.132861 0.493776 0.204116 -0.493274 2.262886 0.017413 0.145726 0.144636 0
-1.043652 -0.409900 0.702862 0.547329 0.749865 -0.630923 0.203215 0.288313 0.281241 1
-0.100509 -0.141536 0.928549 0.766830 -0.028035 0.362476 0.137811 0.119268 0.120598 0
-1.239243 -0.527400 1.057201 1.092776 0.442856 -0.518133 0.132078 0.185821 0.220623 0
3.229387 5.883742 1.270183 0.387217 2.202638 -0.572718 2.375936 1.462221 0.786194 0
-0.948707 -0.412718 0.732104 0.525435 -0.580647 -0.037484 -0.252501 0.017889 0.134123 0
0.294887 0.576303 0.939110 0.375050 0.339318 -0.505586 0.148085 0.278375 0.336189 1
-0.385394 0.204375 1.295451 0.731965 2.218566 -0.409502 1.554091 0.886572 0.491687 0
0.148205 1.125085 2.364014 1.597305 0.082739 -0.435782 2.337161 1.709617 1.175526 0
2.202695 1.115398 0.549397 0.417611 0.863488 -0.105537 0.373295 0.250683 0.168897 0
1.829131 0.727389 0.420002 0.189263 0.662994 -0.668267 0.276667 0.184545 0.057768 0
-1.152600 -0.397310 1.662783 1.193944 -0.094935 1.771003 0.175273 0.286115 0.319703 0
1.317257 1.535802 1.916877 1.330910 2.074092 -0.637812 1.027214 0.788255 0.699709 0
1.648357 0.812601 0.246556 0.065516 1.286848 -0.329647 0.600151 0.356172 0.161463 0
0.779572 0.389603 0.239920 -0.030714 1.622064 1.058775 0.608648 0.301905 0.138241 0
0.292623 0.115430 1.021208 0.689560 1.201786 0.569190 0.818100 0.502578 0.228875 0
1.159784 2.813443 1.576031 0.757710 1.315779 0.457281 1.453032 1.500755 1.335443 0
1.247949 1.753219 1.619089 0.946379 0.048199 0.472758 1.281809 0.769613 0.600870 0
-0.516391 -0.257218 0.325923 0.111620 0.093623 0.316384 0.041707 0.121300 0.054966 0
-0.261373 1.320498 3.478171 2.780637 1.171958 0.803674 3.332412 3.079388 2.805213 0
-1.374232 -0.553338 0.141490 0.071937 0.311204 -0.559524 0.121801 0.192928 0.133675 0
-0.983001 -0.270877 1.267572 0.665244 -0.018030 4.312062 0.089544 0.135007 0.188517 0
0.687688 0.115981 0.277506 0.189995 -0.054421 -0.049659 0.027482 0.100344 0.044437 0
1.722139 2.637923 1.602698 0.857596 1.265875 1.264718 0.822615 0.598806 0.658206 0
-1.551002 -0.597059 0.358992 0.220947 0.114815 -0.456888 -0.197488 -0.044983 0.016181 0
-1.195286 -0.465061 0.646999 0.348988 0.371522 -0.670322 0.211823 0.249907 0.215511 0
-0.031270 0.141309 0.813625 0.388079 1.244534 -0.672206 0.561869 0.381794 0.305678 0
0.240883 0.114586 0.333174 0.049680 0.897181 1.634098 0.497374 0.317212 0.148171 0
0.436676 0.197934 0.854429 0.527754 0.374045 -0.246730 0.059478 0.106736 0.093856 0
0.350903 -0.021243 0.308885 0.279758 0.128068 0.409994 0.047187 0.059999 0.056085 0
0.997837 0.189234 0.218990 0.214995 0.694492 -0.096759 -0.008462 -0.020237 0.008649 0
-0.575649 -0.296003 0.410956 0.212649 -0.024929 0.614101 0.229956 0.228550 0.161064 0
0.182491 -0.054457 0.047797 -0.077196 0.970481 0.289737 0.214113 0.109206 0.003640 0
-1.333383 -0.537254 0.174277 0.035609 1.041345 -0.659737 0.357406 0.149868 0.016725 0
-1.572858 -0.600547 0.352393 0.188460 1.063741 -0.388304 0.254270 0.124476 0.066111 0
1.250076 2.100350 1.646506 0.940788 2.233221 -0.549529 1.889800 1.024223 0.608177 0
-1.321041 -0.401519 2.298089 2.149292 0.046015 -0.624828 0.611953 0.788121 0.848016 0
-1.342183 -0.541011 0.547203 0.389630 1.251123 -0.627885 0.392667 0.178444 0.143985 0
-1.008525 -0.420913 0.511027 0.218739 -0.466436 0.853151 0.002891 -0.007576 0.034546 0
-0.377287 -0.256065 0.024358 -0.050331 0.436500 -0.222871 -0.012050 -0.025276 -0.033824 0
1.085089 2.691647 2.105305 1.237419 2.176868 -0.303705 1.711302 1.208467 1.084430 0
-0.609793 -0.337495 0.301022 0.197765 1.335833 -0.383062 0.521653 0.196894 0.086033 0
-0.336436 -0.227189 0.551909 0.407438 0.066053 -0.626357 0.100634 0.142977 0.149799 0
-0.554993 -0.290036 0.479570 0.228479 1.056225 -0.171099 0.279072 0.139686 0.067877 0
0.373208 0.105336 0.157725 -0.033172 0.935880 1.773504 0.211416 0.131974 0.044147 0
1.322354 0.268150 0.072457 0.155617 -0.433915 -0.093124 -0.212841 -0.026413 0.016104 0
-0.914059 -0.363656 0.733718 0.284840 -0.300842 -0.639706 -0.073812 -0.064472 -0.052835 0
-0.258339 -0.072204 0.968561 0.638393 -0.113567 0.038603 -0.141051 -0.010918 -0.008284 0
-0.590762 -0.286780 0.311280 0.169926 1.282089 -0.231013 0.143203 0.107062 0.059064 0
-1.047835 -0.518687 0.056638 0.098826 -0.192693 -0.024869 -0.202457 -0.051924 -0.023157 0
-1.676596 -0.544299 2.230877 2.016005 2.148331 -0.446594 1.092180 0.771048 0.644304 0
-1.897603 -0.674470 0.287529 0.173034 -0.023837 1.209733 0.009678 0.073575 0.063664 1
-0.053290 0.156486 0.900321 0.383731 0.121147 -0.665818 0.136222 0.190636 0.189089 0
-0.844530 -0.420208 0.375591 0.191615 -0.159513 -0.501623 -0.171694 0.015313 0.030402 0
-0.541131 -0.405837 -0.050366 0.081641 -0.822829 -0.620750 -0.355276 -0.132505 -0.058861 0
-1.430559 -0.528594 0.420977 0.105853 0.443344 -0.032520 0.425542 0.261834 0.148350 0
-1.682687 -0.598715 0.924639 0.578614 0.181585 -0.625898 -0.134664 -0.014853 0.041503 0
-1.866319 -0.670014 0.612883 0.567999 0.346203 -0.199674 -0.084623 -0.007180 0.055432 0
0.169731 0.031943 0.002116 -0.169475 1.131612 -0.660742 0.116315 0.123258 0.043769 0
0.350508 0.057380 0.107209 0.022785 0.129239 0.584730 0.075671 0.100626 0.053347 0
0.111035 0.017630 0.692456 0.482201 -0.655257 0.624991 0.100857 0.176727 0.156185 0
0.640659 0.732029 1.270317 0.547012 1.172593 -0.658646 0.508335 0.257429 0.156237 0
-1.773127 -0.648304 0.456228 0.317493 0.370305 0.252212 0.185416 0.054569 0.002501 0
0.346655 -0.061668 0.399333 0.314765 0.685448 -0.671767 0.177585 0.077064 0.060119 0
-0.770564 -0.207729 0.768572 0.320544 0.669988 -0.342646 0.670239 0.345132 0.252940 1
0.152019 -0.155643 -0.279580 -0.169961 -0.288998 -0.669262 -0.232642 -0.094934 -0.083727 0
0.894532 0.414089 -0.054302 -0.181997 0.119800 -0.503739 0.003988 0.036354 0.010874 0
-0.272492 -0.250497 0.399508 0.232046 0.100284 0.383126 0.103591 0.047896 0.020812 0
-0.542967 -0.268992 -0.038277 -0.143302 0.277300 0.931559 0.305791 0.089681 0.033758 0
-0.562361 -0.155104 1.275014 0.816528 0.503051 -0.673349 0.158161 0.199387 0.270354 0
0.159230 0.520153 0.909624 0.237627 0.873803 -0.546169 0.457523 0.258626 0.167198 0
-1.399439 -0.583926 0.142126 0.058758 0.144771 1.017684 -0.026085 0.023021 -0.029972 0
-1.117097 -0.308005 1.433988 1.145920 -0.506932 -0.662016 0.935873 0.764023 0.662243 0
0.186427 0.148574 0.611992 0.286467 -0.619907 1.761161 0.002749 0.065806 0.109080 0
-0.579507 -0.434228 -0.071629 0.101018 0.037845 0.981032 -0.190157 -0.061469 -0.037648 0
-1.468145 -0.559487 0.705840 0.439594 0.265648 -0.618054 0.030808 0.081671 0.104105 0
0.599612 0.194919 0.267927 0.034211 0.533991 -0.659169 0.067853 0.065842 0.024956 0
-0.803294 -0.300508 0.429739 0.054639 0.654157 1.557569 0.155538 0.101742 0.013338 0
-0.444586 0.009999 0.729692 0.150974 1.459873 1.817884 1.249509 0.437501 0.115615 1
-1.408879 -0.541884 0.774581 0.426195 0.265193 3.205097 0.098565 0.031180 -0.034694 0
-1.639482 -0.620795 0.076520 -0.021954 -0.370941 0.451169 -0.246807 -0.089954 -0.018935 0
-1.701839 -0.625579 0.276074 0.199234 -0.756178 0.527197 -0.183439 -0.059494 0.036389 0
-0.027532 0.236999 0.912575 0.338725 0.691628 0.137580 0.767082 0.395124 0.282375 0
2.435898 1.406348 0.072395 -0.103347 0.988331 -0.217035 0.637187 0.310223 0.102403 0
0.395374 0.004563 -0.068244 -0.144860 1.943666 -0.372845 0.423861 0.136460 -0.007695 0
1.774835 0.610193 0.256356 0.214240 -0.328031 -0.179240 -0.251218 -0.148629 -0.057829 0
0.059452 -0.220055 0.351295 0.408929 -0.370532 -0.618521 -0.248270 -0.108520 -0.017972 0
-0.198134 -0.127112 0.156917 0.001279 -0.958717 -0.383109 -0.340528 -0.133459 -0.049122 0
-0.557649 -0.404987 -0.001845 0.048671 0.540214 -0.633086 0.030009 -0.035106 -0.058068 0
-0.525534 -0.204606 0.592566 0.249481 0.821960 -0.640731 -0.052545 -0.060161 -0.121231 0
-0.447239 0.097768 1.482330 0.717769 1.314632 -0.420382 0.965774 0.487371 0.302722 0
-0.899436 -0.262599 0.580076 0.117789 2.357204 1.072597 1.059230 0.397161 0.091098 1
-0.564350 -0.261233 0.774532 0.400586 0.587654 -0.395490 -0.037173 -0.011939 -0.020298 0
0.461826 0.001516 -0.048299 -0.061921 0.256890 -0.575945 -0.091893 -0.044345 -0.054012 0
-0.758297 -0.448185 -0.024301 0.054041 -0.339302 1.418966 -0.217482 -0.109669 -0.077612 0
1.217462 3.911165 2.615255 1.810271 1.810117 -0.627158 4.268382 3.169901 2.396875 0
0.486316 -0.061444 -0.340099 -0.174445 -0.008927 -0.655372 -0.300933 -0.156339 -0.127608 0
-0.173312 0.258444 0.910973 0.292520 0.358207 -0.035348 0.724401 0.508972 0.338065 0
1.443253 0.383686 0.027953 0.011004 0.012185 -0.213229 -0.155114 -0.061865 -0.051135 0
-0.959467 -0.335929 0.454783 0.062496 -0.127368 -0.037763 -0.003745 -0.010981 -0.034015 0
-1.058021 -0.478253 -0.146499 -0.205485 -0.241146 -0.666160 -0.054429 -0.012938 -0.042383 0
-1.414448 -0.513931 0.795495 0.454667 0.342670 -0.357444 -0.027295 -0.036544 -0.042876 0
-0.586628 -0.269050 0.299858 0.039297 0.269057 -0.536466 0.084973 0.050961 -0.000651 0
-0.463860 -0.164781 0.412969 0.109088 0.825920 -0.513208 0.695979 0.319474 0.155385 0
0.801604 0.096488 -0.117915 -0.115176 -0.478300 -0.565158 -0.353923 -0.149836 -0.076192 0
0.247411 -0.011505 0.095794 -0.076303 0.602194 0.718781 -0.012820 -0.012028 -0.060167 0
-0.667418 -0.069172 0.731357 0.155200 2.135153 -0.495133 0.663341 0.261191 0.048416 0
0.984829 0.437690 0.423518 0.226315 0.083443 -0.256820 0.130050 0.060956 0.057069 0
-0.975004 -0.370863 0.408558 0.048067 1.251668 -0.677715 0.261095 0.089023 0.012960 0
2.317832 7.339146 3.407254 3.165047 1.855285 -0.437710 4.232841 3.777790 3.519060 0
-1.027655 -0.428924 0.352123 -0.002440 0.338942 -0.670051 0.735696 0.170791 -0.002647 1
0.064914 -0.140655 -0.180698 -0.113784 1.122924 0.034325 0.130640 0.026998 -0.031185 0
-1.472324 -0.612946 0.004131 0.042584 0.933654 -0.650798 -0.003581 -0.029621 -0.029831 0
-1.280295 -0.519630 0.352941 0.160959 -0.676826 3.918369 -0.002492 -0.121922 -0.034076 0
-0.736376 -0.475916 0.024856 0.031312 -0.061380 -0.598267 -0.247288 -0.142670 -0.098280 0
0.769986 0.165682 0.124068 0.014794 0.206812 -0.618325 0.039660 0.043299 0.008466 0
0.438478 -0.063262 -0.221190 -0.058931 -0.157985 -0.675441 -0.234937 -0.089596 -0.048661 0
0.012129 0.098091 1.218949 0.715005 -0.041185 -0.522136 -0.005246 0.115050 0.174963 0
-0.828119 -0.328002 0.232835 -0.044416 0.476127 -0.195767 0.062674 -0.008735 -0.074813 0
-1.424297 -0.540192 0.233924 0.018437 1.239092 -0.384616 0.265587 0.042539 -0.043139 0
0.231913 -0.105345 -0.217991 -0.222399 -0.260705 -0.569524 -0.065990 -0.013736 -0.065773 0
-1.222024 -0.542576 -0.288951 -0.278190 -0.121113 -0.535775 -0.413965 -0.256015 -0.187478 0
1.163056 0.264744 -0.554879 -0.421657 -0.923732 -0.671660 -0.438197 -0.312158 -0.266576 0
-0.433473 -0.280012 0.231740 0.163845 -1.804072 0.124327 0.066057 0.094901 0.060843 0
0.751595 0.193653 0.130845 -0.059447 0.143811 -0.677193 0.229012 0.061373 -0.052848 0
0.508289 0.009129 -0.155591 -0.195174 0.486444 -0.640337 0.030237 0.005962 -0.077484 0
0.469550 0.060140 -0.250636 -0.203064 -0.696433 0.046839 -0.439757 -0.203793 -0.115454 0
-0.073061 -0.108633 0.061520 -0.122026 0.513153 -0.388566 0.330472 0.104902 -0.008366 0
1.704680 2.005248 1.327636 0.591447 1.340383 0.070104 1.197882 0.681890 0.351809 0
-0.045191 -0.254289 -0.120481 -0.032769 -0.214286 -0.548710 -0.243174 -0.116672 -0.057141 0
-0.179817 -0.143474 0.025807 -0.158487 0.427864 -0.105285 -0.043315 -0.170629 -0.118172 0
-0.685584 -0.229353 0.370118 0.008543 0.302368 -0.672559 0.092549 0.102188 0.050465 0
-0.506199 -0.357513 -0.311824 -0.177201 -0.541355 -0.538114 -0.137302 -0.127969 -0.108195 0
-1.193221 -0.548582 0.030995 0.001431 -0.720238 0.307182 -0.415562 -0.201303 -0.127970 0
-1.772024 -0.663291 -0.235737 -0.105350 0.413221 -0.677467 -0.089568 -0.076938 -0.068235 0
2.106700 1.098589 -0.234269 -0.324900 0.549152 -0.677618 0.221570 0.028706 -0.116257 0
-0.555400 -0.384346 -0.053173 -0.052060 0.083389 0.805726 -0.157191 -0.100700 -0.085206 0
-1.536392 -0.647464 -0.257911 -0.169737 0.404264 0.768815 -0.214209 -0.162516 -0.142860 0
0.565828 0.028560 -0.296214 -0.290583 -0.067642 -0.527298 -0.068241 -0.083972 -0.118797 0
0.857886 0.294112 -0.103718 -0.153213 1.136542 -0.674534 0.286239 0.025430 -0.055967 0
-0.360684 -0.218293 0.374701 0.141483 0.075887 -0.421433 0.187519 -0.011603 -0.027200 0
-1.775287 -0.675320 -0.065259 -0.016050 0.318582 0.570443 -0.149732 -0.055213 -0.059847 0
-0.198865 -0.292838 -0.074032 -0.018817 0.364280 -0.667888 -0.051006 -0.046746 -0.075357 0
0.138873 -0.060524 0.289728 0.117033 0.706079 -0.676761 0.144011 0.001708 -0.069304 0
-0.754966 -0.427099 -0.113906 -0.199011 -0.634297 -0.254779 -0.143579 -0.193466 -0.135363 0
-0.347284 -0.363291 -0.191694 -0.055743 -0.728463 0.315748 -0.449216 -0.195432 -0.087779 0
0.189770 -0.089080 0.041613 -0.046780 1.016635 -0.577675 0.236610 0.092907 -0.015063 0
-1.649285 -0.636328 0.328037 0.175815 0.201701 0.132136 -0.097094 -0.075168 -0.054139 0
1.163074 0.271576 -0.335220 -0.266920 0.217321 -0.512880 -0.180441 -0.131551 -0.139753 0
-1.024224 -0.461681 0.206767 -0.062968 0.253007 0.435652 0.070423 -0.020462 -0.055729 0
0.399891 -0.165709 -0.131735 0.015521 -0.851908 -0.433530 -0.381877 -0.158371 -0.067807 0
0.204862 -0.198499 -0.128822 -0.133271 0.612322 0.055677 0.137381 -0.011568 -0.093528 0
0.628575 0.275943 0.174519 -0.036279 0.698229 -0.491773 0.234855 0.093933 0.025843 0
-0.357441 -0.365938 -0.029132 0.043111 -0.117400 -0.674495 -0.271993 -0.157632 -0.094273 0
-0.271558 0.187742 0.591306 0.079066 1.068991 0.010230 0.811135 0.277183 0.160201 0
1.980736 0.606478 -0.024382 0.010316 0.000898 -0.662438 -0.226075 -0.087737 -0.050694 0
-0.561915 -0.287110 0.171381 -0.004782 0.877631 2.082976 0.076541 -0.043992 -0.092458 0
-1.272681 -0.543148 0.035529 -0.130070 0.486797 -0.637755 -0.030044 -0.025043 -0.122529 0
-0.230932 -0.296641 0.101046 0.006349 0.683874 -0.676466 -0.092040 -0.065941 -0.077318 0
-0.652279 -0.275607 0.197717 0.035461 1.095911 -0.639359 0.410319 0.139262 0.086796 1
-0.365506 -0.035911 0.808805 0.317443 0.018382 0.158888 0.205496 0.138233 0.106430 1
0.729429 -0.055692 -0.067875 0.046676 -0.516388 -0.673535 -0.425679 -0.216655 -0.108829 0
0.381751 -0.038567 -0.141381 -0.179860 0.434159 -0.593926 -0.253351 -0.161237 -0.134777 0
-0.155007 -0.335190 -0.233718 -0.113184 -0.776419 1.415168 -0.407769 -0.196023 -0.121217 0
-1.589105 -0.648675 -0.406856 -0.211128 -0.386243 -0.464226 -0.364437 -0.194194 -0.174496 0
1.058380 0.274119 -0.102506 -0.155120 -0.017977 0.051451 -0.135021 -0.091313 -0.089321 0
0.607048 0.114036 0.022259 -0.068725 -0.660345 -0.359818 -0.287243 -0.196449 -0.101735 0
-0.058876 0.228519 1.375337 0.805355 0.155117 -0.388172 0.889914 0.603876 0.484306 0
0.552191 1.365408 1.820392 1.057252 0.045221 -0.588586 2.006722 1.331816 0.852596 0
1.530847 2.921547 1.068860 0.283078 0.969407 0.707959 1.965310 1.081152 0.609838 0
-0.530600 -0.146032 0.641258 0.318604 0.103876 -0.181324 0.201577 0.106394 0.079137 0
1.627987 0.353409 -0.006773 0.014085 -0.419919 0.351861 -0.343944 -0.157608 -0.087178 0
0.316863 -0.055079 -0.291481 -0.297610 0.796261 -0.581446 0.099392 -0.046233 -0.135033 0
0.752847 1.785470 2.292222 1.740999 -0.491849 0.391704 1.673884 1.493788 1.348583 1
-0.851472 -0.361768 -0.091202 -0.253495 0.217790 -0.037687 0.080627 0.037999 -0.050096 0
1.321929 0.311753 -0.229272 -0.186288 0.080124 -0.670951 0.026756 -0.005626 -0.057626 0
0.557488 -0.036899 -0.315609 -0.220675 -0.170208 0.059707 -0.134282 -0.102696 -0.104500 0
-0.863448 -0.354966 1.209657 1.031684 -0.259533 0.122804 -0.270906 -0.079651 0.107982 0
0.003686 -0.164042 -0.138456 -0.179869 0.843969 -0.186077 0.308710 0.128159 -0.030856 0
-0.904207 -0.464812 -0.075582 -0.066838 -0.687445 0.445508 -0.207874 -0.157738 -0.111239 0
0.923444 0.122399 -0.342570 -0.282872 -0.928909 0.258690 -0.494736 -0.243272 -0.155243 0
-1.015464 -0.478635 -0.146826 -0.180196 0.061774 -0.222681 0.022336 -0.034894 -0.089728 0
0.650335 0.153389 -0.095153 -0.239966 -0.055299 0.260720 0.011895 -0.044938 -0.114080 0
-0.969094 -0.501802 -0.333645 -0.212882 0.197323 -0.517279 -0.244629 -0.123860 -0.089567 0
0.396940 -0.121901 -0.345688 -0.176795 -0.020488 -0.374249 -0.105958 -0.054981 -0.085430 0
-1.469306 -0.551724 0.541674 0.234718 -0.862995 0.244057 0.270079 0.185305 0.117093 0
0.211322 -0.169821 0.152867 0.089398 1.103544 0.003602 -0.024767 -0.062602 -0.071704 0
-1.457454 -0.552023 0.349579 0.101727 -0.027558 -0.526911 0.321888 0.072691 -0.024921 0
0.210289 -0.044257 -0.204398 -0.261761 0.179504 -0.673464 0.041970 -0.018668 -0.078242 0
-1.183329 -0.585008 -0.194363 -0.046223 -0.084707 -0.228575 -0.234554 -0.159531 -0.126560 0
-1.640781 -0.602094 -0.024400 -0.220180 0.362300 0.890506 -0.072501 -0.127197 -0.218406 1
1.016370 0.507989 0.122943 -0.099514 0.735259 -0.380150 0.368086 0.104546 0.011226 0
-1.061985 -0.479289 0.081633 -0.039474 -0.087126 -0.647212 -0.045333 -0.002595 -0.005677 0
-1.680552 -0.655650 -0.331117 -0.196683 -0.422819 -0.479758 -0.293353 -0.189156 -0.160378 0
-1.438335 -0.604075 -0.232642 -0.199236 0.255723 0.837770 -0.247496 -0.158104 -0.155333 0
1.346467 0.578613 -0.112741 -0.177917 0.742362 -0.651647 0.220954 0.033144 -0.038022 0
-0.254887 -0.304075 -0.144676 -0.129218 -1.256592 0.141404 -0.537601 -0.227102 -0.121717 0
0.051476 -0.022505 0.289170 0.007818 0.913886 -0.631751 0.118480 0.026720 -0.048998 0
1.452688 0.516854 -0.212689 -0.226700 -0.526094 -0.031624 -0.429949 -0.223420 -0.145799 0
0.290717 -0.063827 -0.263805 -0.231923 0.889720 -0.608511 0.160382 -0.020455 -0.103864 0
0.782081 0.119281 -0.314332 -0.309576 0.572285 -0.419474 0.037312 -0.059848 -0.170700 0
1.055773 0.532300 -0.286357 -0.349113 0.933274 -0.294223 0.074131 -0.060803 -0.123644 0
0.608665 0.042802 -0.252884 -0.207620 -0.097921 -0.546904 -0.120828 -0.130413 -0.122879 0
0.963530 0.237745 -0.074422 -0.183108 0.955506 -0.284291 0.050314 -0.094661 -0.132015 0
-0.947722 -0.354423 0.551893 0.192735 0.644169 1.372870 0.306931 0.028850 -0.005187 1
-0.856059 -0.424070 0.316538 0.123195 -1.043296 1.451519 -0.439747 -0.186741 -0.074499 0
0.750823 0.785989 1.079982 0.420419 -0.742196 -0.604426 0.267800 0.182130 0.117096 0
-1.230417 -0.553163 -0.116446 -0.196803 0.186320 -0.464277 -0.018853 -0.055277 -0.131612 0
-1.816772 -0.686549 -0.509929 -0.259986 -0.096626 1.116913 -0.227627 -0.146148 -0.151665 0
-1.523529 -0.630060 -0.296688 -0.148869 0.303112 0.686134 -0.021262 -0.042930 -0.075771 0
0.213940 0.025330 0.081231 -0.025764 -0.093746 -0.631941 -0.148318 -0.098940 -0.093556 0
0.829241 0.189481 0.109989 0.041587 -0.448108 -0.668609 -0.151488 -0.079972 -0.026729 0
-0.387496 -0.360793 -0.323122 -0.235828 0.191853 -0.474013 -0.116570 -0.146431 -0.166999 0
-0.924158 -0.141832 1.984673 1.390207 1.164425 -0.090618 1.298072 0.857012 0.691597 0
0.265051 -0.194612 -0.266903 -0.167583 -0.580220 0.226957 -0.491371 -0.266752 -0.172674 0
1.357486 1.287039 0.399806 0.017049 -0.418378 -0.672783 0.546043 0.292950 0.218756 0
0.861581 0.415184 0.165799 -0.085463 1.255697 -0.171945 0.458108 0.111608 -0.012151 0
-0.948538 -0.532530 -0.296531 -0.175120 -0.198030 0.829268 -0.429029 -0.247268 -0.177926 0
0.649394 0.018134 -0.098704 -0.091383 0.304176 -0.483535 -0.035840 -0.063001 -0.077305 0
-0.454973 -0.120963 0.326743 -0.011542 2.082298 -0.378898 0.559109 0.128789 -0.028746 0
-0.625056 -0.198381 0.254560 -0.082610 -0.056070 -0.488526 0.304449 0.063624 -0.045883 0
-0.431091 -0.406037 -0.446819 -0.310265 0.469874 -0.597053 -0.289527 -0.220653 -0.190503 0
0.627096 -0.016276 -0.300923 -0.260694 -1.540119 -0.198987 -0.425125 -0.260905 -0.180126 0
0.956600 0.136351 -0.342317 -0.297223 0.974680 -0.165664 0.193181 -0.041228 -0.171609 0
-0.078352 -0.255669 -0.004275 0.019601 0.210607 -0.461692 -0.249129 -0.170865 -0.109068 0
0.089623 0.202061 0.525071 0.078410 1.152776 -0.670791 0.335924 0.029226 -0.042428 0
0.820871 0.209514 -0.129330 -0.127954 0.243408 -0.331336 0.035323 -0.099585 -0.082222 0
0.234693 -0.057671 -0.311282 -0.355688 0.268040 0.158947 -0.067027 -0.118653 -0.168153 0
0.158475 0.407939 0.891339 0.300999 0.251639 -0.557558 0.750380 0.369000 0.187013 0
-1.382992 -0.509343 0.378203 0.024602 0.543019 -0.100383 0.185316 -0.044803 -0.107669 0
-0.720002 -0.224717 0.502623 0.084943 0.979400 -0.549083 0.243441 0.123128 0.057061 0
1.642519 0.607319 -0.235889 -0.291775 2.079018 -0.002708 0.459242 0.000946 -0.157717 0
-0.966741 -0.478915 0.111735 0.024447 0.649636 -0.662260 -0.089028 -0.099801 -0.147225 0
1.027002 0.818310 -0.265471 -0.398448 2.042077 0.444456 0.449936 0.030122 -0.131108 0
0.756009 -0.082440 -0.407429 -0.196177 -0.105449 0.168679 -0.335743 -0.210951 -0.158965 0
-1.916875 -0.670015 0.234926 0.136400 0.135560 0.181714 -0.235760 -0.128961 -0.082221 0
-0.079095 -0.122612 -0.094693 -0.206000 -0.507104 0.162718 0.010030 -0.123587 -0.110351 0
-0.903329 -0.460724 0.069829 -0.029163 -0.996913 -0.543356 -0.371438 -0.214121 -0.150138 0
0.123977 -0.243898 -0.343957 -0.194011 -0.239630 -0.649212 -0.330311 -0.222508 -0.190882 0
0.821839 0.549212 1.544398 1.202570 -0.634956 -0.676182 0.117883 0.342268 0.458895 0
-0.938473 -0.470385 -0.468956 -0.388116 -0.210480 -0.667198 -0.354078 -0.218887 -0.166332 0
0.078354 -0.206929 -0.411296 -0.336513 0.545333 -0.676547 -0.033201 -0.083171 -0.151778 0
0.806109 0.345043 0.150266 -0.045887 0.413150 -0.592729 -0.082364 -0.083474 -0.111816 0
0.499668 -0.091717 -0.442760 -0.359187 -0.084904 -0.666155 -0.211159 -0.156359 -0.186878 0
-1.038203 -0.374210 0.448743 0.067439 -0.817863 0.255510 0.729231 0.244683 0.012024 0
-0.076418 -0.235778 -0.281302 -0.244347 -0.970380 -0.408123 -0.430017 -0.230097 -0.162038 0
0.600081 0.042779 -0.333833 -0.289204 -0.115640 -0.394724 -0.267548 -0.197830 -0.179625 0
0.908549 0.340251 -0.107116 -0.192765 0.913537 -0.674785 0.196815 -0.037667 -0.073981 0
1.430495 0.306945 -0.349912 -0.240808 -0.476253 0.495056 -0.399654 -0.220480 -0.175044 0
1.682368 0.619282 -0.087607 -0.134309 -0.720179 -0.598362 -0.383507 -0.221411 -0.129199 0
-1.681814 -0.620917 0.180923 -0.009108 0.021743 -0.068339 0.266265 -0.025117 -0.098110 0
-1.434219 -0.625671 -0.267565 -0.210756 0.217723 0.166386 -0.044884 -0.110839 -0.162123 0
0.075941 -0.203382 -0.450211 -0.337707 0.185832 1.548891 -0.087013 -0.147491 -0.197929 0
2.135927 0.752635 -0.306320 -0.272733 -0.880673 -0.625194 -0.393272 -0.206287 -0.149772 0
1.264960 0.624385 0.016187 -0.185808 0.882404 -0.507044 0.286178 0.036192 -0.054953 0
-1.632973 -0.641211 0.018701 -0.030376 -0.251665 -0.239108 -0.221397 -0.145568 -0.149034 0
-0.495858 -0.073958 0.398213 -0.035308 1.934804 0.496913 1.019194 0.360565 0.096525 1
-0.851208 -0.400447 -0.156058 -0.269837 0.461068 0.299858 0.064804 -0.004795 -0.149324 0
-0.051862 -0.288274 -0.223348 -0.108333 -0.401992 -0.585026 -0.377741 -0.233566 -0.135508 0
0.960007 0.226683 -0.355248 -0.324426 0.438514 -0.310979 -0.064348 -0.113624 -0.190908 0
-0.922650 -0.495531 -0.141398 -0.066338 -0.211251 -0.447265 -0.273190 -0.198256 -0.123316 0
-0.480737 -0.338893 -0.099100 -0.100566 -0.540426 -0.582587 -0.475062 -0.260769 -0.142774 0
0.611480 0.252600 -0.078755 -0.244881 0.415530 0.969318 0.050610 -0.134491 -0.204553 0
-0.263393 -0.325591 -0.320009 -0.194479 -0.897270 -0.600356 -0.468084 -0.348233 -0.198244 0
-1.712395 -0.673012 -0.190794 -0.125105 -0.422728 -0.661777 -0.542244 -0.316575 -0.211162 0
-1.696175 -0.662318 -0.209765 -0.093342 -0.350288 -0.612090 -0.364341 -0.216811 -0.143870 0
-0.902839 -0.516012 -0.192064 -0.057560 -0.171839 -0.555554 -0.303645 -0.174977 -0.108037 0
-0.979501 -0.283762 0.962215 0.390094 0.447026 0.977162 0.084534 0.086626 0.152538 0
0.445485 0.052619 0.011430 -0.169752 -0.691415 -0.672128 -0.272961 -0.299439 -0.207478 0
0.216028 -0.110497 -0.086525 -0.144712 1.145479 0.677828 0.165680 0.008619 -0.111172 0
-1.054746 -0.417495 0.125241 -0.160478 0.593227 -0.267200 0.039776 -0.086870 -0.139711 0
0.891147 0.047806 -0.319500 -0.186121 0.363100 -0.666940 -0.184816 -0.196350 -0.189951 0
-1.616589 -0.628712 0.036809 -0.062865 -0.188978 -0.428801 -0.409548 -0.242579 -0.188503 0
0.162477 -0.265927 -0.384929 -0.155814 -1.008155 0.330654 -0.491322 -0.270202 -0.158657 0
0.157723 0.086439 0.781040 0.411547 -0.696633 -0.638527 0.028655 -0.030152 -0.037924 0
0.524693 -0.103264 -0.344096 -0.229129 0.026444 -0.511704 -0.278442 -0.197392 -0.184917 0
0.247108 0.210115 0.234286 -0.094942 0.050987 -0.593949 0.158803 -0.045394 -0.087762 0
-1.567458 -0.644878 -0.122033 -0.091169 -0.591496 -0.657188 -0.283421 -0.193971 -0.181471 0
-1.393670 -0.572962 -0.040989 -0.117751 0.744446 0.939493 0.015640 -0.059705 -0.104814 1
-0.847357 -0.408254 0.319969 0.076284 -0.954027 -0.527598 0.113140 -0.041994 -0.112795 0
0.777281 0.237335 -0.233966 -0.286338 0.205669 -0.016075 -0.071029 -0.090045 -0.103227 0
0.518916 0.055139 -0.256509 -0.242798 0.847691 -0.648419 -0.055410 -0.093162 -0.100869 0
0.335165 0.264849 0.804885 0.326562 -0.812803 -0.561047 0.421131 0.271764 0.146589 0
1.501955 0.899597 0.419639 0.085788 0.483596 -0.203031 0.333347 -0.009434 -0.057702 0
-1.229884 -0.481385 0.426037 0.091186 0.525327 0.301173 0.179304 0.000671 -0.083000 1
0.892827 0.164203 -0.313289 -0.241967 0.355752 -0.677250 -0.142367 -0.172733 -0.130275 0
1.812150 0.653001 -0.367724 -0.311153 -0.803164 -0.371510 -0.376707 -0.195128 -0.143890 0
-0.729221 -0.402771 -0.060226 -0.160330 1.042051 -0.526990 -0.116888 -0.189000 -0.168615 0
0.689557 0.638144 1.187123 0.540336 0.584275 1.201540 0.453669 0.231110 0.138814 0
0.894315 0.122824 -0.245538 -0.224231 0.762068 -0.198172 0.041717 -0.119247 -0.196502 0
0.467450 -0.153042 -0.547955 -0.341280 -0.675791 1.612513 -0.412328 -0.225139 -0.164009 0
0.490824 -0.017940 -0.077621 -0.062417 -1.105069 -0.603248 -0.459375 -0.245095 -0.145855 0
-0.384838 0.040964 0.242161 -0.143295 1.041143 0.086240 0.134775 0.044126 -0.003349 0
0.934531 0.256548 -0.184974 -0.235061 0.413071 -0.551514 -0.115102 -0.120795 -0.164783 0
0.219799 -0.231167 -0.554531 -0.335009 0.520333 0.182241 -0.118251 -0.156706 -0.204182 0
0.709660 0.565839 -0.183543 -0.360347 -0.063103 -0.302987 0.442969 0.060475 -0.037393 0
0.141903 -0.130312 -0.140474 -0.151077 0.246387 0.067321 -0.175470 -0.184981 -0.132278 0
0.582655 0.245827 0.654205 0.353670 -0.079935 -0.423518 -0.041906 0.004012 0.022118 0
0.497201 0.583571 0.715299 0.128770 -0.467662 0.090461 0.028621 0.068884 0.043666 0
1.542826 0.874534 0.295035 0.051247 1.102157 -0.667915 0.235107 0.011437 -0.065704 0
0.808785 0.008688 -0.577999 -0.400392 -0.043183 -0.587918 -0.250242 -0.180053 -0.207930 0
0.191929 0.077387 -0.327064 -0.414659 1.200655 -0.492336 0.268742 0.072746 -0.127782 0
1.102464 0.291660 -0.208517 -0.286019 0.145166 -0.629839 -0.174021 -0.142786 -0.169393 0
0.402106 -0.129778 -0.408683 -0.257807 -0.533547 -0.028331 -0.427190 -0.241865 -0.167177 0
0.054784 -0.076848 -0.128653 -0.262253 0.212705 -0.355790 0.056779 -0.068268 -0.140553 0
-0.078654 -0.264477 -0.362613 -0.237859 0.334771 0.222352 -0.147783 -0.153334 -0.160333 0
-1.026099 -0.433213 -0.030508 -0.227409 2.468294 0.062902 0.710126 0.167185 -0.091143 1
-0.676143 -0.452009 -0.391168 -0.229047 -0.277744 2.125567 -0.246972 -0.182622 -0.176888 0
-1.065159 -0.537239 -0.081395 -0.040119 0.238600 -0.047957 -0.236716 -0.175429 -0.156463 0
-1.645320 -0.645552 0.179128 0.084722 -1.103147 -0.268388 -0.242613 -0.177741 -0.145929 0
1.418963 0.400537 -0.239156 -0.266257 -1.373964 0.205662 -0.304474 -0.192549 -0.192005 0
0.696671 -0.023696 -0.417745 -0.225132 -0.316017 -0.671852 -0.400759 -0.254387 -0.170068 0
0.254820 0.024255 -0.145802 -0.236202 -0.378256 -0.676255 0.122668 0.035680 -0.038089 0
0.632331 0.632315 0.255213 -0.082876 1.382820 -0.354088 0.812576 0.322038 0.122226 0
0.707454 0.103324 -0.305109 -0.275647 0.079046 1.240897 -0.070848 -0.114779 -0.145254 0
-0.642646 0.016070 1.704006 1.270142 0.849409 3.576967 1.566906 1.177932 0.960962 0
0.242597 -0.169406 -0.396933 -0.257280 -0.497974 -0.661049 -0.356869 -0.236366 -0.161335 0
2.178772 1.557360 -0.083663 -0.245380 1.153710 4.966491 0.252425 -0.003204 -0.046301 0
-0.867582 -0.343960 0.678407 0.261993 -1.297603 1.736537 0.156279 0.121340 0.042036 0
0.550588 0.120824 -0.224935 -0.279179 0.914759 -0.673173 0.090989 -0.032620 -0.088629 0
-0.719920 -0.401159 -0.175523 -0.225293 0.964677 -0.057847 0.040873 -0.105654 -0.168750 1
0.025759 -0.271818 -0.374679 -0.188615 -0.731433 -0.459512 -0.481529 -0.271784 -0.167330 0
1.820630 0.477574 -0.566946 -0.362959 -0.028871 -0.343172 -0.162840 -0.163946 -0.167141 0
-1.165937 -0.529637 -0.070437 -0.059938 -1.518075 -0.459451 -0.187605 -0.081701 -0.048698 0
-0.680428 -0.277122 -0.145829 -0.310250 1.264047 -0.616123 0.638143 0.138064 -0.071846 1
0.449259 -0.018105 -0.354661 -0.315950 0.143455 -0.524562 -0.194134 -0.115611 -0.118511 0
0.022529 -0.256239 -0.337848 -0.223807 -0.280761 -0.655136 -0.357790 -0.236882 -0.150360 0
1.362780 0.309681 -0.712982 -0.444163 -0.683010 -0.317276 -0.490216 -0.280358 -0.211179 0
-0.325760 -0.314647 -0.333853 -0.252727 0.995413 0.254076 0.146892 -0.079517 -0.163712 0
-0.542545 -0.411801 -0.347881 -0.297254 0.351812 0.854143 -0.090146 -0.125290 -0.155041 0
0.113928 -0.074898 -0.001364 -0.168590 0.881374 -0.560126 0.238807 -0.055739 -0.176607 0
-1.355835 -0.584466 -0.353169 -0.296655 -0.749820 -0.619906 -0.460086 -0.234950 -0.168891 0
0.302597 0.017164 -0.181190 -0.224423 -0.943381 -0.641740 -0.457010 -0.239328 -0.123061 0
1.157146 0.273071 -0.506012 -0.375769 -0.499172 -0.447656 -0.421764 -0.287512 -0.228687 0
0.711013 -0.037829 -0.242347 -0.150430 -0.328851 -0.277554 -0.390268 -0.238658 -0.170625 0
1.907489 0.473452 -0.473558 -0.352014 0.091052 -0.500125 -0.383516 -0.256733 -0.207806 0
-1.056236 -0.516677 -0.151868 -0.173223 0.484210 -0.653949 -0.020951 -0.144545 -0.190644 0
0.484215 0.001565 -0.304778 -0.272206 -0.476463 -0.651715 -0.423453 -0.243506 -0.163486 0
-1.188156 -0.535851 -0.162783 -0.179702 0.656048 -0.498695 -0.077075 -0.143277 -0.169515 0
3.208383 1.598381 -0.202143 -0.236217 0.811661 -0.319502 0.087147 -0.089982 -0.160519 0
-0.894597 -0.353158 0.203089 -0.076797 0.594024 0.841553 0.214618 -0.009550 -0.048509 0
0.436353 -0.057376 -0.336709 -0.289066 -0.208204 -0.520384 -0.257404 -0.210175 -0.198084 0
0.252975 -0.006073 -0.197456 -0.274273 0.435770 -0.669116 -0.196465 -0.135613 -0.169818 0
-1.285336 -0.557940 -0.345724 -0.342043 -0.063229 -0.480189 -0.338674 -0.228598 -0.193696 0
-0.523902 -0.217589 -0.059093 -0.254255 0.502489 2.413880 0.206375 -0.045516 -0.122494 0
1.840411 2.131871 1.193984 0.481603 0.176438 -0.665492 1.017369 0.591462 0.303788 0
0.640652 0.346807 0.401696 0.052718 0.728979 -0.584275 0.463936 0.188969 0.050445 0
-1.005568 -0.465194 -0.094970 -0.133381 0.998957 -0.623468 0.130280 -0.037376 -0.074220 1
0.291092 -0.202006 -0.499273 -0.319152 -0.661177 1.155214 -0.599705 -0.306640 -0.196194 0
0.087739 -0.189342 -0.285153 -0.197248 0.174883 -0.668793 -0.156494 -0.162671 -0.131112 0
-0.902336 -0.514605 -0.596054 -0.366005 -0.927919 -0.335162 -0.643045 -0.326544 -0.208635 0
0.839696 3.154662 2.995184 2.343359 0.397427 -0.095599 3.745489 3.185362 2.780883 0
-0.459910 -0.393026 -0.343764 -0.269445 0.004280 -0.458786 -0.179939 -0.186560 -0.201531 0
0.317009 0.335064 0.156924 -0.141207 0.514882 0.404724 1.040940 0.205088 -0.030406 0
-0.267994 -0.193750 0.101366 -0.071351 0.097183 -0.358743 -0.031830 -0.065197 -0.065421 0
0.549202 0.303652 0.468308 0.067390 -0.136724 -0.635543 0.153396 0.111384 0.071393 0
4.040995 2.255517 -0.158758 -0.238633 0.420309 0.452144 0.246623 0.035651 -0.127796 0
0.057288 0.501845 1.262971 0.586828 -0.126825 0.635058 0.263547 0.194794 0.334479 0
1.580193 0.358527 -0.446202 -0.333064 0.079364 -0.674414 -0.077718 -0.149529 -0.182203 0
3.068026 1.639144 -0.374370 -0.298447 0.464085 1.915625 0.025395 -0.133743 -0.142249 0
1.256383 0.417224 0.261423 0.117408 0.157627 0.501152 -0.109153 -0.078703 -0.044262 0
0.600465 0.096030 -0.298881 -0.316167 -0.207201 0.347574 -0.325130 -0.230608 -0.192505 0
0.714445 0.038806 -0.246420 -0.215579 -0.312258 0.316500 -0.339390 -0.267326 -0.235128 0
1.335290 0.877100 -0.116897 -0.304592 2.523131 -0.676520 0.748974 0.152304 -0.087583 0
-0.489387 -0.287579 -0.377770 -0.381320 0.098516 -0.302589 -0.127911 -0.125129 -0.157154 0
0.114162 0.436701 0.995759 0.329485 -0.010117 -0.676716 0.507262 0.286941 0.186373 0
0.530096 -0.128723 -0.547908 -0.363949 0.370829 0.126557 -0.078475 -0.138604 -0.190684 0
-1.771956 -0.689385 -0.401411 -0.146167 -0.185744 1.011788 -0.391337 -0.276495 -0.203422 0
0.133814 -0.079272 -0.377505 -0.318640 0.674659 0.615305 -0.053011 -0.124212 -0.124927 0
0.512992 -0.172789 -0.378931 -0.134008 -0.533463 0.882215 -0.491956 -0.292627 -0.167124 0
-0.079114 -0.305223 -0.440045 -0.260188 -0.222558 -0.555406 -0.404993 -0.272372 -0.205344 0
0.849068 0.034595 -0.276463 -0.215364 -0.264970 0.300714 -0.294514 -0.231819 -0.205858 0
-0.773441 -0.404972 -0.432568 -0.354726 -0.683308 0.311777 -0.234238 -0.256027 -0.188241 0
0.536899 0.015348 -0.373424 -0.348489 -0.317790 -0.284298 -0.453959 -0.295773 -0.235416 0
-0.921997 -0.484051 -0.299701 -0.279052 -0.380150 0.001426 -0.410182 -0.267947 -0.217397 0
0.728825 -0.067902 -0.427392 -0.220624 -0.846954 0.174385 -0.422163 -0.281064 -0.198373 0
0.474861 -0.163827 -0.332982 -0.086655 -0.478805 -0.596063 -0.452930 -0.277078 -0.158337 0
-0.369985 0.014835 0.589003 0.148704 -0.582971 0.083566 -0.086344 0.041156 0.124118 0
-0.245796 0.093680 0.986541 0.535582 0.121304 -0.543662 0.876217 0.554024 0.429073 0
0.264506 0.195410 1.347365 0.839033 -0.063441 1.105390 0.159443 0.131574 0.132112 0
-1.026328 -0.501741 -0.394216 -0.323608 0.104140 -0.623569 -0.354731 -0.296069 -0.246675 0
0.524196 0.211619 -0.200874 -0.316555 0.308372 -0.630170 0.024237 -0.173998 -0.162817 0
-0.979283 -0.508462 -0.282428 -0.214111 -0.607101 0.505027 -0.465252 -0.285945 -0.206143 0
-1.693781 -0.654518 -0.242599 -0.159053 0.173833 -0.676187 -0.265009 -0.230113 -0.165941 0
-1.502822 -0.495747 1.156548 0.763596 0.952078 -0.462641 0.324354 0.356562 0.412162 0
0.743751 0.229312 -0.427199 -0.388670 -0.406038 -0.676350 0.108832 -0.071615 -0.149727 0
0.077871 -0.141286 -0.317501 -0.300684 -0.484485 -0.677569 -0.312104 -0.216163 -0.187376 0
1.161709 0.354367 -0.432698 -0.402516 -0.659083 -0.660381 -0.385595 -0.185483 -0.199022 0
-0.564010 -0.445248 -0.601744 -0.339251 -0.740978 1.150380 -0.586938 -0.356510 -0.240222 0
0.379956 -0.120034 -0.370952 -0.298424 -0.158224 -0.671026 -0.461577 -0.278091 -0.208369 0
0.109002 -0.172113 -0.237571 -0.218957 -0.693082 0.160027 -0.338479 -0.249127 -0.220465 0
0.242129 0.369936 1.260316 0.683848 -0.436616 -0.386026 0.576538 0.482355 0.403488 0
-1.064689 -0.480975 -0.120061 -0.234160 -0.604370 9.748324 -0.204780 -0.160271 -0.166528 0
0.521151 0.050713 -0.416956 -0.400931 0.444841 -0.644925 -0.111348 -0.176230 -0.234276 0
-1.054463 -0.564688 -0.240120 -0.197295 -0.472669 2.474568 -0.432663 -0.284380 -0.224359 0
0.641756 0.233045 0.118287 -0.069540 -0.931671 -0.488212 0.279355 0.045006 -0.052146 0
0.092793 -0.206878 -0.368729 -0.305471 0.146284 2.878843 -0.350024 -0.254043 -0.223524 0
-0.977344 -0.433092 0.330929 0.123534 -0.720717 4.012701 -0.231060 -0.045135 -0.005883 0
1.480854 0.474820 -0.161081 -0.194588 -0.890081 -0.258376 -0.236936 -0.324380 -0.173924 0
1.530329 0.425250 -0.391862 -0.340054 0.652996 -0.398036 0.070775 -0.126727 -0.207189 0
-0.315598 -0.225675 0.170150 -0.028410 -0.679720 -0.631130 0.011278 -0.099602 -0.101726 0
0.144304 -0.138819 -0.300366 -0.300087 0.190954 -0.621754 -0.128506 -0.141469 -0.177074 0
-0.763033 -0.401245 0.016483 -0.089234 -0.204617 -0.151307 -0.391847 -0.240450 -0.174968 0
1.033740 0.200198 -0.389943 -0.331322 0.017060 -0.036626 -0.194599 -0.201569 -0.209788 0
0.571978 0.179169 0.052900 -0.144770 1.668301 -0.226208 0.189007 -0.044110 -0.160625 0
-0.901922 -0.398322 0.226996 -0.006334 0.651608 -0.572587 0.103625 -0.104918 -0.074615 0
-1.549509 -0.603332 0.116363 -0.062339 -0.862532 -0.616253 -0.086258 -0.085720 -0.114792 1
0.668642 -0.063802 -0.523598 -0.293352 -1.080552 -0.246667 -0.654325 -0.374918 -0.232502 0
1.418536 0.209831 -0.720222 -0.412754 -0.505585 -0.671852 -0.437312 -0.265036 -0.214770 0
-0.371677 -0.301110 -0.055967 -0.181219 -0.388295 -0.441693 -0.235383 -0.180509 -0.190058 0
-0.555463 -0.388807 -0.458027 -0.323866 -0.658185 -0.480110 -0.278200 -0.217685 -0.202958 0
0.321826 0.653513 1.019955 0.544938 0.923498 -0.160552 0.410211 0.552302 0.596778 0
-0.278451 -0.420690 -0.611281 -0.291190 -0.954868 0.594143 -0.575418 -0.358696 -0.244966 0
-0.021422 -0.244382 -0.474351 -0.368891 -0.023835 -0.592796 -0.199504 -0.180417 -0.206956 0
-0.002593 -0.278095 -0.385005 -0.261282 -0.582820 2.031388 -0.460018 -0.279222 -0.220025 0
0.541886 -0.138574 -0.363500 -0.164057 -0.920480 -0.416446 -0.542537 -0.308302 -0.198339 0
0.183521 -0.201292 -0.331405 -0.289813 -0.111657 -0.673094 -0.311550 -0.234253 -0.214534 0
0.235468 -0.107745 -0.226257 -0.253385 -0.557366 1.977194 -0.247542 -0.159960 -0.166981 0
-0.094772 -0.268991 -0.473476 -0.316616 -0.447013 -0.611693 -0.416933 -0.289688 -0.214229 0
-1.503841 -0.585121 0.476572 0.349667 -0.217422 -0.349624 0.069281 0.101513 0.052926 0
0.618184 0.107706 -0.305522 -0.326725 -0.890991 -0.670529 -0.173694 -0.235107 -0.260670 0
-0.190209 -0.363839 -0.606526 -0.400922 -0.795677 -0.081504 -0.543350 -0.342396 -0.238274 0
-1.335749 -0.615969 -0.667564 -0.404410 -1.005579 -0.656475 -0.555103 -0.356769 -0.251761 0
1.202512 0.373349 -0.380165 -0.348370 0.683891 -0.536045 -0.021770 -0.099990 -0.144070 0
-0.197144 0.181172 1.995446 1.506992 -0.454997 -0.587540 0.149972 0.383612 0.526995 0
0.330991 -0.194146 -0.484618 -0.336017 0.190497 -0.518707 -0.214254 -0.208365 -0.234012 0
1.167827 0.501146 -0.139725 -0.243375 1.546524 -0.542965 0.481671 0.012926 -0.166097 0
0.613927 0.106106 -0.569020 -0.434377 -0.536982 0.144094 -0.403898 -0.286731 -0.248798 0
-1.393669 -0.553212 -0.135336 -0.269125 0.510632 0.446787 -0.016993 -0.141788 -0.176981 1
0.354026 -0.203286 -0.447402 -0.227431 -0.468015 -0.555273 -0.392684 -0.306499 -0.229951 0
0.634666 -0.045128 -0.570637 -0.419349 0.221498 -0.626066 -0.191147 -0.185030 -0.218681 0
-0.554682 -0.334650 -0.260228 -0.322078 -0.274956 -0.372667 -0.276179 -0.197226 -0.187775 0
0.678252 0.353334 -0.190921 -0.345273 1.578982 3.358416 0.209978 -0.057566 -0.124752 0
1.177723 0.134167 -0.548698 -0.324008 -0.361375 -0.387747 -0.370700 -0.262008 -0.194235 0
0.217940 -0.209780 -0.395227 -0.178378 -0.263096 -0.616513 -0.376090 -0.251250 -0.161104 0
-0.534421 -0.409238 -0.492827 -0.354822 -0.980114 3.447267 -0.503229 -0.308185 -0.239842 0
0.147278 -0.140360 -0.269000 -0.301165 -0.258053 -0.553178 -0.232747 -0.222905 -0.218071 0
-1.164909 -0.583424 -0.552599 -0.291246 -0.171517 -0.252905 -0.360567 -0.278243 -0.205659 0
0.045179 0.110119 -0.080778 -0.276024 0.539700 1.602224 0.283641 -0.139539 -0.162481 1
-0.433166 0.126502 1.453848 0.862392 0.406708 -0.650226 1.537870 1.032681 0.714741 0
-0.079214 -0.267077 -0.506560 -0.347918 -0.982556 -0.497974 -0.577010 -0.312005 -0.216444 0
-1.197378 -0.525373 -0.421860 -0.331652 0.715224 1.513909 0.035112 -0.145494 -0.197945 0
-0.046136 -0.283428 -0.458836 -0.335361 -0.011387 -0.675277 -0.391810 -0.288511 -0.282993 0
0.558436 -0.028352 -0.395566 -0.314750 0.064260 -0.411436 -0.324893 -0.298919 -0.254600 0
-1.212400 -0.395452 2.142752 1.809422 -0.836821 -0.171462 0.713784 0.760461 0.733663 0
0.984851 0.106902 -0.504432 -0.364490 -0.277658 0.700703 -0.413801 -0.257263 -0.215092 0
0.396993 -0.100548 -0.500163 -0.396470 -0.924864 0.445873 -0.346168 -0.280755 -0.221046 0
-0.166313 -0.292122 -0.379869 -0.272458 -0.462420 -0.659162 -0.452950 -0.280207 -0.182335 0
0.228090 -0.145870 -0.389222 -0.342930 0.338590 1.227658 -0.278417 -0.242647 -0.238571 0
-0.740426 -0.064489 1.981606 1.425229 0.313261 -0.386719 1.307557 1.065480 0.799177 0
0.203697 -0.253920 -0.655279 -0.342337 -0.285518 -0.631651 -0.313872 -0.236351 -0.191276 0
1.646294 0.853805 -0.180122 -0.313763 0.172465 -0.662047 -0.207631 -0.196567 -0.186966 0
-0.671403 -0.153390 0.741769 0.246396 -0.622524 -0.565592 0.832148 0.382704 0.117360 0
-0.910085 -0.471559 -0.357706 -0.310649 -0.611791 -0.260301 -0.220068 -0.177062 -0.172293 0
1.086933 0.568544 -0.001292 -0.181845 0.522970 -0.407097 0.342878 -0.023396 -0.157051 0
1.081208 0.916617 0.141664 -0.171599 -0.068599 0.545787 -0.015542 -0.038675 -0.086368 0
-1.233278 -0.523148 -0.070539 -0.162277 -0.165790 -0.677413 -0.235582 -0.222483 -0.169231 0
-1.221305 -0.426815 0.222701 -0.146663 0.936267 3.823993 0.729894 0.177868 -0.042413 0
0.008318 -0.291617 -0.486338 -0.301631 -0.863366 -0.551891 -0.515705 -0.281511 -0.179562 0
-0.028168 -0.240329 -0.239153 -0.197859 -0.446951 0.922771 -0.325308 -0.210352 -0.179498 0
0.572106 -0.075120 -0.645939 -0.413649 0.054110 -0.598015 -0.271439 -0.251561 -0.270555 0
0.028543 -0.247799 -0.480060 -0.319270 -0.784752 2.094545 -0.506626 -0.303066 -0.195302 0
-0.128391 -0.297545 -0.436966 -0.295852 -0.846594 -0.392856 -0.449894 -0.279873 -0.199190 0
-1.563066 -0.602225 -0.027392 -0.121364 -0.389922 -0.150985 -0.311282 -0.201393 -0.139183 0
0.240088 -0.183996 -0.388518 -0.250767 -1.063026 -0.530124 -0.420910 -0.285581 -0.216892 0
-0.060624 -0.243883 -0.643804 -0.446882 0.132907 0.103416 -0.398098 -0.297597 -0.265247 0
-1.506236 -0.568164 0.244020 0.019614 -0.887949 -0.677086 -0.033497 -0.023407 -0.029845 0
0.634336 0.086624 0.042531 -0.061365 -1.063789 3.712747 -0.109257 -0.030630 -0.044362 0
-1.119735 -0.514585 -0.207543 -0.213426 0.461086 0.441517 -0.176505 -0.215699 -0.155232 0
-0.055762 -0.234220 -0.402447 -0.365663 -0.416476 -0.467747 -0.258780 -0.180937 -0.226795 0
-0.066832 -0.276440 -0.616320 -0.420039 -0.248817 -0.634570 -0.269090 -0.199030 -0.195059 0
-0.432332 -0.264762 -0.254551 -0.298740 -0.246964 -0.285796 -0.306146 -0.262737 -0.200584 1
-1.810557 -0.678322 -0.230910 -0.169470 -0.151591 3.677782 -0.309314 -0.240334 -0.194735 0
-0.982514 -0.392049 0.682485 0.370130 -0.873103 -0.577122 -0.035439 0.066908 0.134935 0
-1.698953 -0.659610 -0.557932 -0.355268 -0.326124 -0.677053 -0.402260 -0.269583 -0.206824 0
-0.100570 -0.273005 -0.563217 -0.394300 0.320289 1.494233 -0.159352 -0.243694 -0.238626 0
2.127018 0.430305 -0.582107 -0.342822 -0.701192 0.322175 -0.419201 -0.284140 -0.223203 0
-1.742240 -0.664621 -0.560692 -0.372996 -1.097615 -0.677722 -0.667292 -0.389332 -0.253890 0
0.443673 -0.110068 -0.355893 -0.248041 -0.148300 -0.640306 -0.417452 -0.275082 -0.210811 0
-0.575671 -0.266783 -0.282141 -0.388447 1.546269 -0.121033 0.533124 0.048652 -0.140428 1
0.652110 0.046391 -0.343109 -0.330186 -0.298149 -0.677541 -0.248853 -0.215567 -0.241845 0
-0.290058 -0.124234 -0.000085 -0.242746 -0.075485 4.614096 -0.139311 -0.152413 -0.165628 0
0.684065 -0.057428 -0.545232 -0.370143 -0.646968 -0.644007 -0.571451 -0.327469 -0.240346 0
-0.183015 -0.298533 -0.354913 -0.294767 0.205744 -0.612571 -0.239046 -0.205022 -0.188009 0
0.245461 -0.201453 -0.560822 -0.383139 0.419702 -0.108407 -0.119049 -0.176617 -0.233970 0
0.429398 -0.069330 -0.535702 -0.399447 -0.692743 0.120994 -0.515434 -0.299616 -0.224035 0
-0.263185 -0.184048 -0.194002 -0.250503 -0.660406 -0.535919 -0.164600 -0.135732 -0.138013 0
0.278634 -0.214281 -0.597597 -0.300279 -0.315879 0.712246 -0.259535 -0.254505 -0.216020 0
0.884542 0.060063 -0.441350 -0.336125 -0.525014 -0.064037 -0.371838 -0.273413 -0.210065 0
-1.244316 -0.466578 -0.052332 -0.279620 0.625774 0.171243 0.031539 -0.082056 -0.227446 0
-0.897498 -0.353613 -0.018230 -0.226404 0.912556 1.229776 0.565328 -0.034874 -0.110147 0
0.526650 0.005276 -0.501358 -0.401955 -0.758987 -0.435699 -0.434628 -0.275613 -0.207787 0
0.460817 -0.088831 -0.607288 -0.401641 0.545871 -0.493363 -0.250737 -0.241170 -0.207800 0
-1.055029 -0.381103 0.447187 0.072151 0.574603 0.369158 0.374899 0.152756 0.053656 0
0.748817 0.038670 -0.554749 -0.381574 0.740362 -0.499647 -0.082515 -0.148874 -0.180713 0
-0.754135 -0.362727 -0.269087 -0.326838 0.947247 0.229912 0.453690 0.075033 -0.115247 1
0.404068 -0.132900 -0.576987 -0.407896 -0.378879 2.280807 -0.429735 -0.278317 -0.248393 0
0.845903 0.110654 -0.365755 -0.300505 0.106793 0.347546 -0.218649 -0.237454 -0.219772 0
-1.516815 -0.587183 0.248069 0.010139 -0.461870 -0.245477 -0.367349 -0.218553 -0.122127 0
0.535550 0.088772 0.156970 0.024174 -0.488131 3.623701 -0.092528 -0.062188 -0.087381 0
-1.313762 -0.577369 -0.501412 -0.391608 0.034497 1.676931 -0.179081 -0.191101 -0.220677 0
0.572285 0.099531 -0.011252 -0.115919 0.006595 -0.656444 -0.329220 -0.239969 -0.187404 0
-0.146828 -0.325525 -0.433550 -0.317770 -0.493456 0.299579 -0.343710 -0.258421 -0.222260 0
-0.521017 -0.062039 0.346097 -0.040945 0.289732 -0.677697 0.263270 0.126053 0.052008 0
0.252067 -0.256649 -0.666255 -0.413967 -0.319003 3.223164 -0.518965 -0.357959 -0.291662 0
1.818607 0.699739 -0.217812 -0.270235 -0.263930 -0.538490 -0.205468 -0.235920 -0.195331 0
0.294315 -0.177675 -0.523563 -0.367070 -0.231659 3.698901 -0.484038 -0.316999 -0.258785 0
-1.483808 -0.629046 -0.608752 -0.385871 0.076320 -0.677716 -0.304923 -0.261898 -0.238956 0
1.325740 0.302480 -0.391070 -0.364275 -0.723461 -0.616598 -0.626555 -0.391440 -0.279172 0
0.380519 -0.035046 -0.296599 -0.310358 0.079720 -0.677611 -0.214322 -0.223337 -0.205986 0
0.860313 0.337143 -0.383150 -0.433441 1.776994 -0.677570 0.189438 -0.126106 -0.222087 0
0.245231 -0.027131 -0.136501 -0.241573 0.309473 -0.184888 -0.187002 -0.169780 -0.174775 0
0.511867 -0.066293 -0.261921 -0.177304 -0.452748 1.561439 -0.481990 -0.293853 -0.182190 0
0.839140 0.164348 -0.275003 -0.307771 0.327378 0.011816 -0.302941 -0.295777 -0.253442 0
-1.260916 -0.580985 -0.410764 -0.271245 0.331649 -0.646695 -0.239965 -0.233860 -0.213247 0
0.501291 0.344729 0.041245 -0.189580 2.229678 -0.109168 0.823999 0.108112 -0.081035 0
0.433996 -0.162064 -0.630473 -0.430424 -0.000287 -0.659359 -0.313054 -0.268133 -0.261700 0
0.746694 0.009715 -0.470838 -0.346362 -0.401938 -0.039954 -0.274271 -0.243234 -0.235311 0
0.340339 -0.112303 -0.346325 -0.290094 -0.180170 0.973898 -0.181458 -0.171261 -0.178412 0
-0.317422 -0.245913 -0.112292 -0.240500 -0.266801 -0.636019 -0.449598 -0.280961 -0.261263 0
1.261955 0.325648 -0.320582 -0.301414 -0.555312 -0.641638 -0.268684 -0.235663 -0.211130 0
0.424112 -0.047724 -0.131546 -0.166525 -0.809613 -0.422554 -0.481977 -0.283650 -0.174967 0
0.366722 -0.160219 -0.513607 -0.313670 -0.874089 0.060442 -0.437718 -0.323439 -0.214104 0
1.489002 0.350155 -0.497093 -0.366534 -0.962999 -0.639416 -0.536794 -0.337881 -0.239781 0
-0.888573 -0.477349 -0.375348 -0.319470 0.032008 0.115219 -0.394422 -0.279302 -0.241205 0
-0.972094 -0.398224 0.379107 0.084779 0.191304 1.416538 0.373336 0.220941 0.051130 0
0.834446 0.353821 -0.052159 -0.201014 0.337169 -0.398663 -0.172907 -0.240106 -0.138290 0
0.838097 0.351095 -0.031819 -0.204841 0.741675 -0.509594 -0.096683 -0.086255 -0.076857 0
0.934736 0.109196 -0.553141 -0.391701 0.032851 -0.138636 -0.426532 -0.282961 -0.228231 0
-0.348102 -0.340600 -0.482998 -0.385068 0.247888 -0.097728 -0.102669 -0.157248 -0.210490 0
-0.081541 -0.140481 0.925238 0.755624 0.818778 -0.223725 0.113626 0.108045 0.112661 0
0.159585 -0.199348 -0.488350 -0.379772 -0.129377 -0.402658 -0.437895 -0.276967 -0.252692 0
-0.432685 -0.374221 -0.539943 -0.418864 -0.893040 4.561120 -0.492004 -0.358219 -0.283556 0
1.082959 0.157383 -0.170628 -0.188750 -0.584739 -0.569878 -0.407269 -0.274757 -0.206255 0
-1.474798 -0.594540 0.248473 0.073614 -0.281789 -0.616182 -0.315623 -0.179328 -0.159915 0
0.313097 0.252127 0.568692 0.178515 0.261849 0.447391 0.433840 0.171706 0.001227 0
-0.171343 -0.150287 -0.068115 -0.223589 -0.403478 0.611495 -0.043588 -0.168961 -0.168816 0
-1.034743 -0.528520 -0.255752 -0.171177 -0.650528 -0.401604 -0.471805 -0.284182 -0.184393 0
0.936719 0.246759 -0.476199 -0.389493 1.317884 0.171947 0.004524 -0.149535 -0.215216 0
0.331734 -0.063711 -0.299537 -0.320398 0.536290 -0.338434 0.017426 -0.143686 -0.236912 0
0.546964 -0.155747 -0.514694 -0.292506 -0.773650 -0.618760 -0.608333 -0.390489 -0.265856 0
-0.192040 -0.358756 -0.438630 -0.259896 -0.939235 1.468358 -0.584006 -0.355001 -0.227560 0
1.029779 0.840672 1.005873 0.516698 0.847967 1.290554 0.645961 0.487860 0.321816 0
-1.415242 -0.593252 -0.377975 -0.321055 0.068884 -0.088961 -0.008093 -0.171700 -0.243514 0
-0.751758 -0.459705 -0.511873 -0.334639 -0.167311 -0.051342 -0.199283 -0.248048 -0.232817 1
0.072598 -0.252081 -0.522939 -0.377588 -0.091793 0.275008 -0.098753 -0.197272 -0.245222 0
-1.676612 -0.638754 0.442077 0.229193 -0.125794 -0.630984 -0.068555 -0.052019 -0.037625 0
-0.113527 -0.275783 -0.374068 -0.282754 -0.654970 -0.677722 -0.220811 -0.161546 -0.168822 0
0.037697 -0.252044 -0.484166 -0.351910 -0.861216 -0.675250 -0.421001 -0.266765 -0.216890 0
1.473887 0.887721 -0.114887 -0.316531 1.136408 -0.012582 0.573233 0.090423 -0.098120 0
-0.284345 -0.177653 -0.229429 -0.320331 0.032496 -0.627233 -0.037438 -0.103968 -0.131846 0
0.826471 0.044758 -0.539766 -0.372953 0.287027 0.357023 -0.304915 -0.281836 -0.254908 0
1.049694 0.266545 -0.166720 -0.224425 1.151495 -0.672090 0.056344 -0.101945 -0.186660 0
0.029842 -0.010545 -0.069789 -0.238408 -0.404591 -0.370689 0.191019 0.035698 -0.048197 0
0.669048 -0.026562 -0.489603 -0.368891 -0.249362 -0.651618 -0.324881 -0.241871 -0.218859 0
-1.199519 -0.500020 -0.252993 -0.291266 -0.842877 -0.319948 -0.095205 -0.192179 -0.159881 0
-0.497008 -0.456212 -0.616429 -0.331324 -0.560557 -0.450804 -0.427635 -0.317367 -0.251272 0
-1.636001 -0.612567 0.238625 0.077342 -0.272337 -0.522049 0.246335 0.129191 0.049920 0
-1.567549 -0.601215 0.095641 -0.052839 -0.850964 -0.114515 0.029345 -0.111346 -0.118418 0
-0.888824 -0.467335 -0.270913 -0.302630 0.542315 -0.647189 -0.170781 -0.184347 -0.191127 0
3.688384 1.695809 -0.557090 -0.394026 -0.926537 -0.300946 -0.393652 -0.270662 -0.194597 0
0.112357 -0.201586 -0.564183 -0.391789 -0.150397 -0.614720 -0.235126 -0.204811 -0.200701 0
0.627504 0.184705 -0.091875 -0.235357 0.743971 -0.613996 -0.003174 -0.128675 -0.154721 0
1.853519 0.959462 -0.206398 -0.305394 1.210269 0.795551 0.450389 -0.039961 -0.096938 0
1.158349 0.709559 -0.122023 -0.255795 1.471737 -0.317742 0.487088 0.072546 -0.076123 0
0.226819 -0.154966 -0.368559 -0.308403 -0.582414 -0.570325 -0.452644 -0.279003 -0.230813 0
-0.117723 -0.111167 -0.114072 -0.274710 0.754529 -0.294913 0.062098 -0.075643 -0.149281 0
1.047451 0.333924 0.100709 -0.006080 0.482606 0.687723 0.160614 -0.049005 -0.092978 0
-1.667216 -0.661059 -0.676375 -0.409262 -0.513177 -0.587733 -0.456794 -0.290979 -0.218000 0
0.316140 -0.053449 -0.293338 -0.253389 0.106870 -0.660350 -0.124936 -0.168448 -0.167242 0
-0.761114 -0.375913 -0.038206 -0.183014 -0.124343 -0.047515 -0.366048 -0.257488 -0.181077 0
-1.164548 -0.527484 -0.307718 -0.262002 0.728382 -0.662339 -0.162805 -0.187480 -0.174177 0
1.397675 0.156446 -0.734639 -0.454736 -0.093271 -0.651786 -0.334084 -0.290257 -0.291045 0
-0.104691 0.058053 0.072915 -0.234560 -0.537729 0.019839 0.324237 -0.064999 -0.182380 0
-0.646298 -0.376620 0.008060 -0.108895 0.693896 -0.637476 -0.126811 -0.155057 -0.178242 0
0.614310 0.067175 -0.226716 -0.228583 0.205230 -0.017701 -0.039812 -0.163619 -0.176825 0
-1.393213 -0.575603 -0.444112 -0.396808 -0.553138 -0.668397 -0.404766 -0.286216 -0.250752 0
1.446978 0.748613 -0.183177 -0.314213 0.919826 0.403176 0.168159 -0.077710 -0.153251 0
-1.519570 -0.647492 -0.324579 -0.156736 -0.248500 -0.647192 -0.303330 -0.236278 -0.216628 0
-1.747214 -0.679212 -0.555896 -0.331668 -0.763015 -0.105972 -0.426583 -0.308117 -0.249052 0
2.181303 0.794403 -0.455266 -0.313987 -0.107811 -0.417178 -0.227915 -0.217391 -0.202972 0
1.336418 0.161807 -0.658539 -0.405117 -0.018863 -0.614072 -0.280591 -0.231892 -0.240675 0
1.470525 0.654083 -0.412061 -0.416146 0.241301 -0.434638 -0.106012 -0.147033 -0.172711 0
-1.669310 -0.667055 -0.668790 -0.381041 0.104555 -0.637022 -0.255527 -0.256345 -0.239178 0
-0.054122 -0.394304 -0.416422 -0.104263 -0.388964 -0.673169 -0.494393 -0.303990 -0.199842 0
0.987576 0.105677 -0.593252 -0.411269 -0.011388 -0.507501 -0.350010 -0.324050 -0.245428 0
0.291474 0.010984 -0.312629 -0.336599 -0.464656 -0.466523 -0.463204 -0.334921 -0.234230 0
-0.095328 -0.285287 -0.271575 -0.261153 -0.194353 0.348224 -0.280604 -0.229669 -0.210408 0
0.588530 -0.035062 -0.379160 -0.314989 -0.957718 -0.613352 -0.565242 -0.326201 -0.234730 0
-0.978168 -0.395754 0.459805 0.117931 -0.083583 -0.246398 0.257929 0.091329 0.014494 0
0.080096 -0.094078 -0.144015 -0.188547 0.312382 -0.012563 -0.237591 -0.119219 -0.130066 0
1.697600 0.620257 -0.513318 -0.407263 -0.165887 -0.121825 -0.326218 -0.270969 -0.206890 0
0.508789 0.053476 -0.159102 -0.265575 -1.808797 -0.675186 -0.570513 -0.375442 -0.210626 0
0.914461 0.102584 -0.406552 -0.292936 -0.723289 -0.574950 -0.414129 -0.306905 -0.214752 0
1.419558 0.495127 -0.452424 -0.380466 0.566859 -0.658194 0.008609 -0.163178 -0.237439 0
0.320774 -0.149201 -0.603483 -0.380986 -0.757768 -0.677621 -0.462286 -0.325989 -0.236191 0
-1.076566 -0.526172 -0.461247 -0.385162 -0.046061 -0.675486 -0.137640 -0.172222 -0.209683 0
0.227175 0.452023 1.120896 0.634373 -0.005637 -0.400415 0.301367 0.379079 0.429906 0
-0.065977 -0.202964 -0.009403 -0.157491 -0.587824 -0.486033 0.289347 0.050477 -0.127265 0
-1.657848 -0.617920 0.130754 -0.046511 0.711664 -0.624114 0.218629 -0.047220 -0.111078 0
-0.569615 -0.455920 -0.638290 -0.394065 -0.593307 0.101253 -0.527399 -0.364030 -0.294100 0
1.873729 0.550862 -0.433918 -0.311098 0.231843 -0.601323 -0.148118 -0.200496 -0.201284 0
0.445217 -0.013792 -0.201758 -0.264723 0.881716 0.744951 -0.023352 -0.175324 -0.257324 0
1.871942 0.508954 -0.459461 -0.354157 -0.530820 -0.584073 -0.499267 -0.307825 -0.241830 0
0.388009 -0.210515 -0.794274 -0.491715 -1.192491 -0.599983 -0.581440 -0.417591 -0.333583 0
0.164263 -0.241343 -0.793312 -0.491508 -0.061070 -0.186496 -0.264266 -0.259623 -0.257197 0
0.661635 0.017618 -0.495439 -0.362527 -0.326500 0.395486 -0.368432 -0.345584 -0.259327 0
