2.451177 6.228606 5.154172 5.711737 5.813722 1.359250 8.558556 9.484030 9.713411 1
1.179749 1.207127 2.611761 2.058966 3.663436 0.590519 3.638426 3.068003 2.212926 1
1.673312 1.977836 2.732125 2.492160 3.699074 0.024167 4.217100 4.152301 3.738927 1
0.642439 0.830268 3.143601 2.819423 3.607475 -0.404938 3.799469 3.582438 3.051229 1
1.822148 1.971965 4.407500 5.155593 3.540706 1.998293 3.829972 3.938153 4.092146 1
1.569289 0.874593 0.895337 0.514317 3.436962 -0.266106 2.256794 1.549253 0.969089 0
0.755995 0.642614 2.377610 1.980917 0.997249 1.198601 3.007365 2.566584 2.107601 1
-1.041478 -0.236816 1.689353 0.986298 0.785958 0.253172 1.787612 1.407696 0.881877 0
-0.168565 0.035104 1.396395 0.951682 1.397765 -0.204163 1.440263 1.476804 1.157608 0
0.180489 0.124452 0.992267 0.665381 1.776650 0.402564 1.650165 1.030298 0.729383 0
0.574010 0.162182 0.663386 0.284916 2.635036 -0.015003 1.470247 0.949508 0.521909 0
0.493591 0.162035 -0.259821 -0.482971 2.026819 -0.324702 1.142363 0.315577 -0.014507 0
-0.228258 -0.110047 0.042549 -0.199588 2.409304 -0.358862 0.936119 0.332015 0.066714 0
-0.569470 -0.189616 0.354849 0.081821 -2.807617 -0.279912 0.902316 0.512038 0.249166 0
0.135675 0.252803 3.888693 4.643376 1.504248 -0.353501 1.777377 2.153148 2.446811 1
0.578084 0.257298 0.053117 -0.262132 -2.505689 0.166256 1.333081 0.749005 0.254280 0
-0.528107 -0.154885 0.243969 -0.150034 -0.407010 1.515050 0.770575 0.223482 -0.096102 0
-0.470629 -0.116594 1.679194 1.410611 1.522704 -0.436766 1.314659 1.174541 1.025991 0
-0.664143 -0.174713 2.290517 2.312880 1.494151 -0.331434 1.201168 1.249922 1.169549 0
0.494388 0.376585 0.915816 0.494459 0.989827 -0.299512 1.055350 0.923533 0.924476 0
-0.446372 -0.097852 2.564888 2.710987 1.103786 1.212120 1.460150 1.536701 1.595914 0
0.192198 0.018942 0.638236 0.449097 1.217087 -0.253847 1.267755 0.825388 0.546745 0
-0.239319 -0.136894 0.381329 0.077621 2.119979 -0.279064 0.734000 0.373519 0.106935 0
0.544167 0.009671 -0.180179 -0.345843 2.264758 0.325656 0.402167 -0.023678 -0.222691 0
0.855019 0.265385 1.343192 1.370831 1.858749 0.088954 1.048204 0.911080 0.878926 1
-0.272750 -0.102847 0.914962 0.661074 1.600724 0.410019 1.053084 0.944427 0.720438 0
-0.389724 -0.045976 1.600831 1.039980 0.131337 -0.275031 0.886292 1.078691 0.921831 0
-0.517078 -0.153148 0.951676 0.619281 0.610377 -0.399358 0.862533 0.693033 0.485885 0
-0.918794 -0.226694 2.845968 3.113983 0.877306 0.241235 1.148642 1.296354 1.333995 0
-0.748789 -0.201403 2.166566 2.153926 1.518436 -0.340798 1.077592 1.129007 1.032289 0
-0.155580 -0.049605 1.490327 1.123462 0.846397 -0.368873 1.037926 0.845940 0.647529 0
-0.121573 -0.094890 -0.127906 -0.358462 -2.236701 -0.393677 -0.179715 -0.225232 -0.253406 0
-0.167502 -0.048960 1.877425 1.898614 -0.309506 -0.433451 0.924128 0.848429 0.850104 0
-0.410927 -0.195107 0.679544 0.473677 0.879663 -0.267731 0.312003 0.238247 0.081808 0
0.543340 -0.005374 -0.820370 -0.702547 1.425714 -0.408654 0.445307 -0.076042 -0.319100 0
-0.195174 -0.180115 -0.016825 -0.159094 0.655003 -0.429922 0.233777 -0.032459 -0.145362 1
-0.643559 -0.193358 1.858140 1.627960 1.133593 0.029069 0.977723 1.043094 0.953287 1
-0.090386 0.001531 0.965010 0.541973 1.237864 -0.271485 0.616487 0.563413 0.472484 1
-0.277660 -0.159251 -0.179977 -0.353427 1.461562 1.567597 0.210901 -0.080072 -0.182544 0
1.034607 0.408477 1.609141 1.587766 0.083716 0.559746 1.103544 1.081969 1.090416 1
0.848071 0.131765 -0.188776 -0.295607 1.397663 -0.214121 0.524849 0.135000 -0.021625 0
-0.241160 -0.181657 0.316067 0.169528 1.407808 1.568977 0.541514 0.236088 0.044974 0
0.748709 0.063678 -0.563087 -0.570731 1.390178 -0.163712 0.159555 -0.080972 -0.231579 1
-0.668125 -0.251244 0.542257 0.322832 0.429704 -0.421605 0.165495 0.081588 -0.055606 1
0.065637 -0.077008 -0.424980 -0.509800 1.302667 1.464933 0.387787 0.115202 -0.080297 0
0.574827 0.133960 -0.244387 -0.398428 1.364616 1.432561 0.341707 -0.062922 -0.145515 0
-0.880435 -0.260192 0.675355 0.392848 1.074748 -0.436907 0.538995 0.416773 0.206114 0
-0.043871 -0.084508 0.175616 -0.040556 0.561834 0.114835 0.507953 0.323259 0.142713 0
-0.964984 -0.287374 -0.378683 -0.439634 0.388477 0.309412 0.172556 -0.100717 -0.262814 0
1.714420 0.554155 -0.062961 -0.221497 1.313394 -0.163041 0.417341 0.157645 0.012071 0
-0.430195 -0.180746 1.743056 1.833816 1.239581 -0.031620 0.613134 0.547174 0.503953 0
0.364604 0.061287 0.509394 0.349089 -0.180007 -0.258098 0.457368 0.417282 0.409209 0
-0.558296 -0.200017 0.204503 -0.038239 1.101075 -0.411933 0.497541 0.176149 0.020797 0
-0.388826 -0.121763 1.442932 1.270605 0.657516 -0.214611 0.816048 0.809504 0.797704 1
0.018716 0.077425 3.949149 4.637655 0.944495 -0.011409 1.130542 1.542371 1.898537 0
0.022346 -0.091909 -0.161175 -0.297777 1.512378 0.587354 0.204314 0.065778 -0.039392 0
-0.232406 -0.117709 1.013522 0.743720 0.505813 -0.431712 0.279508 0.257760 0.271067 0
-0.006390 -0.106100 -0.022107 -0.132296 0.739073 0.104696 0.569010 0.315701 0.094253 0
-0.539862 -0.188804 0.854947 0.511917 0.166718 0.264866 0.257239 0.258101 0.209257 0
0.235045 -0.025548 -0.761826 -0.690733 -0.620357 0.522240 0.424665 -0.074453 -0.209813 0
-0.377956 -0.211138 -0.019006 -0.157293 -0.373233 -0.395603 0.302653 -0.037539 -0.185803 0
-0.289680 -0.156802 -0.103038 -0.345258 0.882732 -0.436301 0.015296 -0.072825 -0.228176 0
1.173276 0.231996 -0.535987 -0.542967 1.246417 1.412823 0.207339 0.067720 -0.114630 0
0.467286 0.060683 -0.521007 -0.592750 2.063593 0.359726 0.366596 -0.219101 -0.329104 0
-0.476495 -0.217414 -0.106112 -0.123279 -0.523324 -0.428294 -0.035050 -0.126363 -0.143650 1
0.377958 0.008782 -0.492381 -0.567370 1.403814 0.020288 0.216724 -0.072568 -0.236102 0
-0.164513 0.032047 0.730345 0.309174 1.254640 0.124261 0.907195 0.709617 0.593192 0
-0.466787 -0.209364 0.003571 -0.159267 0.544268 0.320718 -0.032255 -0.200181 -0.243568 0
0.106426 -0.099030 -0.530719 -0.574984 0.828587 0.108974 0.100691 -0.185224 -0.340423 0
0.895983 0.113740 -0.753495 -0.697864 1.697069 -0.164768 0.438691 -0.155638 -0.348515 1
-0.913027 -0.269687 0.179845 0.003043 0.950100 2.992267 0.334508 0.150401 0.064591 0
-0.109804 -0.159938 0.356143 0.398639 -0.035195 0.508427 0.163474 0.083313 0.063055 0
1.111954 0.106801 -0.692823 -0.611005 1.208297 -0.427305 0.119436 -0.282768 -0.385599 0
-0.283412 -0.151242 0.437773 0.216863 -1.288145 -0.177345 0.380076 0.435603 0.302643 0
-0.673125 -0.236729 0.428305 0.261657 0.499437 -0.408094 0.272323 0.250772 0.142727 0
-0.405366 -0.118795 0.234945 -0.138307 -0.707767 0.066535 0.689207 0.250529 -0.049133 0
-0.597926 -0.268925 -0.112750 -0.044426 -2.399267 -0.400176 -0.548795 -0.383752 -0.269219 0
1.276280 0.142951 -0.921486 -0.742657 0.960572 -0.072652 0.056252 -0.326225 -0.460663 0
-0.231585 -0.178406 0.379060 0.262342 -0.948619 -0.368233 0.021080 0.008531 0.017133 0
0.887762 0.026171 -1.065870 -0.803825 1.384320 -0.396548 0.205019 -0.243852 -0.374819 0
-0.538236 -0.203598 0.175500 -0.140942 0.328005 -0.082466 -0.087912 -0.016492 -0.160603 0
0.608247 -0.051812 -0.922961 -0.763033 0.840873 -0.160727 -0.091803 -0.353137 -0.469893 0
-0.511824 -0.242990 0.065843 0.084133 0.337009 -0.417871 0.031146 0.041837 -0.033602 0
-0.991143 -0.250740 1.101400 0.615225 0.441668 0.330499 0.834723 0.587560 0.334635 0
-0.136855 -0.172846 -0.434783 -0.443640 1.403983 -0.405764 0.186996 -0.205132 -0.323215 0
-0.682479 -0.275247 -0.498138 -0.464746 -0.500667 1.219180 -0.305247 -0.340728 -0.404753 0
-0.951944 -0.281656 0.130640 -0.146478 0.360581 0.452776 0.111717 0.197171 0.015319 0
-0.355190 -0.167206 0.513065 0.356166 0.596767 0.229012 0.515275 0.435671 0.330310 0
0.525420 -0.023604 0.299385 0.392374 -0.735863 -0.331983 -0.155966 0.013196 0.094348 0
0.185142 -0.029825 -0.228699 -0.372911 0.819867 1.434207 -0.360772 -0.288887 -0.125475 0
-0.229129 -0.167592 -0.601189 -0.621323 0.149489 -0.231286 0.144389 -0.127289 -0.262961 0
-0.685724 -0.241247 0.926180 0.714086 -0.682324 -0.365484 0.344131 0.324046 0.154871 0
-0.197501 -0.208632 -0.749393 -0.660011 -0.264286 -0.302308 -0.308847 -0.359566 -0.394029 0
0.082386 -0.124229 -0.379781 -0.463983 -0.035960 -0.115637 0.284315 0.067466 -0.199293 0
0.324402 0.127455 1.622521 1.540346 0.754996 0.253272 0.483806 0.677104 0.800986 0
-0.507750 -0.206889 -0.109655 -0.303825 1.553891 0.309284 0.168448 -0.060562 -0.200158 0
0.428584 -0.054488 -0.883958 -0.743929 0.603003 0.939963 -0.019846 -0.321683 -0.412359 0
-0.085300 -0.111587 -0.051558 -0.234918 0.909738 -0.409750 0.037046 -0.101776 -0.171973 0
1.633637 1.155224 0.890964 0.551559 0.545475 4.244919 2.098555 1.351929 0.861984 0
-0.093077 -0.169240 -0.354103 -0.408332 0.302793 -0.436502 -0.040155 -0.200508 -0.250614 0
-0.415601 -0.211737 -0.302243 -0.321300 -0.532115 -0.103632 -0.021909 -0.103010 -0.197214 0
0.597762 0.293222 2.479649 2.536140 -0.464763 -0.424147 1.027605 1.217613 1.471017 0
-0.275408 -0.179726 1.120027 1.235637 0.375938 -0.436610 0.312330 0.387166 0.437294 0
1.397439 0.172773 -0.790575 -0.676257 0.560467 -0.088404 -0.018968 -0.297015 -0.359430 1
-0.695452 -0.249666 0.072727 -0.033115 0.156704 -0.370492 0.102116 0.027373 -0.002128 0
-0.328173 -0.234761 -0.118593 -0.080999 0.413692 -0.432087 -0.229132 -0.238761 -0.228090 0
-0.366684 -0.184051 1.164223 1.083311 0.422180 -0.420947 0.211963 0.372694 0.355492 0
-0.886870 -0.289239 1.563356 1.716323 0.403350 0.521953 0.166953 0.260808 0.274125 0
0.674353 0.028109 0.338556 0.368560 -0.280632 0.643881 0.126486 0.052819 0.073849 0
1.215944 0.145150 -1.024277 -0.804758 1.155951 -0.413321 0.094848 -0.330136 -0.458870 0
-0.209436 -0.180437 -0.473569 -0.473717 -0.678550 -0.102107 -0.141261 -0.221303 -0.251273 0
-0.195770 -0.126772 -0.271911 -0.373565 0.138204 -0.381452 -0.172820 -0.047596 -0.088571 0
-0.346474 -0.177570 0.771630 0.678744 -0.024307 -0.437146 0.076785 0.172481 0.242475 0
0.237725 -0.122156 -0.838831 -0.684785 -0.800793 1.291752 -0.237643 -0.284090 -0.355226 0
-0.122929 0.034337 0.933144 0.489298 -0.632128 -0.437975 0.955718 0.518472 0.476906 0
-0.238504 -0.134648 0.929787 0.766294 0.736267 -0.048171 0.306216 0.317347 0.372406 0
-0.285326 -0.177022 -0.026183 -0.097732 0.176954 1.475022 -0.250460 -0.138754 -0.064304 0
-0.249956 -0.129204 1.166298 0.919457 0.463075 -0.104631 0.269845 0.251646 0.327558 0
-0.270904 -0.220604 -0.087146 -0.039925 0.687464 0.023203 0.002088 -0.094748 -0.171473 0
-0.414168 -0.221669 0.020520 -0.054116 0.500491 0.822543 -0.077167 -0.198668 -0.233833 0
0.050612 -0.112082 -0.474404 -0.470155 0.457344 0.042197 -0.228892 -0.241682 -0.226447 0
0.550559 -0.068496 -0.935512 -0.693829 1.001528 -0.012703 -0.021714 -0.282969 -0.352907 0
-0.842335 -0.274072 0.097794 -0.098937 -2.091771 0.232980 -0.315887 -0.219042 -0.181795 0
-0.844054 -0.251010 0.608347 0.430395 -0.448969 -0.203332 0.325175 0.309652 0.274310 0
0.639954 -0.059046 -0.903411 -0.681848 0.726716 -0.207698 -0.149592 -0.366525 -0.409796 0
-0.737576 -0.225205 0.435678 0.088768 0.273705 -0.427289 0.839303 0.346825 0.025541 0
-0.549582 -0.160401 1.740678 1.879840 0.445124 0.875860 0.548238 0.691249 0.886390 0
0.731062 0.009062 -1.148400 -0.858810 -1.337409 -0.423071 -0.017137 -0.422744 -0.497284 0
-1.033385 -0.307647 0.086654 0.074564 0.343979 0.844445 -0.111899 -0.084810 -0.065769 0
0.601807 0.044632 0.304187 0.176239 -0.438567 0.987282 0.017396 -0.036504 0.047704 0
-0.830815 -0.280826 0.051516 -0.061884 -0.165553 0.294230 -0.134195 -0.155410 -0.181191 0
-0.717177 -0.243056 0.320991 0.057038 -0.084834 -0.031941 -0.120906 -0.117904 -0.108332 1
-0.923994 -0.274950 0.411372 0.167717 0.201226 0.445505 -0.270143 -0.181145 -0.169236 0
-0.184552 -0.186097 -0.441157 -0.447825 -0.303822 -0.435902 -0.508009 -0.334846 -0.301499 0
0.403491 -0.003066 -0.066863 -0.239017 0.628535 1.378810 0.142272 0.012492 -0.123675 0
-0.783267 -0.281614 -0.501185 -0.459833 -1.477105 -0.437356 -0.580996 -0.404828 -0.312361 0
-0.189400 -0.205881 -0.654670 -0.583498 -0.232904 -0.365042 -0.277673 -0.421308 -0.403401 0
-0.403991 -0.200877 0.095068 -0.003292 0.409460 0.306547 -0.075732 -0.038382 -0.044514 0
0.440160 -0.062993 -0.849438 -0.718684 0.487175 -0.401716 -0.126139 -0.359795 -0.400158 0
-0.737723 -0.219975 0.383863 0.044852 -0.022064 1.434755 -0.022335 0.017016 -0.004884 0
-0.521643 -0.194570 0.561043 0.398757 0.203522 0.834139 0.136013 0.204166 0.264665 0
-0.498672 -0.209832 1.588909 1.770085 0.484410 -0.300841 0.263241 0.366500 0.439251 0
0.570708 0.057051 -0.412140 -0.510430 0.973847 -0.253922 -0.039061 -0.135511 -0.204924 0
0.867955 0.208333 -0.323669 -0.330403 -0.150647 -0.308378 0.050369 0.030588 0.032716 0
0.044885 -0.139656 -0.631025 -0.590172 -0.032784 -0.384820 -0.306122 -0.396682 -0.419260 0
-0.381986 -0.211066 -0.112058 -0.192371 0.438038 -0.275546 -0.090883 -0.119016 -0.248795 0
-0.523785 -0.210258 0.588107 0.448242 1.252012 -0.376090 0.099553 0.104096 0.111516 1
-0.255321 -0.215219 -0.387519 -0.408196 0.445481 -0.373955 -0.291046 -0.345818 -0.413858 0
-0.487409 -0.142790 0.951026 0.620198 -1.966696 -0.328095 0.252794 0.431292 0.529898 0
0.024367 -0.171568 -0.502127 -0.499194 0.567304 0.075094 -0.322056 -0.477036 -0.464584 0
3.087025 0.566449 -1.176049 -0.854502 -1.219340 -0.230217 -0.246692 -0.512763 -0.557265 0
-0.466079 -0.224910 -0.468063 -0.483012 0.102873 -0.369387 -0.283002 -0.304103 -0.341982 0
-0.586012 -0.255786 -0.446363 -0.413685 -0.855586 -0.399386 -0.222725 -0.294052 -0.306619 0
0.466756 -0.077140 -0.481817 -0.418918 0.092278 -0.329186 -0.217853 -0.317975 -0.346696 0
-0.732529 -0.252522 0.765137 0.707989 0.041739 -0.371317 0.157580 0.298329 0.328296 0
-0.423130 -0.217442 -0.456243 -0.456540 -1.110047 -0.364055 -0.071823 -0.263214 -0.338652 0
0.326845 -0.107640 -0.811608 -0.651717 0.278968 -0.209786 -0.222703 -0.208471 -0.273526 0
0.297422 -0.103841 -1.026590 -0.792430 -0.544017 -0.437957 -0.292592 -0.406114 -0.426051 0
-0.758403 -0.281863 -0.479004 -0.456637 0.742768 1.196157 -0.028704 -0.162624 -0.262015 0
-0.412395 -0.195114 -0.550015 -0.605366 -0.023395 -0.281379 -0.324317 -0.418910 -0.412258 0
0.224830 -0.151408 -0.932199 -0.722215 0.366334 -0.436856 -0.419095 -0.428088 -0.438079 0
-0.578516 -0.258679 -0.187238 -0.226212 0.476048 -0.436273 0.040250 -0.019535 -0.121273 0
-0.730956 -0.290255 -0.948965 -0.724340 0.005318 -0.435693 -0.480115 -0.476101 -0.468008 0
-0.112501 -0.094036 1.651544 1.662260 0.478258 0.511032 0.206684 0.482704 0.653056 0
0.137701 -0.018380 0.555258 0.298571 0.137431 -0.436118 0.035077 0.247762 0.229093 0
-0.555157 -0.254502 -0.571763 -0.523607 -0.702565 0.080903 0.175924 -0.253902 -0.383392 0
-0.207046 -0.145531 0.045307 -0.154168 -0.587980 -0.149178 0.046789 0.100859 0.010313 1
1.051659 0.000487 -0.873183 -0.702488 0.439142 0.454743 -0.432613 -0.440203 -0.441216 0
0.135840 -0.121555 -0.617310 -0.561433 -1.055894 0.753331 -0.397771 -0.378935 -0.364102 0
-0.375519 -0.179110 0.109720 -0.197468 -0.832439 -0.335562 -0.408798 -0.302896 -0.242823 0
-0.761585 -0.271533 -0.340199 -0.419370 0.244550 -0.280918 -0.378307 -0.410916 -0.404792 0
3.123668 0.654459 -1.285661 -0.920043 0.879875 -0.271740 -0.293938 -0.456657 -0.518389 0
-0.037103 -0.157673 -0.543983 -0.577601 -0.411478 1.442936 -0.410501 -0.464025 -0.430053 0
-0.374650 -0.136971 1.226516 1.146610 0.109503 -0.390137 0.247493 0.350482 0.468275 0
-0.607182 -0.228992 0.013146 -0.140883 0.178541 -0.187510 -0.081387 -0.130884 -0.120149 0
-0.235419 -0.213952 -0.828863 -0.672030 -0.217399 -0.435801 -0.580112 -0.505015 -0.448235 0
1.273839 0.190702 0.079716 -0.043902 0.894902 0.517549 -0.096932 -0.059216 -0.053842 0
1.377619 0.113618 -1.018379 -0.782275 0.308711 0.233901 -0.147608 -0.385146 -0.460889 0
-0.519360 -0.217301 0.786886 0.599189 0.126548 -0.429890 0.106013 0.270804 0.255835 0
-0.464593 -0.235994 -0.471776 -0.459935 -0.217694 0.240514 -0.392322 -0.320826 -0.303324 0
0.164904 -0.105715 -0.546628 -0.533327 0.549481 -0.195558 -0.215450 -0.424745 -0.414153 0
0.192776 -0.088875 -0.568349 -0.606874 0.592927 0.048567 0.084288 -0.252377 -0.401524 0
0.042286 -0.095967 -0.271555 -0.342613 -0.171322 -0.362616 -0.309151 -0.209136 -0.227708 0
-0.304545 -0.186999 -0.046323 -0.126624 0.400334 -0.254938 -0.127755 -0.135041 -0.129067 0
-0.532148 -0.232755 0.842733 0.898300 0.268307 0.258235 0.072892 0.085935 0.180818 0
-0.388616 -0.237618 0.173797 0.215107 -0.054251 -0.369258 -0.204697 -0.090568 -0.118215 0
-0.566228 -0.214649 0.101943 -0.126275 -0.228567 -0.218839 -0.210446 -0.117736 -0.128048 0
0.706576 -0.006786 -0.812659 -0.672831 -0.395078 -0.371385 -0.247327 -0.286900 -0.334385 0
-0.757285 -0.276228 -0.580805 -0.528361 -0.039425 -0.285205 -0.362041 -0.325534 -0.292728 0
-0.072538 -0.223536 -1.105731 -0.772465 0.462901 -0.277012 -0.235537 -0.359954 -0.448581 0
-0.516173 -0.159691 1.240912 1.029864 -0.773575 1.986056 0.029856 0.386473 0.570098 0
-0.242253 -0.163671 -0.541680 -0.605181 0.253293 1.225309 -0.390532 -0.412755 -0.401510 0
-0.836678 -0.278151 0.315253 0.181825 0.438931 -0.328973 0.087436 0.052558 0.016922 0
-0.613850 -0.197721 0.351256 -0.035961 1.107231 1.175369 0.068103 0.006299 -0.019066 0
5.561139 2.600723 0.060257 0.073270 0.217437 0.035839 -0.040296 -0.070789 -0.062285 0
-0.261349 -0.182803 -0.061922 -0.088836 0.144074 -0.362818 -0.129389 0.002645 -0.003177 0
-0.864016 -0.273199 0.360798 0.122928 -0.108363 1.354615 0.008021 0.048352 0.006826 0
-0.316157 -0.200387 -0.268464 -0.354223 -0.883040 -0.436538 -0.273623 -0.360001 -0.344969 0
4.103787 0.890867 -1.049118 -0.789829 -0.119628 0.014947 -0.398400 -0.487538 -0.509964 0
-0.607538 -0.210258 0.554726 0.293286 0.466671 -0.085937 -0.061275 -0.074158 -0.069417 0
-0.454062 -0.227994 -0.508210 -0.497294 0.174815 -0.235138 -0.313009 -0.245973 -0.278251 0
-0.570906 -0.257165 0.380485 0.461733 -0.028492 0.284480 -0.269965 -0.079572 -0.004294 0
0.309187 -0.039281 0.094602 -0.032858 0.135605 0.114822 -0.197401 -0.074336 -0.025544 0
-0.384827 -0.229036 -0.149012 -0.211800 -1.319542 -0.189762 -0.172001 -0.215209 -0.255011 0
0.119906 -0.119362 -0.674074 -0.574514 0.447882 -0.172969 -0.030539 -0.148181 -0.206341 0
0.172122 -0.011638 0.648595 0.341970 0.242605 -0.399465 0.057854 0.042998 0.085456 0
4.196169 1.276758 -1.268548 -0.928391 -1.095296 0.385065 -0.008614 -0.445164 -0.536188 0
-0.216063 -0.085949 0.407168 0.085129 -1.044381 0.379584 0.282765 0.329924 0.271115 0
-0.208546 -0.141480 0.817915 0.515231 -0.053775 -0.351114 -0.082523 0.182591 0.200948 1
0.129663 -0.099007 0.362493 0.210192 -0.052209 -0.397318 -0.311538 -0.194939 -0.105436 0
1.364985 0.080629 -0.653472 -0.437404 0.022515 0.173553 -0.319347 -0.255867 -0.283868 0
0.349970 -0.064055 -1.185432 -0.888941 -1.354069 -0.267189 -0.491853 -0.535310 -0.520398 0
-0.771719 -0.283293 -0.013729 -0.078456 -1.394209 0.254468 -0.531086 -0.416656 -0.344397 0
-0.225505 -0.170652 0.088828 -0.019986 -0.337239 -0.226356 -0.279970 -0.264645 -0.173759 0
-0.094326 -0.206356 -0.267190 -0.146507 -0.288643 0.412229 -0.210823 -0.142485 -0.158712 1
-0.187880 -0.173970 -0.292021 -0.290629 0.092530 -0.437668 -0.202371 -0.128090 -0.102482 0
-0.993885 -0.296474 0.561807 0.564132 0.159983 -0.354174 -0.035537 -0.038693 0.009966 0
-0.245974 -0.134011 0.090428 -0.136827 0.410247 -0.403541 0.106570 -0.192432 -0.225268 0
-0.175472 -0.176452 -0.472920 -0.489315 0.394675 -0.289502 -0.234259 -0.305202 -0.325673 0
-0.334178 -0.184269 0.249284 0.156998 0.095036 -0.437580 -0.124726 -0.032438 0.008595 0
-0.152963 -0.220262 -0.558586 -0.411633 0.024083 -0.281325 -0.272169 -0.338727 -0.357418 0
-0.895159 -0.288967 -0.615475 -0.517112 -0.595546 0.528351 -0.515531 -0.560568 -0.521441 0
-0.524595 -0.237235 -0.448309 -0.472172 -0.633284 -0.399616 -0.152483 -0.269456 -0.374926 0
0.684221 -0.040732 -0.776937 -0.657482 0.236685 -0.051617 -0.533597 -0.512167 -0.467260 0
-0.249189 -0.187363 -0.215691 -0.345470 -0.940181 -0.356920 -0.433175 -0.349123 -0.314806 0
-0.641763 -0.250964 0.541888 0.522299 0.139117 0.944468 -0.177896 -0.018627 0.103711 0
-0.988868 -0.296421 0.430834 0.297688 -0.143413 -0.417974 -0.093833 0.041539 0.061478 0
4.408733 0.933933 -0.508175 -0.312757 -0.113825 -0.437312 -0.229865 -0.290948 -0.271392 0
-0.429969 -0.177585 0.517659 0.240706 0.147359 -0.269670 0.033266 0.030706 0.089983 0
-0.128553 -0.176105 -0.461724 -0.479758 -0.462807 -0.437931 -0.458220 -0.363193 -0.315138 0
-0.278471 -0.182994 0.995432 0.915809 0.044290 -0.286185 -0.128648 0.085438 0.177132 0
-0.123658 -0.142182 0.034620 -0.158243 0.410184 1.753641 0.000076 -0.073574 -0.123090 0
-0.746419 -0.273346 -0.120988 -0.219472 -1.699021 0.270735 -0.250200 -0.173778 -0.175272 0
-0.252642 -0.202743 -0.655733 -0.598665 -2.217454 0.170533 -0.329523 -0.417113 -0.428032 0
-0.152097 -0.175001 -0.610213 -0.560635 -1.158545 0.160595 -0.422338 -0.379129 -0.361377 0
-0.093221 -0.117850 0.459427 0.279334 0.239738 -0.373827 -0.019560 0.115648 0.173475 0
0.109603 -0.148785 -0.290043 -0.352062 -0.444924 -0.204843 -0.684537 -0.494563 -0.360066 0
-1.109870 -0.314547 0.346613 0.318662 -1.897137 -0.390067 -0.342264 -0.235967 -0.142825 1
-0.663410 -0.263123 -0.426374 -0.492483 -1.073707 -0.315260 -0.440925 -0.377273 -0.365139 0
0.205182 -0.061720 -0.076658 -0.236571 -0.423463 -0.405985 -0.410345 -0.228803 -0.194142 0
-0.419500 -0.229293 -0.424119 -0.409763 0.046872 0.818435 -0.348648 -0.290219 -0.252321 0
-0.172997 -0.179879 -0.617316 -0.578160 -0.730332 0.310479 -0.328510 -0.343857 -0.368334 0
-0.504601 -0.241095 -0.555000 -0.555181 0.024944 -0.221364 -0.512618 -0.451921 -0.451031 0
0.925632 0.148789 -0.176066 -0.058528 -0.234910 -0.199839 0.360267 0.172682 0.141116 0
-0.865399 -0.256473 0.855382 0.578691 0.010780 -0.431793 -0.216018 -0.015860 -0.016824 0
-0.817987 -0.270473 -0.104347 -0.242790 -2.198096 -0.434430 -0.588319 -0.403590 -0.340382 0
-0.232357 -0.213291 -0.295042 -0.275086 -0.826723 0.010267 -0.529698 -0.326453 -0.252771 0
0.217381 -0.081158 -0.637748 -0.566028 -0.554315 0.169494 -0.367430 -0.302937 -0.289722 0
-0.442838 -0.265879 -0.620188 -0.451028 -0.266793 -0.436836 -0.592145 -0.433144 -0.392440 0
0.773360 -0.068715 -0.911353 -0.636049 0.405316 0.010585 -0.266987 -0.353500 -0.352260 0
-0.637874 -0.251825 -0.131613 -0.214811 0.434787 -0.309263 -0.368647 -0.301742 -0.270816 0
-0.068144 -0.163602 0.516417 0.431699 -1.295890 -0.432115 -0.185107 0.064278 0.107802 0
-0.210625 -0.180047 -0.636548 -0.627863 -0.912821 0.305683 -0.442853 -0.410721 -0.418657 0
0.292454 -0.122544 -0.934178 -0.714365 0.153129 1.358365 -0.373141 -0.384403 -0.368346 0
-0.539907 -0.215756 0.846019 0.629535 -0.306315 0.118375 -0.161661 0.138162 0.246070 0
-0.142875 -0.164153 -0.677522 -0.645946 -1.260872 -0.009142 -0.542083 -0.463676 -0.411747 0
-0.042158 -0.061168 1.210183 1.171088 -0.159375 0.518380 0.033251 0.279401 0.442728 0
-0.411716 -0.224123 -0.265585 -0.401225 -0.378766 -0.392190 -0.467675 -0.360176 -0.360954 0
0.169996 -0.100021 0.190751 0.167350 -0.485764 1.197136 -0.316237 -0.085187 -0.014334 0
1.097391 0.031196 -1.006413 -0.754383 0.086375 -0.163304 -0.358484 -0.407430 -0.414310 0
0.502999 0.030207 0.060710 -0.114629 0.347775 0.024303 -0.264011 0.000980 -0.002814 0
-0.611116 -0.268236 -0.373597 -0.160862 0.105737 -0.165671 -0.409035 -0.301496 -0.245752 0
-0.793297 -0.296803 -0.879697 -0.675585 -0.034441 -0.138468 -0.302358 -0.375855 -0.431770 1
-0.897628 -0.289698 1.404205 1.581000 -0.138648 -0.436388 -0.164634 0.068034 0.178204 0
0.467945 -0.043521 -0.798736 -0.711924 -0.694173 0.239003 -0.531612 -0.403159 -0.410161 0
-0.381262 -0.204993 -0.664337 -0.634045 -1.027999 -0.262923 -0.401000 -0.468500 -0.424351 0
-0.771574 -0.266607 0.569965 0.300615 -0.139003 -0.160168 -0.329987 -0.260960 -0.207592 0
-0.808935 -0.300828 -0.576368 -0.462023 -0.510454 -0.380823 -0.392674 -0.392902 -0.396602 0
-0.355583 -0.214850 0.068996 -0.043768 -1.572866 -0.228162 -0.711094 -0.336216 -0.177597 0
-0.266721 -0.209133 -0.774187 -0.653031 -1.415141 -0.410109 -0.376958 -0.385368 -0.419742 0
-0.107076 -0.176812 -0.176975 -0.310156 -0.432967 -0.358254 -0.362459 -0.436178 -0.351404 0
-0.485026 -0.259664 0.204926 0.405145 -0.559010 -0.200840 -0.411649 -0.232628 -0.120336 0
-0.307387 -0.214933 -0.748546 -0.622684 0.305638 0.212521 -0.399973 -0.369806 -0.374801 0
0.393002 -0.034342 0.074246 0.055776 0.052880 -0.092474 -0.126079 -0.049236 0.020211 0
0.174485 -0.096288 -0.579749 -0.572747 0.088401 -0.391576 -0.269702 -0.373079 -0.363428 0
-0.007895 -0.126708 -0.493238 -0.530947 -0.119274 -0.415151 -0.195018 -0.247553 -0.329497 0
1.609835 0.326477 -0.927389 -0.769606 0.345053 1.913745 -0.347848 -0.467580 -0.410071 0
0.071724 -0.097992 0.250147 0.163429 -0.002640 0.547334 -0.207378 -0.095808 0.031988 0
-0.523378 -0.195937 0.137344 -0.048776 -0.846699 -0.298790 -0.286698 -0.142651 -0.069771 0
0.103999 -0.077789 0.058782 -0.167793 -0.804013 -0.354960 -0.411058 -0.275236 -0.245326 0
0.776565 -0.043601 -1.003741 -0.741765 0.424022 -0.283036 -0.346547 -0.488415 -0.482937 0
-0.316994 -0.208194 0.241182 0.272408 -0.507008 0.874836 -0.336562 -0.111286 -0.030716 0
6.262862 1.893518 -0.621416 -0.456162 -0.396903 0.069874 -0.337798 -0.303062 -0.285877 0
0.055284 -0.184214 -1.075236 -0.806465 0.460454 -0.222943 -0.640499 -0.605015 -0.555601 0
-1.119334 -0.325262 0.043634 0.056764 -1.628262 0.471663 -0.454542 -0.384098 -0.315721 0
-0.756556 -0.250808 0.469458 0.266769 -0.055226 -0.339132 -0.273804 -0.061424 0.022175 0
-0.504624 -0.236580 -0.398787 -0.417309 0.145879 -0.210395 -0.315426 -0.392783 -0.352893 0
-0.708619 -0.240705 0.422074 0.116814 -0.742271 -0.389677 -0.283818 -0.112986 -0.115426 1
-0.164875 -0.188416 -0.519818 -0.433132 -0.531714 -0.425575 -0.554367 -0.506553 -0.318250 0
-0.208318 -0.169332 -0.295943 -0.275930 -0.226493 -0.253521 -0.161408 -0.175383 -0.141509 0
0.179641 -0.119034 -0.707384 -0.646977 -0.884850 0.015225 -0.517022 -0.482547 -0.441037 0
-0.041762 -0.191175 -0.552655 -0.481123 -0.192649 -0.378447 -0.388757 -0.291716 -0.288553 0
0.393663 -0.107572 -0.926209 -0.719554 0.013134 1.975100 -0.361084 -0.380598 -0.396070 0
-0.110339 -0.178631 -1.018417 -0.777174 0.198192 -0.289535 -0.509767 -0.603736 -0.498302 0
-0.004572 -0.120151 0.325218 0.141375 -0.266033 0.262728 -0.449744 -0.245157 -0.107440 0
-1.200704 -0.333702 -0.607946 -0.464461 -0.543274 2.135374 -0.527433 -0.431138 -0.393376 0
-0.660666 -0.269672 -0.266833 -0.235299 -0.346438 -0.420324 -0.553565 -0.377443 -0.327116 0
-0.157844 -0.140935 -0.027659 -0.232566 -0.813146 -0.238500 -0.334503 -0.131899 -0.143353 0
-0.007878 -0.156994 -0.729629 -0.582024 -0.518273 -0.372544 -0.355265 -0.368895 -0.294733 0
-0.837764 -0.282042 0.098500 0.096273 -1.071837 -0.323787 -0.199332 -0.115798 -0.021443 0
-0.217891 -0.236023 -0.684947 -0.537650 0.020945 -0.147400 -0.527105 -0.468739 -0.468403 0
-0.540847 -0.241860 -0.172738 -0.292144 -0.008186 -0.231396 -0.443891 -0.415035 -0.369548 1
-0.159576 -0.206669 -0.682454 -0.528158 -0.314975 -0.426172 -0.375391 -0.451146 -0.398690 0
0.693407 0.006361 -0.289315 -0.323235 -0.114205 -0.294521 -0.431828 -0.388434 -0.339700 0
-0.148982 -0.194792 -0.520719 -0.467829 -0.579330 -0.250597 -0.511698 -0.357436 -0.335603 0
0.316991 -0.114631 -0.261904 -0.166058 -0.506151 -0.435753 -0.365573 -0.193570 -0.130942 0
0.688908 0.014791 -0.786480 -0.635772 -1.170956 -0.434280 -0.152332 -0.311976 -0.341377 0
0.122366 -0.119579 -0.585158 -0.451943 -1.051788 -0.433198 -0.376490 -0.269247 -0.209351 0
-0.413635 -0.240191 -0.362002 -0.282873 -0.761898 -0.396701 -0.375615 -0.349730 -0.326658 0
-0.269217 -0.171166 0.199641 0.055235 -1.551950 -0.424787 -0.186445 -0.125056 -0.080986 0
0.936499 0.071653 0.274743 0.217648 -0.233596 -0.433802 -0.303927 -0.139085 -0.043663 1
-0.439595 -0.210659 -0.502725 -0.533609 -0.337187 0.082016 -0.568669 -0.452343 -0.385110 0
-0.398535 -0.233744 -0.527776 -0.455964 -0.096333 -0.289922 -0.370914 -0.375754 -0.385123 0
-0.942138 -0.284095 1.165394 0.855169 -0.815151 -0.077727 -0.560058 -0.214962 -0.052221 0
0.143409 -0.139817 -0.525217 -0.493896 0.086600 0.051296 -0.326822 -0.367451 -0.357397 1
0.005844 -0.131341 -0.637349 -0.639859 -0.202983 -0.437535 -0.446445 -0.394247 -0.380536 0
-0.209154 -0.193233 -0.723461 -0.668052 0.019881 1.000955 -0.386553 -0.397508 -0.407216 0
-0.198494 -0.199412 -0.740657 -0.610294 0.017122 0.392242 -0.506109 -0.496386 -0.425812 0
-0.172246 -0.206022 -0.295889 -0.290848 -0.533639 -0.398818 -0.488320 -0.410554 -0.332465 0
0.188750 -0.064889 -0.349181 -0.458677 -0.237407 -0.428213 -0.617853 -0.398056 -0.340673 0
-0.403772 -0.210583 -0.501538 -0.534004 0.429257 -0.126051 -0.473933 -0.386584 -0.389894 0
-0.368014 -0.225381 -0.390250 -0.380955 -0.611142 -0.162613 -0.553860 -0.393569 -0.290336 0
-0.237751 -0.168649 -0.137779 -0.274603 -0.149799 -0.294148 -0.500125 -0.300726 -0.216264 0
-0.761300 -0.283123 -0.640984 -0.566353 -0.440521 -0.393197 -0.565612 -0.439328 -0.398136 0
-0.243607 -0.207034 -0.541144 -0.487960 -0.081167 1.626944 -0.433526 -0.394096 -0.350745 0
0.123706 -0.114910 -0.676610 -0.639485 -0.168321 0.413635 -0.436138 -0.456199 -0.402725 0
0.202739 -0.141036 -0.817187 -0.649376 0.365707 -0.408187 -0.458209 -0.439364 -0.403174 0
0.829715 -0.000385 -0.640101 -0.578183 -0.218935 -0.430865 -0.566263 -0.455020 -0.386548 0
-0.118874 -0.145717 -0.505551 -0.539260 -0.931283 0.046330 -0.019192 -0.201835 -0.349312 0
0.063793 -0.163775 -0.771407 -0.645673 -0.086877 -0.420926 -0.649090 -0.550500 -0.480332 0
1.130285 0.105727 -0.955912 -0.695710 0.007879 0.076922 -0.199703 -0.261721 -0.296557 0
-0.746248 -0.280829 -0.518808 -0.460328 0.131199 0.250651 -0.648430 -0.454138 -0.355119 0
-0.466949 -0.225852 -0.381459 -0.365697 -0.196210 -0.390085 -0.345733 -0.182503 -0.162922 0
-0.367237 -0.182619 -0.144638 -0.257361 -1.227143 0.920186 -0.410090 -0.195347 -0.105834 0
-0.637261 -0.276908 -0.919665 -0.724351 -0.739921 -0.096456 -0.566794 -0.484863 -0.447091 1
0.833934 -0.021283 -1.017191 -0.777928 -0.645335 -0.433550 -0.727521 -0.640712 -0.523139 0
-0.395080 -0.261687 -0.938528 -0.676449 0.341612 0.253862 -0.502038 -0.522568 -0.468327 0
2.041280 0.337756 -1.053720 -0.789650 -0.149769 -0.236073 -0.309476 -0.504709 -0.508790 0
-0.060464 -0.119471 0.322577 0.045501 -0.286563 0.294709 -0.477232 -0.274435 -0.206959 0
-0.137514 -0.027231 0.379322 0.002545 -0.289192 -0.357378 0.738086 0.072792 0.099113 0
-0.321154 -0.229481 -0.656471 -0.558142 0.752787 -0.080089 -0.237450 -0.308513 -0.347269 0
-0.097091 -0.217465 -1.215232 -0.859311 -1.142433 0.413922 -0.724107 -0.652072 -0.562656 0
-0.061288 -0.187542 -0.576808 -0.414787 0.044189 1.967948 -0.318385 -0.324947 -0.312236 0
-1.059177 -0.292324 1.646415 1.604767 -0.646163 0.686661 -0.102494 0.146980 0.317776 0
-0.151394 -0.207232 -0.792192 -0.612167 -0.280328 -0.145309 -0.660484 -0.540829 -0.455085 0
0.380386 -0.122904 -1.169709 -0.831413 -0.260418 0.654165 -0.448660 -0.440170 -0.448784 0
-0.935717 -0.292114 -0.590767 -0.511090 -0.075856 1.531658 -0.346101 -0.282320 -0.274229 0
-0.652080 -0.288997 -0.449655 -0.307966 -0.341730 0.080797 -0.481009 -0.393542 -0.373433 0
-0.754541 -0.295920 -0.547492 -0.432181 -0.274066 -0.038792 -0.570809 -0.457905 -0.418881 0
0.406815 -0.017526 -0.059076 -0.223048 0.302536 -0.003826 -0.296719 -0.334000 -0.201617 0
-0.565785 -0.225030 -0.094674 -0.271345 -1.616751 0.079310 -0.627199 -0.425190 -0.305882 0
-0.470648 -0.275658 -0.883830 -0.614011 -0.354416 -0.139330 -0.724418 -0.570525 -0.484410 0
-0.296309 -0.174758 -0.413312 -0.518023 -1.962246 -0.152707 -0.538674 -0.362264 -0.326452 0
-0.106840 -0.196910 -0.895808 -0.682107 -0.901067 -0.247960 -0.719665 -0.559888 -0.457793 0
-0.071138 -0.209422 -0.944052 -0.713440 -0.845879 -0.327653 -0.678396 -0.518206 -0.457989 0
0.227885 -0.086384 -0.748419 -0.636784 -1.283320 -0.395815 -0.270444 -0.393456 -0.403967 0
-0.330327 -0.193026 -0.496638 -0.496587 -0.223318 -0.229448 -0.348002 -0.331603 -0.290262 0
-0.168767 -0.168036 -0.227599 -0.258438 -1.019037 -0.421292 -0.264936 -0.144557 -0.115165 0
-0.126745 -0.187422 -0.566792 -0.552363 -0.643209 -0.402096 -0.501021 -0.508110 -0.456256 0
-0.426625 -0.238405 -0.975458 -0.786507 -0.706401 -0.344695 -0.525226 -0.567588 -0.534964 0
-0.621725 -0.260028 -0.445250 -0.479585 -0.298732 -0.282658 -0.493105 -0.383401 -0.366909 0
-0.561703 -0.241948 0.447465 0.450788 -1.440846 -0.435031 -0.410935 -0.109418 0.065369 0
-0.926564 -0.309895 -0.621419 -0.451517 -0.277839 -0.257088 -0.458800 -0.424605 -0.378820 0
-1.055499 -0.329764 -0.017003 0.112278 0.088616 -0.432342 -0.610961 -0.459349 -0.381449 0
-0.258054 -0.226252 -1.004552 -0.770478 -0.159248 -0.384199 -0.557668 -0.457633 -0.432606 0
-0.034602 -0.153565 -0.264213 -0.205504 -0.393743 1.529495 -0.435333 -0.292757 -0.187058 0
0.563453 -0.099764 -0.612715 -0.382663 -0.607485 0.297358 -0.336601 -0.337098 -0.312473 0
0.320415 -0.101934 -0.237783 -0.183864 0.574404 -0.260194 -0.267534 -0.284922 -0.268281 0
-0.504904 -0.227401 -0.457873 -0.467974 -0.330317 1.367858 -0.513743 -0.439768 -0.335273 0
-0.582429 -0.240221 0.005325 -0.144685 -1.637924 -0.437611 -0.191231 -0.129532 -0.195465 0
2.998759 0.320597 -1.528883 -0.957017 -0.130352 -0.220472 -0.786866 -0.743032 -0.665367 0
-0.664492 -0.273652 0.359485 0.467080 -0.771341 -0.424147 -0.502257 -0.276999 -0.161043 0
0.055468 -0.169790 -0.808737 -0.655871 0.116030 -0.197321 -0.459648 -0.524354 -0.514094 0
-0.222358 -0.222616 -1.220376 -0.887103 0.157294 -0.298363 -0.584330 -0.638516 -0.608032 0
-0.430341 -0.217304 -0.751530 -0.679446 -1.394499 3.867380 -0.393717 -0.414107 -0.401549 0
-0.144265 -0.141826 -0.127207 -0.306968 -0.501045 0.788281 -0.534808 -0.237803 -0.170578 0
-0.017690 -0.220940 -0.739056 -0.557705 -0.242556 -0.437006 -0.494835 -0.429257 -0.421493 0
-0.724373 -0.278620 -0.344834 -0.367039 -0.648610 0.477223 -0.650657 -0.444051 -0.356581 0
-0.308694 -0.189957 0.542496 0.524974 -0.172630 0.310311 -0.202628 -0.002492 0.108204 0
-0.430135 -0.260157 -0.947570 -0.723249 -0.667401 -0.382214 -0.806084 -0.649836 -0.553578 0
-0.302231 -0.160010 -0.379967 -0.476429 -0.089136 -0.225363 -0.311056 -0.383019 -0.358188 0
-0.945038 -0.282372 1.349424 1.514327 -0.200483 -0.432550 -0.164879 0.081238 0.289611 0
-0.887607 -0.305607 -0.454739 -0.381203 -1.449223 -0.192685 -0.344172 -0.369955 -0.395487 1
-0.361107 -0.245034 -0.090032 -0.155128 -0.405885 1.459860 -0.641083 -0.402405 -0.315940 0
0.503312 -0.006754 -0.348902 -0.373004 -1.217210 -0.313612 -0.596807 -0.238352 -0.144442 0
-0.453743 -0.273065 -0.944950 -0.626607 -1.412813 -0.415490 -0.929161 -0.731287 -0.551452 0
1.841239 0.219413 -1.016788 -0.754741 -0.631674 -0.422798 -0.588675 -0.569531 -0.496267 0
-0.057749 -0.166775 -0.672976 -0.561593 -0.968644 -0.424777 -0.714656 -0.494596 -0.357440 0
-0.295286 -0.224536 -0.685755 -0.557699 -0.306824 -0.367443 -0.570883 -0.498657 -0.421229 0
-0.187548 -0.180261 -0.027052 -0.106730 -0.817488 -0.423583 -0.488416 -0.374331 -0.218132 0
1.405659 0.275301 -0.515929 -0.513780 0.629196 -0.274946 -0.053115 -0.244674 -0.259858 0
-0.417727 -0.225907 -0.676079 -0.606998 -1.108194 -0.117901 -0.487186 -0.378982 -0.382846 0
-1.142387 -0.332286 -0.789897 -0.597371 -0.653231 -0.017878 -0.694698 -0.542716 -0.493287 0
-0.695335 -0.243643 0.099051 -0.094053 -0.548931 0.040481 -0.416051 -0.232373 -0.127836 0
-0.072474 -0.182874 -0.844141 -0.723646 -0.189548 -0.414567 -0.762386 -0.567221 -0.523707 0
-0.386780 -0.230034 -0.732447 -0.618733 -0.068736 -0.238554 -0.378641 -0.283528 -0.293303 0
-0.897685 -0.314647 -0.997208 -0.705328 -0.405428 -0.369443 -0.761043 -0.607206 -0.520878 0
0.453502 -0.080571 -0.106149 0.044816 -0.100946 -0.415687 -0.317192 -0.232622 -0.106368 0
-0.586868 -0.271768 -0.698840 -0.646495 -0.439766 -0.408836 -0.529390 -0.543807 -0.549015 0
0.523450 -0.059666 -0.609917 -0.500877 -0.074605 -0.423781 -0.538522 -0.432863 -0.352122 0
0.025836 -0.128301 0.170392 0.125097 -0.109392 0.393483 -0.313528 -0.143985 -0.056456 1
-0.277660 -0.215999 -0.490441 -0.442624 -0.316027 -0.420820 -0.504695 -0.391169 -0.314229 1
0.065171 -0.106163 -0.430224 -0.511804 -1.299445 0.076081 -0.350702 -0.387867 -0.335131 0
-0.251360 -0.200840 -0.814171 -0.685826 -0.502032 -0.426014 -0.465483 -0.413822 -0.377172 0
-0.893011 -0.278975 0.991272 0.773595 -2.142295 -0.292256 -0.199427 -0.025903 0.007411 0
0.467179 -0.038180 -0.588186 -0.577209 -0.461681 0.106495 -0.562795 -0.513286 -0.430218 0
-0.642491 -0.282390 -0.557862 -0.382641 -1.178626 -0.420794 -0.425992 -0.391428 -0.387643 0
-0.452059 -0.247204 -0.740555 -0.582762 -0.707830 -0.437953 -0.690024 -0.484453 -0.389081 0
-0.893993 -0.291447 1.977959 2.276141 -0.591611 0.965372 -0.250788 0.124466 0.296621 0
0.564519 -0.055201 -0.673665 -0.603437 -0.411211 -0.213531 -0.663749 -0.523514 -0.454659 0
-0.216340 -0.185705 -0.026572 -0.082255 -0.412219 -0.336377 -0.464385 -0.195377 -0.140206 0
-0.300139 -0.212202 -0.548282 -0.556148 0.203192 -0.367535 -0.352783 -0.437825 -0.434063 0
-0.315443 -0.207287 -0.335755 -0.401894 -1.534037 1.074801 -0.623852 -0.443470 -0.297644 0
-0.329175 -0.212985 -0.438602 -0.508458 -1.249962 -0.180667 -0.593738 -0.425389 -0.414659 0
-0.399793 -0.244495 -0.638913 -0.565209 -1.176636 -0.140777 -0.743532 -0.593031 -0.519280 0
0.297280 -0.144307 -1.369434 -0.949455 1.093482 0.309622 -0.470139 -0.601189 -0.604930 0
-0.524133 -0.249668 0.194633 0.075281 -0.685236 -0.429598 -0.498286 -0.323359 -0.235431 0
0.086796 -0.141674 -0.697878 -0.607878 -0.278982 -0.437115 -0.498599 -0.368788 -0.322128 0
-0.676861 -0.251622 0.505760 0.530423 0.066284 -0.068209 -0.185535 -0.081491 0.065305 0
-0.439145 -0.178761 0.061914 -0.203486 -0.183470 -0.054316 -0.376423 -0.241869 -0.183322 0
-0.634454 -0.250944 -0.323777 -0.430978 -1.120621 -0.437968 -0.360574 -0.320465 -0.275943 0
0.245256 -0.126796 -0.329776 -0.315682 -0.153091 1.155252 -0.479133 -0.435013 -0.391644 0
-0.691025 -0.268925 -0.202709 -0.256665 -0.484949 -0.362442 -0.310836 -0.226841 -0.275217 0
0.277967 -0.133038 -0.865531 -0.693510 -0.557224 -0.334128 -0.583150 -0.435103 -0.449739 0
-0.680361 -0.277196 -0.199171 -0.232746 -0.592152 0.859933 -0.357993 -0.282912 -0.322028 0
0.020342 -0.170623 -0.969926 -0.765032 -0.101961 -0.193970 -0.535044 -0.505263 -0.494929 0
-0.412915 -0.259729 -0.823178 -0.626937 -0.204295 0.020446 -0.731115 -0.581730 -0.490528 0
-0.810265 -0.283525 0.142399 0.173213 -0.741814 -0.376265 -0.398665 -0.203861 -0.125965 0
-0.645925 -0.269787 -0.614042 -0.528653 -0.471511 -0.090049 -0.511523 -0.393223 -0.376543 0
-0.867053 -0.294559 -0.203614 -0.304189 -0.526300 1.173250 -0.528731 -0.419369 -0.439141 0
-0.251518 -0.239891 -0.625351 -0.514658 -0.380742 -0.396661 -0.602110 -0.478515 -0.460319 0
-1.140867 -0.341050 -1.127934 -0.703571 -0.354707 0.408178 -0.786569 -0.625339 -0.524426 0
-0.431403 -0.260178 -1.163091 -0.834331 -0.739487 -0.429021 -0.834392 -0.618907 -0.520476 0
-0.727576 -0.281189 -0.665665 -0.572756 -0.405556 -0.101036 -0.672278 -0.527235 -0.430877 0
0.427169 -0.006402 -0.325936 -0.452156 -0.087845 -0.282336 -0.350129 -0.344136 -0.321033 0
-1.066019 -0.327109 -0.542148 -0.322561 -0.677272 -0.409023 -0.624443 -0.450115 -0.355614 0
0.425625 -0.119008 -0.884074 -0.665318 -0.150569 -0.410939 -0.536836 -0.535001 -0.509312 0
-0.384812 -0.228600 -0.605656 -0.538137 -0.417870 -0.340985 -0.594086 -0.424943 -0.357064 0
-0.270354 -0.193540 -0.446339 -0.383780 -1.093600 -0.338119 -0.383766 -0.248245 -0.192737 0
0.091521 -0.130851 -0.622633 -0.597558 -0.473026 -0.437781 -0.583224 -0.498284 -0.441054 0
-0.188770 -0.220404 -0.923376 -0.727545 -1.142461 0.439711 -0.659982 -0.559775 -0.507460 0
-0.378182 -0.243528 -0.833648 -0.641589 0.328357 -0.383757 -0.574794 -0.371206 -0.336905 0
4.168856 2.284765 0.572675 0.427205 -1.653241 1.410182 0.288610 0.001433 0.056902 0
-0.259204 -0.239118 -1.195818 -0.850586 -0.781317 0.286871 -0.617456 -0.573178 -0.545562 0
-0.770895 -0.281518 -0.168705 -0.205952 -0.323013 0.370863 -0.665060 -0.448229 -0.297470 0
-0.050693 -0.108209 -0.550592 -0.587177 0.009369 -0.360960 -0.488201 -0.313402 -0.275321 0
1.023976 0.034197 -0.940225 -0.745684 -1.989136 -0.415525 -0.640526 -0.568796 -0.470350 0
-0.226195 -0.219304 -0.751568 -0.607987 -0.110886 -0.409145 -0.647744 -0.559632 -0.524802 0
-0.490536 -0.261796 -0.689672 -0.540410 -0.603985 -0.411724 -0.661528 -0.492089 -0.421185 0
-1.053245 -0.325254 -0.850961 -0.621790 -0.332390 -0.436842 -0.673575 -0.510195 -0.469147 0
0.402617 -0.152661 -0.908504 -0.648836 -1.343184 -0.038182 -0.616435 -0.507115 -0.441531 0
