1.632154 4.133521 5.336756 6.127762 4.605348 -0.456977 7.844672 8.124366 7.652172 1
1.321626 1.820965 3.200245 3.247157 -0.360861 -0.507934 4.503025 4.113053 3.714687 1
2.178889 3.891635 5.550869 6.402274 3.149648 -0.462296 5.385389 5.996294 6.296908 1
0.481749 1.061143 4.139018 4.287273 0.026597 -0.417674 4.543180 4.635364 4.520587 1
1.294353 0.750591 1.090127 0.941084 2.527546 -0.431246 2.471995 1.633372 1.066478 0
1.435323 0.805044 1.189860 0.792482 3.076832 -0.253391 2.347243 1.537607 0.942950 0
0.318172 0.262482 1.417585 1.070793 1.825337 0.008698 1.744090 1.189741 0.841452 0
2.419632 1.273366 0.139073 -0.184832 3.359156 -0.439106 1.081943 0.360887 0.112273 1
-0.041675 0.069847 0.683524 0.213886 1.348252 -0.501402 1.898033 0.920996 0.248453 0
0.322514 0.109643 0.308010 -0.005941 2.857600 -0.207746 1.516031 0.798760 0.239458 0
-0.645611 -0.169002 0.405890 0.073896 1.776093 -0.415138 0.944289 0.553331 0.213611 0
0.953219 0.372532 -0.274591 -0.419045 2.629451 -0.339532 1.137372 0.463251 0.104390 0
0.486904 0.177798 0.715019 0.490563 2.152014 -0.082546 0.932376 0.590108 0.427513 0
-0.192232 0.142586 3.755393 4.229383 2.348604 -0.522482 2.149915 2.297970 2.372521 1
0.349245 0.028757 -0.227111 -0.311480 0.064319 -0.192985 0.757662 0.266039 -0.020475 0
0.930995 0.388716 1.579689 1.256725 -0.812314 0.207866 1.378121 1.155989 0.802653 1
0.687055 0.151441 -0.813062 -0.766458 1.164529 -0.271296 0.483094 -0.163020 -0.390948 1
-0.713744 -0.168517 1.438269 0.959612 -0.236050 -0.304258 1.631571 1.159904 0.638015 1
1.186911 1.017141 2.255852 1.852036 3.269512 -0.371617 3.089743 2.409777 1.565376 1
-0.980283 -0.239745 2.168721 1.993388 -0.670702 -0.331673 1.350038 1.349157 1.137480 0
0.835849 0.167989 -0.159702 -0.275701 2.292729 -0.501713 0.936499 0.233024 -0.091949 0
0.671096 0.126620 -0.482549 -0.490919 1.315222 -0.341089 0.578322 -0.019928 -0.265816 0
0.718607 0.172848 0.032108 -0.158929 0.956091 0.689857 0.647471 0.271712 -0.002822 0
0.319361 0.449034 3.621878 4.149083 1.588330 1.955834 1.368360 1.925219 2.411150 1
0.797036 0.129301 -0.378575 -0.419415 1.657764 -0.180136 0.616422 0.235639 -0.064930 0
2.300163 0.697225 -0.163008 -0.166081 1.376326 -0.487687 0.599694 0.160963 0.021300 0
0.594602 0.128312 -0.046081 -0.265900 0.972000 -0.374561 0.756572 0.414102 0.072052 0
-0.090068 -0.047511 0.149664 -0.061692 0.680147 -0.474269 0.775038 0.397430 0.193984 0
1.564065 0.487760 1.260692 1.165388 1.211332 -0.341109 0.826551 0.571187 0.381162 0
-0.491445 -0.199323 -0.004082 -0.212620 0.146210 -0.504155 0.323173 -0.003176 -0.214226 0
4.094825 2.005910 0.293914 0.238648 1.485222 -0.332809 1.240742 0.576645 0.245854 0
1.070202 0.338366 0.011877 -0.249089 -1.134702 -0.256278 0.449788 0.232769 -0.077445 0
0.051182 -0.042267 -0.304547 -0.387591 0.316395 0.325585 0.493645 0.045156 -0.069635 0
0.611377 0.081836 0.321557 0.368971 0.307526 -0.523050 0.670870 0.237368 0.163843 0
-0.303244 -0.119093 -0.032103 -0.277956 1.314889 -0.331654 0.601760 -0.003849 -0.156040 0
-0.145949 -0.002178 0.637028 0.303586 2.121963 5.695845 0.569977 0.484404 0.400270 0
0.592828 -0.003999 -0.260290 -0.267226 1.633150 -0.511993 0.333407 -0.017052 -0.192110 0
-0.183388 -0.077835 0.420198 0.201753 2.011601 0.333261 0.755919 0.366315 0.176183 0
1.450819 0.287604 -0.228065 -0.290838 1.650907 -0.489234 0.658854 0.193070 -0.127321 0
-0.159109 -0.142855 -0.336528 -0.441005 1.036359 -0.416193 0.268477 -0.131115 -0.295829 0
0.508946 0.028135 0.262555 0.140908 1.389047 -0.441121 0.316189 0.171011 -0.008031 0
0.510778 -0.007980 -0.923423 -0.754294 1.563038 -0.511555 0.203114 -0.243526 -0.373638 0
0.849722 0.035829 -0.870743 -0.718769 1.208032 -0.520462 0.220973 -0.218345 -0.440367 0
0.278677 0.022202 0.430705 0.201302 -1.504697 -0.408387 0.459407 0.097984 -0.012092 0
-0.470271 -0.112425 0.041886 -0.211250 0.949584 -0.472691 0.758193 0.415450 0.147127 0
0.245681 0.239492 0.953999 0.482141 0.652476 -0.313811 0.522706 0.632303 0.585336 0
-0.365384 -0.200401 -0.383844 -0.402066 -0.250403 0.942059 0.401628 0.003273 -0.241074 0
0.654783 0.347929 2.520356 2.607020 1.381998 -0.287037 1.407020 1.385706 1.376758 0
-0.008030 -0.086692 0.363495 0.221848 1.467988 -0.314792 0.640489 0.324194 0.204989 0
1.408881 0.631156 1.009024 0.654305 1.272833 0.275466 0.626622 0.436304 0.258579 1
-0.981434 -0.267864 0.754102 0.436038 -2.508137 -0.323255 -0.071692 0.230311 0.306668 0
-1.154270 -0.348018 0.632213 0.552080 -1.953034 4.113421 0.165502 0.037437 -0.054663 0
0.680198 0.025914 -0.712130 -0.635678 0.563782 -0.459672 0.212383 -0.270036 -0.399664 0
1.130842 0.192163 -0.763363 -0.686945 0.634043 -0.501436 0.327174 -0.078289 -0.311811 0
1.950879 0.559293 -0.009802 -0.024410 0.366879 0.103446 0.610764 0.232088 0.010545 0
-0.671397 -0.133302 2.158830 1.950500 1.955219 -0.031721 0.922384 1.035310 1.039303 0
0.086386 -0.083241 -0.323858 -0.359885 -0.781355 -0.062126 0.329711 0.039198 -0.089549 0
-0.757285 -0.168141 2.178395 2.071878 0.404850 -0.303364 1.015361 0.891948 0.863630 0
0.014719 -0.141359 -0.405193 -0.447102 0.455566 -0.444773 -0.059208 -0.279705 -0.348566 0
0.437573 0.059942 0.141670 0.036570 -0.472949 0.069871 -0.075160 0.090435 0.129403 0
-0.004506 -0.074795 0.540998 0.402410 0.635623 0.060436 0.359555 0.311786 0.214954 1
0.219502 -0.077736 -0.435194 -0.445801 0.595853 -0.406910 0.000535 -0.176244 -0.253206 0
-0.604490 -0.226711 0.277935 0.170617 0.658257 -0.264411 0.149149 0.042328 -0.004871 0
1.050435 0.196770 -0.127667 -0.201748 1.425455 -0.501928 0.257255 -0.026060 -0.145130 0
0.493981 -0.116576 -0.285352 -0.099142 1.245187 -0.390878 0.066947 -0.092751 -0.171358 0
-0.336443 -0.122682 2.148244 2.288823 -0.590006 -0.513336 0.724270 0.645082 0.599418 0
0.272155 0.012394 0.143183 -0.043800 -1.804392 -0.474608 0.043717 -0.033329 -0.012162 0
0.952318 0.362089 0.210085 -0.052671 0.900828 -0.305507 0.592267 0.363908 0.195358 1
-0.865369 -0.306082 0.099948 -0.087637 -0.644984 -0.522208 0.371532 0.105222 -0.167336 0
-0.932644 -0.278474 0.573599 0.297387 1.054358 -0.060240 0.388548 0.051266 -0.062862 0
-0.241719 -0.059855 -0.007356 -0.244854 -0.269891 -0.317916 -0.040393 0.062662 0.054592 0
0.102738 -0.021896 0.910924 0.748280 0.518829 -0.128653 0.644637 0.674683 0.555873 1
-0.595849 -0.148999 1.259399 1.018286 -0.163446 -0.491906 0.190970 0.486087 0.555865 0
-0.451598 -0.114014 1.285746 1.091443 0.922531 -0.472302 0.770325 0.830474 0.747689 0
0.426131 0.009278 -0.786403 -0.716324 0.411542 0.883803 0.194758 -0.141959 -0.304794 0
0.201033 -0.069349 -0.599100 -0.562659 0.120041 -0.469694 -0.200203 -0.340403 -0.318536 0
-0.097271 -0.134135 0.187711 0.194116 1.485474 -0.431696 0.550645 0.243315 0.108788 1
0.115588 -0.088676 -0.264321 -0.309245 -1.082430 -0.133961 -0.195612 -0.242836 -0.257612 0
-0.833260 -0.247008 -0.002632 -0.305889 0.923197 0.210493 0.003094 -0.229178 -0.295527 0
0.550487 0.083597 -0.669909 -0.655815 0.948218 -0.478252 -0.019913 -0.304714 -0.417163 0
0.030194 -0.061440 -0.371707 -0.500960 -0.334547 -0.511280 -0.186759 -0.272944 -0.302339 0
1.236797 0.187531 -0.255933 -0.120520 0.649770 -0.171841 0.149513 0.019886 -0.035670 0
1.115167 0.823347 2.937802 3.163428 1.221304 -0.517855 1.325989 1.654913 1.881680 1
-1.240008 -0.280711 1.512120 1.122817 -2.522566 -0.109418 0.589968 0.668575 0.743422 0
-0.586188 -0.235114 0.457133 0.399828 1.434355 -0.498805 0.169661 0.031768 0.034010 0
-0.238131 -0.124760 -0.215430 -0.388433 -0.257001 0.153214 -0.034356 -0.159381 -0.203918 0
0.029375 -0.119356 -0.805463 -0.711350 1.333049 0.105927 -0.086689 -0.396209 -0.431944 0
1.033550 0.053162 -0.979054 -0.754821 0.286738 2.271427 0.026547 -0.311099 -0.445553 0
-0.821035 -0.252662 0.803428 0.736248 -1.899487 1.579365 0.699597 0.446891 0.329154 0
-0.196690 -0.030631 0.372080 0.058303 0.722529 -0.312583 0.652971 0.453434 0.339229 0
0.323117 -0.101999 -0.671554 -0.563263 -0.343488 -0.515313 -0.073400 -0.263265 -0.347425 0
-0.536623 -0.214348 -0.121058 -0.275313 0.669470 0.054743 -0.007175 -0.177006 -0.222534 0
0.112726 -0.126748 -0.497365 -0.514456 0.885189 -0.515587 -0.120006 -0.329736 -0.384887 0
1.032412 0.320913 -0.078923 -0.143140 0.814170 0.639267 0.625365 0.406503 0.176206 0
0.837211 0.069722 -1.004542 -0.798696 1.193763 -0.401603 -0.251222 -0.464179 -0.502349 0
-0.363250 -0.122062 0.105252 -0.156634 1.036169 -0.516995 0.595663 0.353634 0.105456 0
-0.953610 -0.295831 0.506945 0.355450 0.633346 0.100840 0.086927 0.066912 0.041616 0
0.062267 -0.118135 -0.408961 -0.400170 0.829384 -0.364812 -0.196784 -0.280500 -0.274223 0
-0.064993 -0.178214 -0.683115 -0.549541 0.185000 0.741480 -0.251834 -0.311547 -0.345631 0
-0.450674 -0.184463 -0.103898 -0.268536 0.008285 0.701164 -0.351719 -0.185366 -0.201434 0
0.355448 -0.084282 -0.740563 -0.629041 0.430216 -0.005426 -0.036752 -0.204849 -0.295601 0
-0.458970 -0.113908 0.340864 0.085457 1.085139 -0.121287 0.482393 0.353135 0.289521 0
-0.522445 -0.194411 1.180182 0.920961 -1.076078 -0.491722 0.669885 0.385060 0.265230 0
1.549100 0.125204 -1.314457 -0.866005 0.808631 0.857865 -0.118900 -0.363930 -0.441476 0
-1.017219 -0.315688 0.073139 -0.047736 -0.390573 -0.430779 -0.074266 -0.037755 -0.061769 0
-0.224871 -0.075493 0.492252 0.124952 0.665811 -0.510586 0.121883 0.131272 0.092551 0
-0.800328 -0.266195 0.757377 0.501199 0.377007 0.112088 0.266840 0.293935 0.204696 0
1.060549 0.186733 -0.546497 -0.471004 0.011185 -0.470341 0.354374 -0.009275 -0.157590 0
0.277813 -0.030873 -0.163995 -0.134276 -0.302030 -0.312929 0.086551 0.113207 0.024232 0
0.390087 -0.093616 -1.099732 -0.814988 1.296384 0.123935 -0.067005 -0.358159 -0.433987 0
0.139332 -0.113283 -0.481709 -0.461552 0.548975 -0.449306 -0.098523 -0.310213 -0.386517 1
-0.925194 -0.263348 0.731799 0.486234 0.082400 0.078042 0.105672 0.268066 0.277114 0
-0.084553 -0.126141 -0.722859 -0.692239 0.676517 -0.504718 -0.086951 -0.391692 -0.422264 0
-0.827449 -0.281151 0.416858 0.162410 0.635570 2.779907 -0.160110 -0.191230 -0.173646 0
1.097208 0.025023 -1.088189 -0.779628 0.848711 -0.027915 -0.337091 -0.474608 -0.493149 0
-0.174642 -0.082909 0.672386 0.475103 -1.902180 -0.511012 -0.047182 0.191486 0.327279 0
7.715862 4.198426 -0.381548 -0.392132 1.019143 -0.075840 0.240134 -0.063412 -0.176205 0
-0.664718 -0.168256 0.313542 0.050654 0.306235 -0.391656 0.124464 0.172384 0.247810 0
-0.691582 -0.178660 0.710119 0.272796 -0.264126 -0.138858 -0.078959 0.110884 0.172749 0
-0.398359 -0.225996 -0.519345 -0.505168 -0.554034 -0.361332 -0.374521 -0.397496 -0.396498 0
-0.377879 -0.160114 0.356608 0.161566 0.219808 -0.188976 0.229879 0.182464 0.179993 0
0.184090 -0.005273 0.368271 0.196982 0.581244 -0.185563 0.167578 0.153333 0.103883 0
-0.519309 -0.249919 -0.348888 -0.391045 -0.703160 -0.522037 -0.376866 -0.289744 -0.320343 0
-0.613727 -0.268731 0.256016 0.189342 0.194908 -0.196769 0.043613 0.021903 -0.052704 0
-0.710403 -0.294908 -0.768869 -0.665348 -0.218004 -0.494091 -0.493870 -0.503887 -0.465449 0
0.253186 -0.075447 -0.681153 -0.605191 0.130038 -0.438448 -0.265424 -0.443730 -0.429824 0
-0.332516 -0.163023 -0.707509 -0.649060 0.544930 0.298772 -0.199815 -0.381312 -0.387355 0
0.875395 0.158676 -1.043987 -0.823847 0.397090 -0.454317 0.083835 -0.284689 -0.401151 0
1.512833 0.189312 -0.877487 -0.694683 1.052127 0.481165 -0.042058 -0.407008 -0.454565 0
-0.924926 -0.320003 0.758806 0.767771 0.344228 -0.451731 -0.006528 0.094284 0.072241 1
-0.704114 -0.256360 -0.121163 -0.208486 -0.213871 -0.476111 0.029904 -0.124325 -0.146834 0
-0.637551 -0.218401 0.394053 0.134088 -0.511673 1.650703 0.105986 -0.003326 0.032835 0
0.040831 0.013508 -0.167236 -0.321007 -0.233708 -0.487061 -0.213783 -0.071265 -0.048484 0
-0.582420 -0.284990 -0.320209 -0.289925 -0.579277 0.105255 -0.381807 -0.433256 -0.405093 0
2.055973 0.315924 -0.438677 -0.248387 -0.414579 -0.504203 0.004785 -0.113866 -0.153879 0
-0.738667 -0.189057 3.048258 3.435722 0.407965 7.043140 0.656090 0.987316 1.254977 0
0.033314 -0.063542 0.863398 0.721726 0.308385 -0.466461 0.149979 0.215925 0.230317 0
0.308028 -0.070337 -0.970532 -0.773986 0.797928 0.316884 -0.008544 -0.336844 -0.448607 0
0.313431 -0.027531 -0.775671 -0.713953 -0.458485 -0.345760 -0.032448 -0.213880 -0.349127 0
0.202077 -0.122781 -0.725711 -0.630908 -0.829322 -0.481014 -0.314602 -0.345792 -0.386558 0
-0.205975 -0.148583 -0.464025 -0.464278 -0.601235 1.986208 -0.063075 -0.255568 -0.268942 0
2.273434 0.436923 -1.188090 -0.795711 -0.331768 -0.491509 -0.257627 -0.460428 -0.478093 0
0.362150 -0.082260 -0.385712 -0.354097 0.862159 -0.264567 0.080301 -0.139328 -0.263793 0
0.144589 0.111248 1.985007 2.022527 -0.616535 -0.357286 0.392612 0.785448 0.880259 0
0.153510 -0.018705 0.350414 0.252601 -0.789424 4.930832 0.381597 0.345657 0.313455 0
0.318629 -0.023330 -0.540191 -0.533827 0.212334 -0.315834 -0.222029 -0.223312 -0.269160 0
0.925437 0.276985 -0.144289 -0.300675 0.043695 -0.321637 0.252460 -0.102327 -0.118451 0
1.063543 0.147569 -0.685464 -0.601107 1.206880 0.109829 -0.136984 -0.362251 -0.374855 0
0.378230 -0.059169 -0.385296 -0.399228 -0.639413 -0.500830 -0.361298 -0.364607 -0.339495 0
-0.953933 -0.321793 0.165122 0.103051 0.225256 -0.425859 0.090546 0.003857 -0.123270 0
2.391248 0.562144 -0.877478 -0.698520 -0.344517 -0.507496 -0.311088 -0.351055 -0.360182 0
-0.353665 -0.169731 0.183444 0.008916 -0.818943 0.481597 0.060540 0.136367 0.112037 0
-0.391929 -0.257605 -0.940942 -0.694599 -0.388931 -0.089575 -0.316524 -0.380126 -0.404798 0
0.747379 -0.036515 -0.782877 -0.630616 0.324769 -0.470669 -0.165889 -0.270619 -0.340199 0
0.161988 -0.104503 0.005887 -0.054959 -0.501673 -0.440204 -0.177917 -0.099410 -0.100126 0
-0.158505 -0.102143 -0.072661 -0.285649 0.377380 0.251584 0.018528 -0.146183 -0.221775 0
-0.290495 -0.208432 -0.355757 -0.294475 -0.116598 -0.281169 -0.105405 -0.167467 -0.182162 0
-0.101041 -0.216049 -0.786286 -0.592326 -1.011905 0.459752 -0.847823 -0.668565 -0.489435 0
-0.749886 -0.253064 0.695454 0.648586 0.466867 -0.285295 0.019207 0.121327 0.206379 1
-0.579982 -0.289425 -0.767581 -0.575114 0.900121 0.790767 -0.344333 -0.415870 -0.407912 0
-0.287616 -0.161490 0.786481 0.767623 0.319703 -0.234964 0.004154 0.206525 0.229114 0
-0.148348 -0.232372 -1.063979 -0.782705 0.691516 1.226444 -0.448760 -0.552671 -0.539439 0
-0.077791 -0.041633 -0.001554 -0.252428 -1.613198 3.003671 0.277125 0.021843 -0.040335 0
-0.224944 -0.154930 0.280177 0.297945 0.964039 0.438803 0.080534 0.074568 0.121024 1
-0.526231 -0.236196 0.032929 0.049994 0.766875 -0.143196 0.107960 0.093113 0.005285 0
-0.205634 -0.208159 -0.779233 -0.636303 -0.868916 -0.450714 -0.655850 -0.499841 -0.442671 0
-0.494813 -0.261875 0.175983 0.079557 -1.985139 0.201761 -0.743016 -0.478431 -0.295830 0
0.014601 -0.142312 -0.355219 -0.295319 0.221049 -0.480237 -0.261027 -0.334958 -0.277174 0
1.576486 0.078802 -1.315038 -0.854251 -0.528016 -0.234329 -0.516443 -0.557618 -0.527929 0
-0.547434 -0.205715 -0.222088 -0.353213 0.882838 -0.352073 -0.440599 -0.223090 -0.194606 0
0.311884 -0.154778 -0.964000 -0.693286 1.018135 0.543772 -0.329882 -0.431428 -0.410320 0
-0.576021 -0.267244 -0.308751 -0.312390 0.278544 -0.516772 -0.205495 -0.200968 -0.244472 0
-1.102464 -0.278956 0.796096 0.509309 0.188949 -0.489906 0.082678 0.316331 0.376867 0
1.269386 0.201317 -0.440747 -0.425757 0.023740 -0.238864 0.017677 -0.138357 -0.216479 0
-0.172801 -0.193040 -0.909172 -0.660603 0.719955 -0.231087 -0.193002 -0.416697 -0.421377 0
0.673780 0.072365 -0.454635 -0.494721 0.503430 -0.284097 -0.109639 -0.327183 -0.367767 0
-0.785500 -0.185413 0.970885 0.540982 0.324663 -0.249772 0.341280 0.243312 0.275327 1
-0.661119 -0.220749 0.773433 0.510276 -0.033913 0.513273 0.171143 0.244962 0.194402 0
-0.460776 -0.227232 -0.054769 -0.202592 -0.867552 -0.478779 -0.298499 -0.290410 -0.300123 0
-0.487598 -0.223932 0.065674 -0.024530 -0.114677 -0.504676 -0.313177 -0.220044 -0.067591 0
-0.504048 -0.148896 0.578592 0.325148 -0.391989 -0.144060 0.002983 0.187315 0.280944 0
-0.096020 -0.108104 0.102341 -0.128252 -0.701415 -0.505281 -0.299481 -0.209461 -0.219517 1
-0.700972 -0.259451 -0.123659 -0.278160 -0.312485 -0.353523 -0.333801 -0.262277 -0.236584 0
-0.744357 -0.283086 0.108981 0.020503 -0.526354 0.996023 -0.151516 -0.106868 -0.125663 1
0.577555 0.122399 0.020368 -0.041062 -0.116479 -0.394093 0.087936 0.049492 0.030103 0
-0.357355 -0.201510 -0.106909 -0.204886 0.274074 -0.496041 -0.231770 -0.212425 -0.176349 0
-0.440850 -0.251738 -0.636648 -0.564066 -0.560921 -0.522940 -0.678710 -0.473404 -0.406675 0
0.258138 -0.075170 0.840247 0.743417 -1.684662 1.554523 0.157783 0.082583 -0.019253 0
-0.169908 -0.211366 -0.807540 -0.624790 0.426486 -0.002660 -0.137221 -0.280417 -0.340982 1
-0.326149 -0.157106 0.904457 0.694189 0.319272 -0.140798 0.214459 0.342446 0.315169 0
-0.978187 -0.257344 1.870804 1.695389 0.320020 -0.190434 0.481659 0.641049 0.659504 0
-0.088722 -0.063028 -0.269100 -0.419711 -0.387917 -0.479928 0.334254 -0.008395 -0.146084 1
-0.846495 -0.191832 1.228268 0.735050 0.088788 -0.522978 0.927228 0.970691 0.826513 0
-0.349618 -0.194364 -0.329497 -0.312443 -0.788799 -0.522904 -0.249242 -0.079053 -0.058826 0
0.157832 -0.044241 0.010741 -0.137639 -0.076202 -0.471105 -0.219136 -0.319992 -0.187507 0
-0.818931 -0.275568 0.443123 0.194484 0.418784 -0.138670 -0.123938 -0.001554 -0.016101 0
-0.522216 -0.229693 -0.182537 -0.251914 -0.892837 0.958530 -0.488826 -0.418373 -0.273717 0
3.727251 1.113938 -0.759254 -0.618423 0.830579 0.166919 -0.132143 -0.370539 -0.404126 0
-0.658350 -0.279510 -0.338480 -0.283353 -0.197864 -0.378037 -0.417024 -0.267509 -0.235497 0
1.048853 0.094740 -0.878402 -0.713937 -0.290527 -0.513499 -0.319154 -0.399278 -0.443901 0
-0.760055 -0.300303 0.195679 0.270702 -0.156586 -0.521351 -0.103863 -0.057797 -0.050748 0
0.016329 -0.096262 -0.726064 -0.704832 -2.092597 -0.296376 -0.313245 -0.424213 -0.460812 0
-0.192115 -0.167286 -0.532509 -0.549304 0.599661 0.014164 -0.354407 -0.301487 -0.282312 0
0.131988 -0.114445 0.048476 -0.015176 -0.217413 -0.254278 -0.110507 -0.075148 -0.084132 0
0.817952 -0.006045 -1.119979 -0.779164 0.374745 0.494962 -0.266247 -0.471679 -0.443208 0
0.249880 0.045495 1.257486 1.240480 0.763196 1.689657 0.181074 0.385779 0.485162 1
0.082590 -0.084426 -0.401610 -0.466171 -0.669321 0.251406 -0.223021 -0.217182 -0.254782 0
-0.836271 -0.266547 0.131417 0.002228 0.312907 0.319141 0.031463 0.063729 0.074427 0
0.736953 -0.016392 -1.168173 -0.825571 -0.514892 1.273249 -0.369135 -0.446796 -0.452263 0
-0.056528 -0.134882 0.012939 -0.030680 -0.993768 -0.500706 -0.104074 -0.178371 -0.152325 0
-0.813562 -0.274696 -0.201281 -0.326288 -0.017038 0.251256 -0.065421 -0.109487 -0.211379 0
-0.351489 -0.213190 0.240144 0.097897 -0.703575 -0.466257 -0.044827 0.003393 -0.010186 0
-0.403009 -0.237644 -0.334732 -0.338577 0.411451 -0.206230 -0.249466 -0.214064 -0.229122 0
-0.600798 -0.291860 -0.656164 -0.439280 -1.075759 -0.501288 -0.530371 -0.415811 -0.365099 0
0.037960 -0.172375 -0.893348 -0.713639 -0.157101 -0.519156 -0.489173 -0.478290 -0.464764 0
-0.276297 -0.197969 -0.595847 -0.581920 -1.276699 -0.519095 -0.521645 -0.359372 -0.339674 0
-0.548600 -0.286092 -0.439908 -0.367725 -2.099219 -0.380408 -0.301738 -0.293794 -0.286050 0
-0.957619 -0.335449 -0.775243 -0.568096 0.161495 1.849610 -0.331044 -0.360642 -0.357698 0
-0.181614 -0.176920 0.195549 -0.007856 1.383151 -0.059232 -0.057236 -0.154636 -0.242495 1
0.125207 -0.142702 -0.663443 -0.497754 0.059471 -0.522028 -0.478708 -0.343393 -0.281207 0
-0.635051 -0.254899 0.363498 0.218858 0.410960 -0.342486 0.018019 0.067611 0.046218 0
-0.192146 -0.202393 -0.788615 -0.613642 0.386880 -0.420754 -0.436157 -0.370957 -0.344592 0
-0.619711 -0.274572 -0.096868 -0.105663 0.092896 -0.503130 -0.164780 -0.167435 -0.176611 0
-0.527791 -0.216729 0.044564 -0.044360 -0.309047 -0.453558 -0.349328 -0.176574 -0.038479 0
-0.493777 -0.224706 -0.690009 -0.647007 0.370379 -0.522697 -0.415333 -0.358762 -0.362679 0
-0.036617 -0.080357 0.784268 0.766064 -1.448944 0.278009 0.154038 0.235747 0.246157 0
-0.193496 -0.103282 -0.038319 -0.201732 0.368939 -0.520515 -0.148349 -0.257026 -0.196785 0
-0.517153 -0.191471 1.395494 1.329350 -1.396579 -0.173539 -0.010360 0.287184 0.308711 0
-0.436250 -0.204476 0.101306 -0.053732 0.336053 -0.435778 -0.079117 0.021145 -0.009678 0
-0.567042 -0.279820 -0.311230 -0.362386 0.091449 -0.491509 -0.229345 -0.150679 -0.213912 0
0.171610 -0.058096 -0.507041 -0.522048 0.051707 -0.408434 -0.385219 -0.400521 -0.380610 0
-0.517842 -0.148094 1.099460 0.910899 -0.210020 -0.416717 0.018650 0.369203 0.465766 0
-0.005162 -0.190131 -1.126319 -0.819005 0.279933 -0.165725 -0.441575 -0.517140 -0.542514 0
-0.856363 -0.269255 0.836659 0.508607 0.306756 -0.522092 0.206672 0.313735 0.242260 0
-0.886772 -0.287962 -0.419477 -0.462528 -0.141370 4.669017 -0.568006 -0.406989 -0.304944 0
-0.198149 -0.203154 -0.126513 -0.104537 -1.511185 -0.522960 -0.115415 -0.233147 -0.212924 0
-0.242478 -0.212304 -0.678887 -0.560233 -1.004886 -0.251408 -0.355092 -0.475009 -0.434933 0
0.881414 -0.116679 -1.316153 -0.843000 0.540441 -0.108189 -0.664492 -0.690997 -0.597216 0
-0.023102 0.105879 0.656364 0.164117 -0.602061 -0.511471 0.036589 0.128179 0.114707 0
-0.324629 -0.200315 0.251194 0.232743 0.161659 -0.361964 -0.136359 -0.084155 -0.021876 0
0.218697 0.031702 0.102335 -0.132468 -0.997589 -0.387141 -0.291987 -0.230558 -0.113920 0
-0.190231 -0.169553 -0.155139 -0.237820 -1.592631 -0.499604 -0.054084 -0.205168 -0.271992 1
0.020948 -0.143394 -0.571939 -0.545891 -1.382187 -0.384322 -0.634381 -0.392081 -0.328782 0
-0.599656 -0.251797 -0.246392 -0.276424 -0.750655 -0.514781 -0.390399 -0.236026 -0.189406 0
0.507211 0.116761 0.296325 0.179537 0.533186 -0.275468 -0.151439 -0.006397 0.151309 0
0.433794 -0.094297 -1.119028 -0.814265 0.906278 0.185614 -0.212585 -0.478650 -0.526466 0
10.421888 6.565357 -0.817098 -0.659342 -0.608550 -0.212481 -0.318302 -0.401606 -0.406056 0
0.024918 -0.146026 -0.536023 -0.499942 0.189063 -0.385009 -0.455445 -0.416860 -0.331944 1
-0.554731 -0.259180 -0.182435 -0.170333 0.082593 -0.376394 -0.236058 -0.178038 -0.116523 0
-0.617006 -0.272783 -0.110095 -0.113901 -0.136021 -0.161663 -0.422565 -0.358729 -0.307723 0
-0.913357 -0.312753 -0.191932 -0.223449 -0.030225 0.209818 -0.279922 -0.179199 -0.201018 0
-0.334004 -0.104052 0.110629 -0.171130 -0.859261 -0.303539 -0.318403 -0.146733 -0.111876 0
0.085727 -0.208752 -0.947402 -0.668531 0.189871 -0.377919 -0.362050 -0.370097 -0.388763 0
-0.940748 -0.340853 -0.340264 -0.241196 -0.345303 -0.322845 -0.519978 -0.398275 -0.339812 0
-0.463899 -0.231929 -0.068717 -0.271771 -0.499548 -0.383216 -0.348863 -0.265144 -0.290860 0
0.176427 -0.069128 -0.683029 -0.617736 -1.336363 -0.150641 -0.275488 -0.366860 -0.318283 0
0.501795 -0.031399 0.002628 0.053609 -1.713574 -0.475687 -0.251413 -0.164607 -0.076725 0
-0.129207 -0.165005 -0.496825 -0.401985 0.002012 -0.476883 -0.298798 -0.224799 -0.162618 0
-0.746988 -0.308410 0.371737 0.459081 -0.737593 -0.416733 -0.261246 -0.178341 -0.107268 0
-0.728830 -0.280537 0.096708 0.094362 -0.893166 -0.097941 -0.203613 -0.138869 -0.044898 0
-0.329744 -0.175073 0.456713 0.334953 -0.382551 -0.512589 -0.119905 0.070065 0.105530 0
-0.261326 -0.225826 -0.906249 -0.720987 0.503870 -0.468393 -0.393591 -0.411391 -0.430362 0
-0.095134 -0.183412 -0.733421 -0.605242 -0.216783 0.953503 -0.493118 -0.454685 -0.384573 0
0.070777 -0.164180 -0.189665 -0.142556 0.020034 -0.269710 -0.240012 -0.229871 -0.195714 0
-0.479097 -0.200543 0.521868 0.327011 -0.315063 -0.460489 -0.201082 -0.008695 0.058734 0
0.271106 -0.110546 -0.540628 -0.433872 -0.273458 -0.098680 -0.444751 -0.373511 -0.309811 0
-0.030339 -0.150446 0.113937 0.112804 -0.153776 0.824070 -0.284388 -0.187686 -0.106872 0
-0.755635 -0.299334 -0.666103 -0.566880 0.224142 0.494817 -0.521830 -0.468817 -0.448003 0
-1.039649 -0.353159 -0.736351 -0.532328 -1.332261 -0.362518 -0.805085 -0.589610 -0.466978 0
-0.160178 -0.122913 0.612956 0.524586 -1.460394 -0.514712 -0.122421 0.143491 0.169781 0
-0.703081 -0.280918 0.673034 0.726764 -0.601778 -0.504527 -0.086708 0.016770 0.085696 0
0.608747 0.017030 -0.174173 -0.298655 0.327104 -0.305335 -0.135658 -0.183004 -0.183295 0
0.012579 -0.099952 0.391295 0.309889 0.095446 -0.194024 -0.071972 0.103676 0.122724 0
4.315505 0.950485 -0.908608 -0.626220 0.018469 -0.516730 -0.519732 -0.476214 -0.417394 0
-0.309255 -0.259900 -0.913561 -0.585745 0.459805 -0.522042 -0.455207 -0.448659 -0.378190 0
0.349241 0.016371 -0.344015 -0.415529 -0.446534 -0.171601 -0.527532 -0.259102 -0.153927 0
-0.294409 -0.209593 -0.560849 -0.527373 0.129631 -0.522994 -0.490082 -0.414049 -0.363796 0
0.209141 -0.041122 -0.168448 -0.284112 -1.881703 -0.482042 -0.402127 -0.240107 -0.173141 1
-0.182467 -0.135197 -0.042278 -0.203044 0.433722 0.510902 -0.314936 -0.272404 -0.225440 0
0.023191 -0.041592 0.207974 0.111159 -1.349458 -0.507955 0.184474 0.047109 0.090855 1
-0.059823 -0.073419 0.160862 -0.081931 -0.257313 -0.496812 0.058938 0.035201 -0.076984 0
-0.412655 -0.171513 0.081225 -0.170701 0.020426 0.040803 0.130883 0.034891 -0.022898 0
-0.548006 -0.233786 0.117691 -0.028258 -1.737352 0.283313 -0.348739 -0.165859 -0.104474 0
-0.260299 -0.159174 -0.646838 -0.605840 -1.022440 0.132833 -0.218772 -0.337689 -0.319258 0
-0.160259 -0.163617 0.086960 0.043529 -1.003332 -0.380201 -0.469005 -0.159933 -0.049479 0
-0.597431 -0.298693 -0.887630 -0.660150 -0.152628 -0.483040 -0.618473 -0.511428 -0.434216 0
-0.164005 -0.178065 -0.072738 -0.099778 -0.251143 -0.478214 -0.368431 -0.242589 -0.154250 0
-0.218754 -0.221657 -0.046310 0.054988 -0.222634 -0.518210 -0.208862 -0.160587 -0.115762 0
-0.543203 -0.239264 0.558931 0.514274 -0.336303 0.205553 -0.456015 -0.103645 0.090666 0
-0.403567 -0.275800 0.104390 0.366872 -0.380191 -0.522608 -0.269400 -0.172628 -0.096582 0
-1.087024 -0.306132 0.146190 -0.051153 0.669240 0.950508 -0.155256 -0.084729 -0.042362 0
-0.186700 -0.173463 -0.006388 -0.009995 0.405621 -0.510494 -0.257397 -0.190885 -0.058686 0
-0.493242 -0.256609 0.012508 0.067341 0.469634 -0.516010 -0.171471 -0.147001 -0.105260 0
-0.628650 -0.280728 -0.163713 -0.161964 0.289179 1.042270 -0.294209 -0.225702 -0.224095 0
-0.343675 -0.221739 -0.589855 -0.488145 -0.991791 0.020434 -0.552352 -0.402142 -0.332780 0
0.127277 -0.105490 -0.540948 -0.512127 1.037781 -0.514868 -0.291030 -0.290554 -0.289668 0
-0.028067 -0.141790 -0.015380 -0.013004 -0.178856 -0.386922 -0.315331 -0.147998 -0.079297 0
-0.154681 -0.186651 -0.283116 -0.368725 -0.623129 0.904652 -0.490185 -0.309031 -0.265919 0
-0.289298 -0.181942 0.359000 0.278526 0.218712 -0.510225 -0.044609 0.005789 0.042400 0
-0.512151 -0.264047 -0.207208 -0.086038 -0.604804 -0.252047 -0.321842 -0.164176 -0.106906 0
0.375840 -0.017735 1.329187 1.437308 -0.151929 -0.267631 0.006646 0.298333 0.421827 0
0.185741 -0.091366 -0.502124 -0.522148 0.222566 0.254358 -0.473042 -0.442007 -0.374286 1
1.592236 0.278498 -0.860387 -0.700901 -0.017047 -0.449315 -0.328479 -0.458040 -0.442785 0
-0.559660 -0.194735 0.433343 0.319669 -1.239052 0.764053 0.186354 0.175769 0.192530 0
-0.292148 -0.267033 -0.549357 -0.338004 -1.280551 -0.522389 -0.957885 -0.600629 -0.409689 0
-0.357315 -0.174772 0.864817 0.749709 -0.108149 1.974736 0.153790 0.279565 0.342600 0
-0.772223 -0.316165 -0.875499 -0.590998 -1.455752 -0.162020 -0.717439 -0.576159 -0.397187 0
-0.403477 -0.229060 -0.594528 -0.540671 -0.975614 -0.205927 -0.492848 -0.447886 -0.416272 0
-0.208395 -0.221538 -0.778678 -0.643511 0.215116 -0.333768 -0.434617 -0.436642 -0.447421 0
-0.511912 -0.305376 -1.148757 -0.671008 -0.358780 -0.522953 -0.582476 -0.517515 -0.448572 0
0.062261 -0.150833 -0.577561 -0.465703 -0.138601 0.489101 -0.271889 -0.270912 -0.255161 0
-0.429721 -0.245176 -0.736321 -0.650965 0.621633 0.682715 -0.551494 -0.469050 -0.436985 0
0.288739 -0.093242 -0.182731 -0.183340 -0.287626 -0.151284 -0.504899 -0.275004 -0.212468 0
0.590534 0.021163 -0.424521 -0.387769 -0.183316 0.187662 -0.127963 -0.122784 -0.159283 0
-0.675917 -0.261663 -0.428143 -0.448898 0.291280 -0.468384 -0.428096 -0.436992 -0.371005 0
0.358381 -0.078135 -0.371994 -0.343361 0.150925 -0.350283 -0.430688 -0.362783 -0.295653 0
-0.215852 -0.169571 -0.028658 -0.140039 0.158734 -0.403271 -0.345307 -0.334121 -0.273483 0
-1.056897 -0.302744 1.498191 1.293760 0.045110 -0.010054 0.225594 0.365689 0.319468 0
0.142014 0.007569 0.307846 0.072785 -0.190949 -0.415648 -0.314630 -0.141644 -0.003522 0
-0.663640 -0.305166 -0.743994 -0.536124 -0.588217 -0.491824 -0.582399 -0.492203 -0.454769 0
-0.640686 -0.281052 0.649348 0.650221 -0.079291 -0.208624 -0.179268 -0.000363 0.056846 0
-0.160780 -0.168346 -0.623991 -0.582061 0.344177 1.657031 -0.371131 -0.451383 -0.379369 0
-0.632004 -0.264349 0.346937 0.287389 -0.274070 1.171710 -0.292300 -0.127170 -0.019077 0
-0.736726 -0.295093 -0.504657 -0.405404 -0.406959 -0.331762 -0.558094 -0.336778 -0.302560 0
-0.512209 -0.196604 -0.218432 -0.406987 -0.004887 -0.230591 -0.172812 -0.208334 -0.218288 0
-0.309418 -0.235562 -0.468631 -0.315633 -0.135945 -0.286896 -0.429342 -0.359833 -0.310224 0
0.125323 -0.018774 -0.117795 -0.289952 -0.480863 -0.343688 -0.405969 -0.384960 -0.218999 0
0.251186 -0.081015 0.296365 0.131509 -1.270966 0.986399 -0.407222 -0.260056 -0.223187 0
0.351065 -0.111088 -1.120087 -0.803356 -0.662828 -0.517511 -0.772640 -0.664870 -0.518086 0
0.019435 -0.123549 -0.127434 -0.089952 0.033921 -0.521174 -0.137240 -0.094272 -0.102235 0
-0.904565 -0.320027 -0.487340 -0.431044 -0.411212 -0.522256 -0.508001 -0.419867 -0.370039 0
-0.100275 -0.157226 -0.832819 -0.716330 0.312744 0.966503 -0.387093 -0.416221 -0.402848 0
-0.825422 -0.271626 -0.329359 -0.383381 -1.466982 -0.504812 -0.251839 -0.331148 -0.268612 0
-0.078466 -0.183375 -0.220030 -0.243998 -0.982100 -0.473257 -0.405190 -0.390164 -0.289575 0
-0.797108 -0.312738 0.951443 1.097490 -0.121454 -0.382503 -0.266383 -0.055554 0.033279 0
-0.132145 -0.212441 -0.500704 -0.431632 -0.368598 0.756753 -0.475200 -0.368699 -0.349180 0
-1.043133 -0.277443 0.804651 0.384827 -0.152704 -0.514593 -0.117810 0.127087 0.110693 0
-0.474965 -0.238245 0.018332 0.033335 0.959790 -0.448417 -0.269719 -0.176288 -0.112008 0
-0.082549 -0.118852 0.218008 0.040146 -0.045716 -0.271428 -0.243130 -0.242731 -0.142002 0
-0.516510 -0.278679 -0.796584 -0.544306 -1.400315 0.077759 -0.909035 -0.511871 -0.377869 0
-0.496003 -0.284102 -0.757761 -0.524461 -0.232672 -0.429421 -0.395633 -0.436335 -0.404481 0
0.098707 -0.146322 -0.355930 -0.267543 -1.486349 -0.454742 -0.483789 -0.296442 -0.252662 0
-0.544723 -0.236657 0.035577 0.069410 0.033446 0.418787 -0.150135 -0.132828 -0.072741 0
-0.177203 -0.183596 -0.236527 -0.135619 0.244532 -0.255520 -0.211662 -0.165269 -0.110261 0
3.066005 1.095274 -0.430713 -0.403039 -0.615219 -0.435158 0.516079 -0.046803 -0.220083 0
-0.323871 -0.143989 -0.373505 -0.433601 -0.140531 -0.334419 0.267852 -0.188116 -0.178379 0
0.429543 0.015170 -0.706684 -0.691830 0.579146 0.416185 -0.248012 -0.376921 -0.418342 0
-0.742270 -0.315950 -0.667145 -0.501629 -1.152878 0.947601 -0.634886 -0.500263 -0.428789 0
-0.053559 -0.183693 -0.966676 -0.735824 -0.448857 1.061343 -0.729101 -0.590957 -0.461349 0
-0.795892 -0.315145 0.209420 0.228962 -0.584529 -0.434043 -0.525818 -0.293064 -0.167254 0
-0.886894 -0.250515 0.187290 -0.099516 -0.171710 -0.310543 -0.343065 -0.219454 -0.123255 0
-0.076335 -0.192876 -0.938700 -0.738432 -0.255473 -0.513150 -0.485395 -0.448983 -0.446565 0
-0.665882 -0.269305 -0.266551 -0.314948 -0.873299 -0.508499 -0.661271 -0.479168 -0.344659 0
-0.062015 -0.113685 -0.283456 -0.386162 -0.608480 0.409364 -0.450085 -0.328807 -0.283158 0
0.070695 -0.059538 -0.380675 -0.454689 -0.211934 -0.371469 -0.189142 -0.360130 -0.330315 0
-0.787874 -0.255392 1.995083 2.020871 -0.015587 -0.123252 0.054314 0.412669 0.605077 0
-0.467904 -0.225495 -0.181909 -0.302085 -1.110382 -0.400050 -0.598395 -0.328020 -0.258976 0
-0.285377 -0.237780 0.120634 0.143824 -0.376065 -0.512865 -0.519665 -0.267847 -0.141200 0
-0.236542 -0.155865 -0.064485 -0.170820 -0.100192 -0.520539 -0.451931 -0.295075 -0.193838 0
-0.418383 -0.207774 -0.023528 -0.142665 0.178289 -0.429250 -0.208522 -0.231301 -0.200284 1
-0.568950 -0.296439 -0.801210 -0.582545 -0.366172 -0.383202 -0.665641 -0.524785 -0.445266 0
0.109007 -0.140587 -0.905369 -0.734161 -0.947623 -0.483396 -0.513355 -0.569510 -0.485386 0
3.186564 0.503635 -0.500210 -0.248119 -0.739907 -0.378333 -0.469001 -0.400830 -0.307610 0
-0.489898 -0.207236 0.169821 -0.029365 -0.298869 1.552844 -0.410362 -0.254920 -0.120762 0
-0.670493 -0.296828 -0.991950 -0.755791 -1.646764 0.419717 -0.509547 -0.495123 -0.492844 1
0.365260 -0.055474 -0.756460 -0.628768 -0.480435 -0.425875 -0.320691 -0.371791 -0.357919 0
-0.217271 -0.206230 -0.160114 -0.221052 -0.486405 0.558913 -0.579101 -0.402402 -0.332475 0
0.047474 -0.040633 -0.044160 -0.198309 0.207341 0.265600 -0.274383 -0.123544 -0.053482 0
-0.197361 -0.192969 0.057142 -0.105520 -1.499428 -0.497032 -0.670116 -0.377277 -0.297808 0
0.343650 -0.118797 -0.090205 0.085686 -0.068125 -0.489880 -0.417245 -0.262320 -0.160283 0
-0.328873 -0.227520 -0.398629 -0.246228 -0.536172 0.017349 -0.444992 -0.330117 -0.233396 0
2.402761 0.392434 -1.143534 -0.810949 0.120727 -0.511494 -0.485602 -0.560266 -0.521742 0
0.809273 -0.151773 -0.867976 -0.502060 -0.302067 -0.514784 -0.634976 -0.516545 -0.469215 0
-0.507760 -0.238457 0.279766 0.172242 -0.739062 -0.404985 -0.501136 -0.305993 -0.152245 0
-0.489856 -0.235934 0.334741 0.312769 -0.480638 -0.519341 -0.316135 -0.201069 -0.082460 0
-0.002084 -0.061412 1.146577 1.182692 0.048647 -0.090974 -0.076421 0.189941 0.381495 1
-0.514464 -0.229462 -0.688638 -0.654597 -0.151789 -0.081685 -0.623671 -0.508085 -0.444916 0
-0.830677 -0.332466 -0.446957 -0.241728 -0.089845 -0.510943 -0.559970 -0.416201 -0.372873 0
-0.840191 -0.297082 -0.139672 -0.210217 -2.299855 0.124695 -0.587583 -0.417834 -0.292584 0
-0.326893 -0.274758 -1.269082 -0.850289 -0.487604 -0.491122 -0.883105 -0.657164 -0.541274 0
-0.039691 -0.136518 -0.134054 -0.142368 -1.457041 0.987233 -0.366799 -0.213257 -0.148113 0
-0.238737 -0.166128 -0.334672 -0.417302 -0.539911 -0.502535 -0.592780 -0.491399 -0.354643 0
-0.756656 -0.183112 1.673217 1.403596 -0.304156 -0.460580 0.259086 0.575466 0.781899 0
-0.500554 -0.231437 -0.157018 -0.277293 -0.314556 0.336547 -0.374894 -0.356155 -0.264586 0
0.073604 -0.118889 -0.606273 -0.583578 -0.052380 -0.255526 -0.549618 -0.500260 -0.404230 0
0.212728 -0.061262 -0.116549 -0.126663 -0.811360 0.338095 -0.497061 -0.260096 -0.110665 0
-0.320186 -0.192627 0.156119 0.163546 -1.489355 0.184262 -0.322239 -0.157656 0.006353 0
-0.185263 -0.119047 0.056675 -0.168372 -0.007169 1.275096 -0.468381 -0.369197 -0.259658 0
-0.131509 -0.244171 -0.790198 -0.509045 -0.807354 -0.410916 -0.594518 -0.534426 -0.427742 0
-0.808174 -0.290548 -0.143999 -0.194310 -0.069020 -0.139945 -0.437436 -0.365041 -0.266762 0
-0.310735 -0.176685 -0.443227 -0.498526 -1.421217 -0.126656 -0.532002 -0.466417 -0.402224 0
4.005658 0.640813 -1.548227 -0.917069 -0.238466 0.901990 -0.736166 -0.725527 -0.595065 0
-0.448549 -0.209756 0.706940 0.633299 -0.972709 0.349529 -0.468062 -0.124377 0.086561 0
-1.120914 -0.331795 -0.076743 -0.209006 0.134007 -0.517811 -0.266095 -0.239397 -0.219789 0
-1.266224 -0.359222 0.098516 0.099692 -0.427211 1.649237 -0.473584 -0.275767 -0.170680 0
-0.658308 -0.297705 -0.852596 -0.624612 -0.289753 0.153306 -0.837658 -0.670372 -0.519840 1
-0.380733 -0.280124 -0.873059 -0.673303 -0.690813 0.344653 -0.790594 -0.617888 -0.485045 0
-0.042271 -0.208133 -1.107684 -0.782756 -0.889720 -0.469654 -0.654748 -0.515624 -0.480797 0
-0.415112 -0.254730 -0.126864 -0.177497 -0.803832 -0.459856 -0.384652 -0.385803 -0.345644 0
0.062812 -0.163152 -1.043917 -0.782040 -1.469806 -0.521681 -0.688055 -0.663752 -0.549055 1
-0.550805 -0.245097 0.110677 0.065558 -0.450182 -0.421920 -0.459817 -0.311639 -0.137486 0
-0.289295 -0.209313 -0.928674 -0.768591 -0.284314 0.046737 -0.432344 -0.490656 -0.493971 0
-0.763237 -0.262916 0.335939 0.212114 -0.377420 -0.351078 -0.446097 -0.138908 -0.044659 0
-0.123833 -0.104958 -0.549733 -0.560024 -0.762461 -0.269661 -0.328290 -0.268976 -0.205956 0
-0.159004 -0.241279 -1.171117 -0.823539 -0.062618 0.774601 -0.519496 -0.506640 -0.515845 0
-0.287232 -0.159567 0.610152 0.627323 -0.028850 0.179900 -0.198286 0.109619 0.297976 0
-0.462146 -0.188826 0.195245 -0.031853 -0.468781 -0.211151 -0.549044 -0.281769 -0.164615 0
-0.896579 -0.340684 -0.987123 -0.703070 -1.126781 -0.388952 -0.656213 -0.578859 -0.540868 0
-0.317350 -0.222884 -0.769092 -0.646999 -1.472375 -0.036455 -0.777315 -0.595480 -0.465649 0
-0.250678 -0.129707 -0.009273 -0.262119 -2.370356 -0.491617 -0.751057 -0.412261 -0.255225 0
-0.260384 -0.175728 -0.281499 -0.307471 -0.546124 0.160363 -0.448908 -0.227252 -0.162177 0
-0.463084 -0.284545 -1.053197 -0.778024 -0.833891 -0.484880 -0.793266 -0.645587 -0.567994 1
0.120318 -0.203989 -1.122158 -0.751835 -0.808506 -0.446996 -0.859816 -0.679030 -0.561975 0
-0.496946 -0.254900 -0.199595 -0.221666 -0.756167 -0.462282 -0.378619 -0.258492 -0.228616 0
-0.272459 -0.213862 0.478018 0.580146 -0.616324 0.086600 -0.271693 -0.097277 0.003549 0
0.168341 0.039733 0.145609 0.021634 -0.157439 -0.506391 0.032361 0.165590 0.226587 0
-0.305260 -0.235360 -0.023595 -0.056645 0.156882 -0.513153 -0.454512 -0.324628 -0.252346 0
-0.119932 -0.261652 -0.960593 -0.661961 -1.424947 1.081301 -0.881053 -0.652392 -0.530845 0
-1.009876 -0.360907 -1.031685 -0.680666 -0.589231 0.809710 -0.697635 -0.644245 -0.518038 0
-0.180628 -0.237975 -0.624445 -0.432246 0.009285 -0.520765 -0.621777 -0.462053 -0.342258 0
-0.028951 -0.130108 -0.694208 -0.630240 -0.296080 -0.364596 -0.464484 -0.425785 -0.368294 0
0.549252 -0.077787 -0.078526 0.068859 -0.942518 -0.277263 -0.575114 -0.341237 -0.182822 0
0.088278 -0.051847 -0.113371 -0.277400 -0.507201 -0.519549 -0.305850 -0.193721 -0.174028 0
-0.869657 -0.305601 -0.749004 -0.589304 -0.516745 2.146207 -0.756472 -0.545337 -0.383220 0
0.277616 -0.024356 0.022510 -0.087945 -1.842638 1.144849 -0.443868 -0.190910 -0.076596 0
-0.877565 -0.319870 -0.384127 -0.284549 -0.857796 1.034749 -0.443375 -0.346248 -0.291376 0
-0.415527 -0.269391 -0.744932 -0.566401 -0.700712 -0.512449 -0.720250 -0.549615 -0.483535 0
0.332921 -0.122129 -0.898925 -0.710389 -0.118019 -0.018923 -0.669828 -0.570467 -0.453556 0
-0.288375 -0.169293 -0.481079 -0.498505 -1.289649 0.511014 -0.778662 -0.500620 -0.370490 0
-0.144903 -0.150958 -0.231553 -0.364165 0.459622 -0.514050 -0.296817 -0.221234 -0.251759 0
0.206402 -0.118522 -0.868428 -0.685325 -1.009008 -0.106343 -0.687990 -0.577265 -0.482800 0
1.288366 -0.144597 -1.719572 -0.924048 -0.974705 -0.334951 -0.865120 -0.672418 -0.590156 0
-0.604079 -0.292770 -0.812047 -0.606600 -0.514154 -0.433843 -0.648102 -0.536262 -0.434948 0
-0.086431 -0.213077 -0.702611 -0.519927 -0.971885 -0.423418 -0.742944 -0.490511 -0.360378 0
-0.589606 -0.302954 -0.867524 -0.638647 -0.336214 -0.274052 -0.807246 -0.591152 -0.493253 0
0.026955 -0.140265 -0.668827 -0.598802 -0.489151 0.561385 -0.585481 -0.454807 -0.386460 0
-0.306077 -0.200031 0.150213 0.022782 -0.239647 -0.474834 -0.586886 -0.348007 -0.230770 0
-0.057434 -0.232680 -0.240237 0.023014 -0.244696 -0.482701 -0.551741 -0.403078 -0.309989 0
-0.636870 -0.296381 -0.590347 -0.413044 -0.558030 -0.479649 -0.685751 -0.525757 -0.434984 0
-0.776876 -0.268260 0.101765 -0.140980 -0.588316 -0.457813 -0.353558 -0.255018 -0.254804 1
-0.563018 -0.246757 -0.497443 -0.489154 -0.420675 0.512792 -0.721118 -0.518447 -0.328051 0
-0.101387 -0.172422 -0.472821 -0.356361 -0.730491 -0.248505 -0.395757 -0.280391 -0.222866 0
-1.061879 -0.348805 -0.719277 -0.529925 -0.780106 -0.391546 -0.446518 -0.432864 -0.393770 0
1.810169 0.271916 -1.240588 -0.855159 -0.522774 3.713318 -0.609570 -0.597702 -0.540899 0
-0.015614 -0.232854 -1.072656 -0.707731 -0.922381 -0.343516 -0.665084 -0.599769 -0.526065 1
-0.897914 -0.317543 -0.583052 -0.512034 -0.344620 0.983221 -0.516851 -0.468445 -0.428111 0
-0.475566 -0.234521 0.211585 0.108926 -0.569853 -0.308605 -0.425248 -0.197290 -0.075418 0
0.300546 -0.075986 -0.785041 -0.679552 -0.556646 -0.520000 -0.762375 -0.576555 -0.458324 0
0.371222 -0.080347 -0.608415 -0.434384 -0.069460 -0.319241 -0.460594 -0.389066 -0.295227 0
