0.747308 1.740308 3.504895 3.197718 4.978085 2.073923 6.287707 5.968193 5.072427 1
0.783082 2.477178 5.487700 6.157963 2.525462 0.790057 6.671877 7.405978 7.814754 1
1.157251 0.777768 0.465534 0.050030 4.445682 -0.188393 3.086961 1.736353 0.776371 0
2.330971 2.380743 3.434239 3.416121 3.144796 0.158516 3.190452 2.992598 2.781890 1
-0.247568 -0.045073 0.693700 0.381658 2.704340 -0.409017 1.740947 0.929282 0.426902 0
-0.270573 0.265712 5.032752 6.022859 2.693661 0.198509 3.131005 3.436510 3.609944 1
0.448457 0.733131 4.062971 4.076187 2.060640 -0.481283 3.307364 3.378769 2.992641 1
0.496570 0.092315 -0.355223 -0.457004 -1.064088 0.245815 0.760943 0.188683 -0.087712 0
0.409133 0.048300 -0.203143 -0.352925 1.450272 1.252571 0.959551 0.267212 -0.113833 0
-0.689118 -0.183781 0.792485 0.379343 1.477113 -0.214207 1.424110 1.023882 0.571030 0
0.589067 0.221359 0.227724 -0.027458 -0.554197 -0.164912 1.625256 0.830149 0.304389 0
0.327724 0.677862 2.806106 2.713308 1.910063 1.240373 2.738831 2.928948 2.882376 1
-0.828967 -0.214957 1.675887 1.437087 1.064150 0.061373 1.400065 0.996416 0.557768 0
-0.732067 -0.147070 1.235985 0.741930 1.954259 -0.522289 1.264355 1.095987 0.741508 0
0.479095 0.189729 1.815213 1.678075 1.831508 -0.065928 1.654330 1.256371 0.817133 0
0.550003 0.253400 1.112342 0.874908 0.322233 -0.309160 1.196994 0.938491 0.701103 0
-0.365677 -0.130734 0.087015 -0.161305 0.228657 0.465669 1.075152 0.568095 0.245878 0
0.398916 0.203761 1.059000 0.784537 1.686054 -0.514811 1.620617 1.104229 0.743685 0
-0.916496 -0.257796 0.615412 0.204916 1.229896 -0.394824 0.822351 0.483785 0.198091 0
-0.203194 -0.158947 -0.344984 -0.396476 1.842853 -0.258676 0.389492 -0.088170 -0.242240 0
-0.433265 -0.087884 0.837100 0.420754 1.569279 2.278373 0.754756 0.516336 0.369402 0
0.460167 0.313725 0.761871 0.352685 0.535130 -0.520800 1.235956 0.866684 0.568728 0
-0.679027 -0.178252 0.714697 0.296075 1.069127 0.587868 0.993774 0.452618 0.122593 0
-0.282882 0.009416 1.083210 0.874861 1.523238 1.307596 0.783941 0.882243 0.872299 0
-0.422004 -0.157944 0.772106 0.448047 1.866598 -0.461187 0.885587 0.532452 0.277918 0
-0.498601 -0.091528 1.811122 1.518219 -0.064599 0.733092 1.587812 1.174583 0.968484 0
-0.783804 -0.226274 0.498445 0.158203 1.495118 -0.151181 0.610500 0.355831 0.172154 0
0.760442 0.113934 -0.113564 -0.128046 0.258576 -0.133100 0.313727 0.098301 0.027381 0
0.959377 0.213989 -1.044694 -0.818291 1.552640 0.600848 0.539491 -0.134884 -0.323910 0
1.052506 0.653982 2.512212 2.672491 1.408257 -0.269907 1.643750 1.692042 1.584628 1
0.280600 0.110374 0.397143 0.214584 2.581656 -0.432307 0.899098 0.424424 0.289317 0
-0.298699 -0.171876 -0.363308 -0.450362 -2.236477 -0.462788 0.348086 0.029223 -0.217244 0
0.955617 0.148962 -0.710743 -0.633263 1.979685 -0.414054 0.497523 -0.118605 -0.266193 0
-0.624152 -0.291422 -0.288290 -0.259714 1.414293 0.669235 0.203646 -0.107316 -0.275471 0
0.621344 0.028087 -0.339810 -0.343195 0.974350 -0.255413 0.447373 0.088226 -0.115162 0
-0.879882 -0.120088 2.452607 2.102489 1.491959 0.823014 1.478389 1.537011 1.500293 0
-0.669332 -0.251664 -0.147746 -0.254644 1.587197 -0.520056 0.173900 -0.045190 -0.160084 0
-0.183541 -0.140218 0.567761 0.397404 0.789693 -0.502862 0.796848 0.451151 0.201248 1
0.049864 -0.074522 0.040598 -0.145452 0.420428 -0.477273 0.364367 0.067028 -0.121254 0
-0.636026 -0.236354 0.435184 0.277981 -0.064821 0.940819 0.069469 0.048067 0.005277 1
-0.221892 -0.073724 1.029779 0.732000 1.286506 -0.232848 0.719494 0.453415 0.215590 0
0.700000 0.050365 -0.153882 -0.204107 0.825278 -0.518817 0.061146 -0.170580 -0.277927 0
-0.295438 -0.041742 2.644851 2.748711 0.610003 -0.523045 0.842609 1.130667 1.207492 1
1.916866 0.418807 -0.892052 -0.688959 1.707221 -0.188707 0.423449 -0.127471 -0.329605 0
1.720862 0.421008 -0.188493 -0.225659 0.030943 0.359504 0.182272 0.050042 -0.033164 0
-0.654591 -0.231844 -0.323107 -0.433318 0.257221 -0.027810 0.257766 0.012477 -0.165644 0
-0.459088 -0.162816 0.587240 0.472302 1.039716 -0.521579 0.506992 0.442005 0.355419 0
-0.470599 -0.199962 0.293380 0.092608 -0.928932 -0.522620 0.496480 0.212805 0.060059 0
0.091780 0.180724 0.421706 0.076879 -2.895931 0.571596 1.265874 0.796031 0.356066 0
-0.217964 -0.094406 0.783931 0.561173 -0.323356 0.143849 0.506492 0.470032 0.349713 0
0.843886 0.219798 -0.196820 -0.375803 -0.781235 -0.311333 0.603712 0.189807 -0.061386 0
0.055504 -0.114862 -0.563475 -0.548035 -0.208204 -0.515311 -0.215468 -0.274953 -0.346124 0
-0.050962 -0.071970 -0.597750 -0.601741 0.645611 -0.518807 0.134576 -0.185518 -0.265221 0
-0.374984 -0.155060 0.192659 -0.041288 0.003123 -0.276424 0.210805 -0.012677 -0.078704 0
1.593461 0.435607 -0.558049 -0.541269 0.098347 -0.453897 0.393906 0.003136 -0.192266 0
-0.373526 -0.159061 0.038379 -0.103765 1.440033 -0.394325 0.538637 0.197569 0.057013 0
-0.203105 -0.155047 -0.239498 -0.313205 1.313363 -0.473913 0.291809 -0.023444 -0.219935 0
-0.512653 -0.210551 0.497748 0.348779 0.206463 -0.266130 0.323895 0.235056 0.169749 0
-0.259634 -0.136211 -0.215547 -0.396286 -0.553299 -0.448735 -0.112926 -0.114305 -0.183602 0
-0.259202 -0.148798 0.347874 0.290282 0.215656 -0.480360 0.160650 0.227228 0.229907 0
-0.146610 -0.134145 0.198100 0.020893 0.504275 -0.519074 0.129018 0.011683 -0.072529 0
2.347417 0.550950 -0.946985 -0.698964 -0.325384 1.430181 0.287310 -0.178240 -0.283250 0
-0.142337 -0.024327 1.835247 1.876076 1.606442 -0.479746 0.829438 0.817273 0.827272 0
-0.294373 -0.153184 -0.281908 -0.383659 0.005188 -0.260248 0.440734 -0.166391 -0.285526 0
-0.391595 -0.096813 0.485421 0.110969 0.353212 -0.379008 0.378783 0.267558 0.200951 0
3.410645 0.866647 -0.720686 -0.546275 0.949937 -0.489836 0.084362 -0.213207 -0.315797 0
-0.366993 -0.198689 -0.701871 -0.624075 -0.645770 -0.370250 -0.071496 -0.286787 -0.328224 0
-0.056965 -0.154949 0.458357 0.541664 0.647865 -0.445255 0.376769 0.227963 0.155501 0
-0.898368 -0.273774 1.037960 0.734272 1.168026 -0.052058 0.446347 0.393777 0.290379 0
0.787453 0.226526 1.189696 1.125295 1.205742 -0.071336 0.779135 0.661450 0.601631 0
0.119608 -0.061756 -0.708943 -0.649005 0.837865 -0.396259 0.047074 -0.231281 -0.333060 0
-0.695010 -0.202331 0.790737 0.494675 1.140500 1.279375 0.374253 0.442545 0.430254 0
-0.183833 -0.218240 -0.979801 -0.758911 -0.828499 2.825969 -0.199744 -0.409878 -0.467214 0
0.599031 0.024526 -0.454879 -0.480246 0.036472 -0.473805 0.171058 -0.137424 -0.355872 0
-0.313366 -0.042397 1.560968 1.229087 -1.136003 -0.323634 0.819813 1.034336 0.981745 0
-0.470492 -0.217860 -0.288581 -0.313420 0.309044 -0.360144 0.185766 -0.067452 -0.140189 0
1.202896 0.280791 -0.858677 -0.725980 0.764266 -0.499416 0.426506 0.000586 -0.212480 1
0.038232 0.223661 1.483991 1.036195 1.058048 1.404828 1.081275 1.003486 0.899514 0
-0.840096 -0.235319 2.174235 2.203648 1.168571 -0.518081 0.800175 0.848503 0.762608 0
-0.349477 -0.153972 0.018771 -0.182634 -1.091309 1.268573 0.244707 -0.021754 -0.084515 0
-0.689642 -0.277058 -0.403501 -0.342102 0.914063 -0.443963 0.101525 0.021605 -0.144732 0
-0.098191 -0.139939 -0.576917 -0.542959 0.273309 -0.413340 -0.209112 -0.261527 -0.261474 0
1.439129 0.542848 -0.232568 -0.391862 3.000538 -0.390655 0.464962 -0.093623 -0.170817 0
0.203823 -0.068324 0.770904 0.599846 -0.198279 0.205208 0.297769 0.268446 0.205373 0
0.109465 0.056698 0.487403 0.266107 0.570364 -0.063938 0.401522 0.288501 0.233037 0
-0.288366 -0.085810 0.860664 0.507474 -0.180481 -0.280706 0.645750 0.532829 0.347402 0
1.062181 0.254152 -0.814479 -0.731030 -1.326789 -0.205137 -0.007174 -0.284323 -0.423434 1
0.528767 0.165702 0.711121 0.562371 0.699109 -0.443469 0.421620 0.392093 0.419588 0
0.689641 0.223969 0.901320 0.779510 0.616167 -0.518786 0.466746 0.642920 0.647177 0
-0.221472 -0.176788 -0.440236 -0.321013 0.848163 -0.046234 -0.081249 -0.112545 -0.138581 0
-0.432725 -0.125626 1.290150 1.069652 0.385620 -0.513790 0.251559 0.486255 0.582094 1
2.083778 0.659311 0.509906 0.439373 1.439308 -0.461223 0.438460 0.359107 0.321682 0
-0.452919 -0.245343 -0.384962 -0.349783 0.814887 1.713808 0.091303 -0.094598 -0.231558 0
-0.507551 -0.181705 -0.009987 -0.128352 0.642269 -0.521334 0.109832 0.098034 0.050586 0
0.032930 -0.117751 -0.075438 -0.161096 0.375606 0.348916 0.171978 0.076193 -0.147837 0
0.161847 0.085676 0.200124 -0.102388 1.259945 -0.322923 0.194792 0.001541 0.040735 0
-0.544088 -0.225420 0.509603 0.432862 0.169653 -0.105944 0.290147 0.352124 0.273659 0
-0.197137 -0.182563 0.471427 0.374700 0.612305 0.086374 0.103655 0.009841 0.011961 0
0.297101 -0.039210 -0.387745 -0.413935 0.960230 -0.353388 -0.222645 -0.281223 -0.273919 0
-0.991466 -0.346247 -0.821948 -0.582652 -0.605069 -0.522640 -0.384831 -0.478878 -0.467794 0
-0.449917 -0.244562 -0.701327 -0.641113 0.033370 0.685399 -0.459475 -0.445636 -0.451022 0
-0.050452 -0.004522 0.294219 -0.004932 -1.627119 -0.468757 0.244498 0.184880 0.193265 0
-0.339656 -0.167588 -0.268868 -0.363549 -0.158889 0.106717 -0.063710 -0.241240 -0.252004 0
0.666126 0.015419 -0.792666 -0.700932 0.711739 -0.254068 0.245742 -0.168842 -0.354332 0
0.882313 0.207486 -0.627339 -0.642674 0.674323 0.090242 0.010280 -0.274041 -0.320552 0
0.620943 -0.014421 -0.710128 -0.586363 0.117409 -0.420522 -0.228264 -0.376987 -0.383777 0
-0.290075 -0.123366 0.208905 0.117265 0.045272 -0.431188 0.317201 0.263380 0.197418 0
1.080883 0.048564 -0.706073 -0.528452 -0.237081 0.198596 0.125126 -0.106270 -0.252043 0
-0.540980 -0.136663 1.280518 1.080206 0.615651 -0.127932 0.528544 0.579063 0.670449 0
1.246552 0.239537 -0.674976 -0.624171 0.076290 0.076301 0.355638 -0.218946 -0.368099 0
0.008900 -0.154236 -0.585020 -0.465752 0.001217 0.524640 -0.367493 -0.383201 -0.385648 0
-0.881866 -0.320182 0.516535 0.495189 0.938943 0.276181 0.004323 -0.064660 -0.090189 0
-0.220970 -0.091527 2.085789 2.042785 0.134862 -0.446158 0.495914 0.481980 0.488412 0
-0.363271 -0.254192 -0.045377 0.093375 0.520889 -0.312391 -0.053052 -0.096885 -0.170435 0
-0.687830 -0.289232 -0.732516 -0.602911 -0.786257 -0.491382 -0.173389 -0.236742 -0.303075 0
-0.091405 -0.089385 -0.365091 -0.466426 0.716049 -0.518458 -0.184292 -0.295066 -0.206908 0
-0.261629 -0.118763 0.505356 0.267811 -0.486145 0.904923 0.475097 0.225568 0.224046 0
0.580940 0.032098 -0.105183 -0.167786 -0.334106 -0.473224 0.018860 -0.154491 -0.180578 0
-0.318831 -0.192822 -0.085820 -0.181601 -1.168192 -0.484435 0.056467 -0.084823 -0.119034 0
-0.477780 -0.198900 -0.185893 -0.364471 0.194194 0.129205 -0.240885 -0.177278 -0.191210 0
-0.421466 -0.140768 0.363760 0.135145 -0.672466 -0.287300 0.304453 0.274762 0.235198 0
1.544247 -0.002895 -1.215836 -0.764741 -1.031734 -0.323781 -0.725444 -0.607754 -0.522898 0
-0.948231 -0.253467 2.842486 3.222072 -0.134715 -0.067558 0.321547 0.673339 0.881022 0
0.471800 0.039975 0.523351 0.405191 0.412610 -0.067167 0.365658 0.271866 0.200056 0
-0.642691 -0.256447 -0.126741 -0.199606 -0.453319 -0.483293 -0.053711 -0.114825 -0.150388 0
-0.075159 -0.162954 -0.728658 -0.645860 0.337570 0.313249 -0.413568 -0.452406 -0.459438 0
0.031841 0.098376 1.270661 1.139608 0.443742 0.736841 0.406931 0.704960 0.903975 0
-0.578277 -0.272115 -0.236633 -0.203827 0.514944 -0.488302 -0.162492 -0.137767 -0.178016 0
-0.393909 -0.201458 0.477612 0.162673 0.099003 -0.486526 0.112304 0.031847 -0.107599 0
-0.199877 -0.185115 -0.668218 -0.578031 -0.776365 -0.028599 -0.637695 -0.429713 -0.364598 0
-0.846044 -0.256050 0.367643 0.183310 0.098176 0.812815 0.159991 0.307137 0.219276 0
-0.800305 -0.198140 0.727774 0.330414 1.493801 0.790254 0.427302 0.286049 0.116505 0
-0.052952 -0.173457 -0.199679 -0.136961 0.698959 -0.328487 -0.015983 -0.055184 -0.110648 0
0.661317 0.182568 -0.054125 -0.222272 0.107459 -0.194348 0.372114 -0.053663 -0.104781 0
0.381228 -0.115231 -0.930773 -0.689372 0.705681 1.230118 -0.211070 -0.312147 -0.412006 0
-0.507399 -0.216223 -0.068727 -0.169647 0.715228 -0.504710 0.038430 -0.121452 -0.221489 0
-0.751791 -0.213516 0.399726 0.077960 -0.601122 0.088901 0.312110 0.251886 0.202716 0
1.521491 0.314683 1.272401 1.378732 0.408684 0.038430 0.332807 0.414507 0.431746 0
-0.634280 -0.249984 1.120197 1.133411 0.300267 0.083641 -0.042123 0.075128 0.084373 0
0.525276 0.041547 -0.238207 -0.181464 0.280603 -0.489474 0.008195 0.044780 0.042403 0
-0.315844 -0.208826 -0.463757 -0.436194 -0.121197 -0.436144 -0.243853 -0.173923 -0.179151 0
3.436261 0.804364 -0.874056 -0.632341 0.475072 -0.520978 -0.454706 -0.527914 -0.473715 0
-0.778991 -0.243305 0.677671 0.494641 0.194144 -0.183825 0.065748 0.213651 0.221402 0
3.223706 0.497568 -0.990877 -0.700841 -0.316202 -0.523043 -0.220317 -0.450096 -0.494191 0
-0.599551 -0.186831 0.742548 0.541175 1.542774 0.061247 0.342414 0.348207 0.382725 0
4.388148 1.161111 -0.958305 -0.735253 -1.283721 -0.118363 -0.185994 -0.419515 -0.489288 0
-0.358128 -0.140787 -0.087124 -0.353645 0.924580 -0.521299 0.021834 -0.193121 -0.317683 0
-0.255106 -0.151023 -0.295048 -0.445124 0.994644 0.380477 0.270028 -0.080442 -0.260442 0
-0.199679 -0.162632 -0.008791 0.018400 -0.224810 -0.208629 -0.170627 -0.093552 -0.028120 0
0.056971 -0.067396 -0.010090 -0.126385 -0.447800 1.152957 -0.050207 -0.040982 -0.096794 0
-0.163231 -0.022198 2.097334 2.163602 1.051783 -0.269844 0.599185 0.751943 0.845845 1
-1.084278 -0.320629 1.144778 1.086540 0.233120 -0.195817 0.119590 0.320555 0.333927 0
-0.409802 -0.214554 -0.252798 -0.354923 0.393281 -0.451381 -0.049859 -0.150153 -0.270309 0
-0.058386 -0.167902 -0.426444 -0.411700 0.304692 -0.451163 -0.051132 -0.181179 -0.221717 0
-0.751351 -0.234621 -0.032437 -0.302231 0.509261 3.742571 -0.234893 -0.257399 -0.252967 0
-0.121321 -0.159460 -0.269847 -0.307268 1.242711 -0.522412 -0.106090 -0.204861 -0.230761 0
0.186238 -0.175076 -0.721711 -0.511987 0.330172 -0.376379 -0.193786 -0.263020 -0.327590 0
-0.202929 -0.176712 0.021941 -0.037436 -0.693822 0.138830 -0.142018 -0.041940 -0.087206 0
-0.403508 -0.202430 0.564497 0.464768 0.060128 -0.448827 -0.065206 0.045289 0.094785 0
0.856825 0.134329 0.406355 0.308195 0.599751 0.864895 0.109612 0.070511 0.034385 1
0.187143 -0.118670 -0.456838 -0.368807 -1.172089 -0.163492 -0.229440 -0.296336 -0.282954 0
-1.006874 -0.262157 0.592082 0.182231 0.069953 -0.347984 -0.078939 0.066293 -0.022257 0
0.751511 0.079766 -0.801614 -0.722678 1.756375 -0.342326 -0.039966 -0.316187 -0.382898 0
1.690112 0.429319 -0.704146 -0.577706 0.290534 -0.523029 -0.155352 -0.327112 -0.329908 0
-0.129782 -0.096266 0.388214 0.085279 0.189301 -0.017496 0.198176 0.035741 0.001116 0
-0.100924 -0.007573 0.476299 0.137630 1.018535 0.015972 0.291901 0.175236 0.146664 0
-0.073285 -0.073558 -0.186742 -0.397471 0.377984 -0.281453 0.024946 -0.198985 -0.254817 0
0.354432 -0.083750 -0.601739 -0.566472 0.521151 -0.442773 -0.456722 -0.458274 -0.440328 0
-0.396678 -0.216789 0.373367 0.300360 0.294439 -0.485903 -0.015852 0.022519 -0.025307 0
-0.612597 -0.206616 0.314261 0.084973 0.306507 -0.505594 0.380430 0.216174 0.148812 0
-0.099468 -0.127322 -0.243245 -0.329708 0.915350 0.072179 -0.038473 -0.194449 -0.226018 0
-0.797327 -0.225447 -0.141416 -0.356260 0.615870 -0.522566 0.037484 -0.208539 -0.203721 0
-0.564531 -0.161652 0.496510 0.109318 0.459264 -0.485019 0.154476 0.128150 0.086344 1
-0.961144 -0.234913 2.038276 1.708413 0.519677 -0.028259 0.189409 0.432086 0.503857 0
-0.640271 -0.324726 -1.160384 -0.754285 -1.417980 -0.388911 -0.874289 -0.695458 -0.582918 0
-0.354009 -0.183829 0.550573 0.393923 0.042198 -0.522498 0.079217 0.166637 0.177318 0
0.182775 -0.061550 -0.799244 -0.709699 -0.426710 0.602475 -0.291170 -0.395481 -0.381307 0
0.398510 -0.056605 -0.134045 -0.194841 -0.360837 -0.511400 -0.408781 -0.301902 -0.248754 0
-0.928632 -0.271354 -0.075066 -0.337361 0.409752 -0.417606 0.071138 -0.016722 -0.177208 0
2.069246 0.707007 -0.166746 -0.221238 1.023994 -0.252733 0.154465 -0.159581 -0.121315 0
0.021596 -0.183611 -0.958612 -0.759800 -0.069769 -0.285896 -0.610917 -0.555188 -0.523828 0
-0.331960 -0.213038 -0.081661 -0.207155 -1.191466 0.076037 -0.396426 -0.287249 -0.237277 0
-0.291848 -0.195910 0.214813 0.124933 -0.430623 -0.485816 -0.052300 0.059261 0.002740 0
-0.429194 -0.236323 -0.059885 -0.002793 0.222080 -0.088737 -0.077164 -0.099906 -0.117080 0
-1.111676 -0.312127 -0.130126 -0.284597 0.595658 0.035181 0.126897 -0.060085 -0.162757 0
-1.201754 -0.363435 -0.415895 -0.298061 0.011557 -0.379151 -0.298740 -0.248851 -0.278245 0
-0.682329 -0.223396 1.149852 1.058164 -0.488220 -0.518067 -0.135878 0.133036 0.292406 0
-0.801011 -0.299444 -0.524398 -0.448841 -0.524777 0.417427 -0.501863 -0.400393 -0.326915 0
-0.491788 -0.213614 -0.535252 -0.546314 1.451636 -0.412676 -0.000972 -0.237775 -0.355545 0
-0.515934 -0.192033 1.226920 1.136683 -1.458626 0.520957 0.143682 0.305613 0.368890 0
0.047738 0.065074 0.360821 0.032946 -0.081518 -0.369865 0.209479 0.151808 0.120380 0
-0.274415 -0.254272 -0.485373 -0.367293 -1.382996 -0.501329 -0.697735 -0.473532 -0.363462 0
-0.504451 -0.280902 -0.262232 -0.129269 -0.622520 0.318219 -0.444946 -0.293546 -0.241619 1
-0.312210 -0.204436 -0.187495 -0.209610 -0.329987 -0.368608 -0.168767 -0.153607 -0.225848 0
-0.652969 -0.192716 -0.081658 -0.275380 -0.429982 0.129895 -0.158209 -0.176294 -0.172288 0
-0.529888 -0.148859 1.089491 0.825353 0.415094 -0.520409 0.089356 0.310447 0.427569 0
-0.754429 -0.270473 0.647013 0.402236 -0.170247 -0.483947 -0.440904 -0.319647 -0.181528 0
-0.223338 -0.181508 -0.568269 -0.553913 0.544173 -0.114791 -0.173307 -0.220645 -0.286231 0
-0.138799 -0.087980 0.323558 0.099073 -0.243471 -0.498086 0.022913 0.152176 0.171723 0
-0.214864 -0.183841 -0.537685 -0.416404 -1.128950 -0.186982 -0.359079 -0.257384 -0.209493 0
0.680292 -0.026447 -1.094529 -0.806247 0.830710 -0.457521 -0.308332 -0.516534 -0.528077 0
-0.332976 -0.190480 -0.127243 -0.276176 0.958347 -0.452633 0.025866 -0.059703 -0.156218 0
-0.074861 -0.132810 -0.393336 -0.293924 -0.045523 -0.172625 -0.075409 -0.037678 -0.137662 0
0.731581 -0.044320 -0.333710 -0.157950 0.206408 0.079258 -0.182174 -0.248684 -0.224656 0
-0.532366 -0.141453 0.195590 -0.091169 -1.069596 -0.517632 -0.136451 0.023899 0.045648 0
-0.845761 -0.282219 -0.170234 -0.303992 -1.251600 0.446036 -0.277147 -0.334855 -0.339958 0
-0.599445 -0.265125 -0.542359 -0.473036 0.197728 -0.037360 -0.523231 -0.387108 -0.357464 0
-0.474375 -0.269517 -0.620304 -0.520934 0.159721 -0.419160 -0.108460 -0.217846 -0.353372 0
-0.218421 -0.186550 -0.677986 -0.580118 -0.278898 -0.286462 -0.248700 -0.367679 -0.341735 0
0.186248 -0.190096 -1.199151 -0.803992 -0.040934 -0.240904 -0.492236 -0.569021 -0.515772 0
-0.714814 -0.275505 -0.363294 -0.368017 0.165501 0.079364 -0.369560 -0.329918 -0.332509 0
-0.057500 -0.103305 0.064197 -0.049710 0.331901 0.889506 -0.203242 -0.171557 -0.092678 0
0.149353 -0.085627 -0.024349 -0.157775 0.009356 -0.401412 -0.113026 -0.106558 -0.096313 0
-0.057647 -0.029373 1.313713 1.072763 0.479151 -0.490111 0.240238 0.396531 0.505657 0
-0.174605 -0.158696 -0.191338 -0.272464 0.506538 -0.479040 -0.401215 -0.341643 -0.279360 0
-0.422469 -0.251493 -0.560743 -0.496614 -0.289711 -0.500978 -0.183365 -0.386222 -0.388397 0
0.417979 -0.093625 -0.863156 -0.674529 -0.616470 -0.397034 -0.492842 -0.423222 -0.401958 1
-0.233052 -0.190676 -0.529538 -0.549910 -0.873695 0.066818 -0.201914 -0.331285 -0.401203 0
-0.694283 -0.218555 0.336055 0.056692 -0.089214 -0.464847 0.027081 0.152147 0.120153 0
0.855529 0.037401 -1.069033 -0.791198 0.314991 0.153892 -0.191912 -0.369630 -0.399770 0
0.080318 -0.081781 -0.384019 -0.479084 -0.132857 -0.183515 -0.382573 -0.429349 -0.372607 0
-0.586657 -0.245315 0.166141 0.083092 -0.597817 -0.001942 -0.168937 -0.060337 -0.057855 0
-0.686036 -0.300979 -0.236678 -0.188198 0.265074 0.085021 -0.269730 -0.176793 -0.183609 1
-0.467413 -0.214289 0.031785 -0.067032 -0.788855 -0.375666 -0.300687 -0.071479 -0.035975 1
-0.411687 -0.178306 0.703904 0.629729 0.109899 1.044359 -0.050256 0.077453 0.162115 1
0.204782 -0.103764 -0.729516 -0.621754 0.473909 -0.512054 -0.400522 -0.410592 -0.367954 0
-0.805872 -0.232406 1.016212 0.671574 -0.588445 -0.334276 0.134830 0.426459 0.466249 0
-1.294456 -0.349544 1.146397 1.116058 0.321075 -0.266079 -0.021328 0.086884 0.069716 0
-0.745953 -0.260971 0.238795 0.029825 0.243707 -0.503020 -0.080750 -0.070880 -0.039157 0
-0.523832 -0.281684 -0.595391 -0.403320 -1.903954 -0.485417 -0.936347 -0.528678 -0.368381 0
-0.013272 -0.101921 -0.009793 -0.087012 0.191720 0.355027 -0.366774 -0.122866 -0.018146 0
0.445443 0.015071 0.185906 0.035274 0.431108 -0.510554 -0.376887 -0.270275 -0.150043 0
-0.715418 -0.246011 1.432085 1.377516 -1.974283 -0.503110 0.411173 0.415781 0.384692 0
0.790300 -0.027653 -0.884988 -0.643084 0.038094 1.689543 -0.525746 -0.436516 -0.461676 0
-0.826388 -0.302169 0.468004 0.570476 0.159203 -0.516188 -0.286228 -0.100423 -0.001208 0
-0.172721 -0.179909 -0.180575 -0.338484 -0.103466 -0.522218 -0.550358 -0.403922 -0.351396 0
0.402671 0.002474 0.084101 -0.027891 -0.385296 -0.517208 -0.294575 -0.212897 -0.181041 0
0.389376 -0.012394 -0.537905 -0.520602 -0.308320 0.793717 -0.534885 -0.414810 -0.345992 0
0.746003 0.040076 -0.809010 -0.679016 1.148733 -0.006609 -0.372639 -0.463178 -0.466359 0
0.479792 0.005104 -0.506702 -0.460299 -0.911288 0.267232 -0.447240 -0.246905 -0.258090 0
-1.064287 -0.339679 -0.145022 0.006172 -1.227980 -0.112112 -0.347533 -0.256635 -0.178340 0
-0.319594 -0.230796 -0.076349 -0.049496 0.294022 0.349379 -0.309890 -0.190984 -0.134413 0
-0.173551 -0.206749 -0.909277 -0.691845 0.377725 0.334362 -0.316642 -0.358711 -0.359006 0
-0.916097 -0.311072 1.061778 1.241652 0.002904 -0.489509 -0.034784 0.139559 0.202833 0
1.381918 0.150729 -1.066371 -0.810350 0.360743 -0.505721 -0.283084 -0.541145 -0.550889 0
-0.724384 -0.274495 0.191645 0.161953 -1.080581 0.176487 -0.409852 -0.098927 -0.006757 0
-0.714733 -0.235559 1.377145 1.316317 0.574501 -0.503908 0.109500 0.286371 0.352731 1
-1.066747 -0.333173 0.025169 -0.022677 -0.428398 -0.500794 -0.375288 -0.265832 -0.266756 1
-0.546346 -0.235294 -0.421401 -0.453536 -1.369841 -0.493297 -0.062650 -0.244349 -0.291046 0
0.302376 -0.061743 -0.626328 -0.509342 0.115056 -0.148959 -0.361897 -0.260187 -0.210311 0
-0.933423 -0.319601 -0.248594 -0.152699 -0.458759 2.818049 -0.397090 -0.301266 -0.211686 1
-0.098003 -0.075886 0.012827 -0.163760 -0.067513 -0.449176 -0.239321 -0.154245 -0.121405 0
-0.032365 -0.068212 0.065934 -0.110547 -0.799994 -0.396633 -0.195272 -0.020015 0.025936 0
-0.245491 -0.197463 -0.564651 -0.533182 -0.478337 0.230700 -0.674732 -0.498466 -0.455869 0
-0.345637 -0.091676 0.717959 0.401648 -0.235409 -0.401686 -0.117795 0.105039 0.244648 0
2.324468 0.440209 -0.874593 -0.610498 0.277170 -0.300433 -0.219264 -0.390688 -0.395087 0
-0.428854 -0.270984 -0.593538 -0.490829 -1.821085 -0.522778 -0.735016 -0.541450 -0.440021 0
-0.225398 -0.171880 -0.423476 -0.394025 0.448636 0.438792 -0.213548 -0.138709 -0.145187 0
2.526557 0.344533 -1.568598 -0.977865 -0.092455 -0.444437 -0.637959 -0.630041 -0.585119 1
-0.300529 -0.200642 0.118187 0.131475 0.138169 -0.523064 -0.118407 -0.016907 -0.015673 0
0.089746 -0.159435 -0.688262 -0.567096 0.621530 -0.448219 -0.305096 -0.400065 -0.384115 0
-0.020969 -0.145052 -0.347027 -0.342082 0.095623 -0.494587 -0.279040 -0.229946 -0.247291 0
-1.079952 -0.313551 0.408510 0.112072 -0.768199 -0.411073 -0.426131 -0.286381 -0.176248 1
-0.342502 -0.203830 0.096493 0.007779 0.118004 -0.022418 -0.240005 -0.161446 -0.125023 0
0.001440 -0.114866 -0.567618 -0.513398 -0.492622 -0.471127 0.000698 -0.243094 -0.243234 0
-0.197602 -0.181647 -0.704193 -0.657117 -0.765714 -0.513861 0.136868 -0.238997 -0.411587 0
-0.245816 -0.225064 -0.811191 -0.674379 -0.032894 1.604764 -0.644348 -0.563458 -0.510522 0
-0.117954 -0.119658 0.139090 0.095764 -0.310205 -0.521947 -0.160587 -0.146421 -0.029037 1
-0.407593 -0.256850 -0.643516 -0.410077 -0.210817 -0.400409 -0.302220 -0.280120 -0.239438 1
-0.323676 -0.214348 0.201988 0.159144 -0.103166 -0.303860 -0.253012 -0.091203 -0.092064 0
0.398860 -0.100553 -0.929643 -0.721349 -1.135326 1.435765 -0.274619 -0.459527 -0.454589 0
-0.332711 -0.123766 1.031757 0.649908 0.025492 -0.466176 -0.046615 0.148062 0.244654 0
-0.104036 -0.168717 -0.682018 -0.586630 0.053856 1.172189 -0.531572 -0.496092 -0.420874 0
-0.687330 -0.269557 -0.057606 -0.124997 -0.175700 -0.193377 -0.433365 -0.251698 -0.142337 0
2.393072 0.556157 -1.093369 -0.800874 0.135433 -0.195200 -0.480242 -0.511457 -0.480859 0
-0.053246 -0.123327 0.611351 0.507200 -1.600301 -0.235383 -0.235783 0.036305 0.160244 0
-0.007961 -0.175425 -0.609181 -0.521621 0.093889 -0.455963 -0.455450 -0.413698 -0.372061 0
-0.173456 -0.231204 -0.999009 -0.696766 -1.824018 -0.389102 -0.617400 -0.473816 -0.443898 0
0.340428 0.002256 -0.386526 -0.460052 -0.023743 -0.493982 -0.313522 -0.339633 -0.325034 0
-0.493030 -0.203320 -0.468461 -0.494080 -1.258323 -0.146592 -0.185745 -0.172857 -0.164764 0
-0.362984 -0.227154 0.101617 0.107863 -0.338719 1.153336 -0.393746 -0.239436 -0.193167 0
-0.634130 -0.262166 -0.700003 -0.620350 -0.410831 -0.422227 -0.359662 -0.376678 -0.401819 0
0.456669 0.040344 -0.549147 -0.583000 -1.228747 -0.523032 -0.296549 -0.364243 -0.402709 0
-0.338645 -0.062982 0.831204 0.531671 0.234337 1.049912 0.121199 0.356091 0.504940 0
-0.207797 -0.209414 -0.364398 -0.326170 -0.473050 -0.380793 -0.671203 -0.436139 -0.273329 1
-0.152977 -0.186841 -0.414621 -0.405167 0.172958 -0.205310 -0.285794 -0.269223 -0.251589 0
-0.663744 -0.248579 0.065754 -0.109370 0.067305 0.639281 -0.362642 -0.230420 -0.151136 1
-0.475604 -0.135804 0.564218 0.182839 0.346121 -0.371202 0.068573 -0.021170 0.074225 0
-0.442306 -0.248978 -0.743981 -0.573187 0.008647 -0.511010 -0.390832 -0.388310 -0.350341 0
-0.781322 -0.323165 -0.622926 -0.454998 0.007623 -0.321921 -0.297359 -0.317138 -0.330370 0
-0.052918 -0.187353 -1.044239 -0.783074 -0.627357 -0.272335 -0.620454 -0.558168 -0.514796 0
0.085351 -0.148650 -0.433923 -0.301330 -0.019384 -0.030164 -0.185401 -0.203874 -0.175456 0
0.067151 0.137721 0.732297 0.253719 -0.231501 0.265131 -0.064939 0.091789 0.175887 0
-0.225470 -0.215748 -0.156949 -0.176902 -0.152086 1.043064 -0.610674 -0.453053 -0.362436 0
-0.805012 -0.284099 0.316784 0.255921 -0.031167 -0.042709 -0.060508 0.113111 0.109651 1
-0.566504 -0.282677 -0.483589 -0.423529 -0.569383 -0.512438 -0.507659 -0.413579 -0.450431 0
-0.248479 -0.205817 -0.172546 -0.181394 0.168621 0.731008 -0.417359 -0.263687 -0.202321 0
-0.259332 -0.147870 -0.032113 -0.162793 -1.100216 -0.042886 -0.496816 -0.204914 -0.111657 0
-0.452036 -0.216371 0.266675 0.055170 -0.220254 -0.514355 -0.347009 -0.285204 -0.279312 0
-0.036860 -0.223061 -0.974401 -0.680413 -1.331229 -0.426915 -0.627832 -0.522773 -0.446746 0
-1.160357 -0.341733 1.451241 1.577041 -0.387462 -0.223876 -0.142288 0.067966 0.239689 0
-0.131746 -0.207077 0.595812 0.568857 -1.025305 -0.507700 -0.255115 -0.064411 -0.009175 0
-0.051941 -0.172947 -0.315970 -0.301213 -1.176905 0.232871 -0.365477 -0.285083 -0.253773 0
-1.016290 -0.339502 -0.120658 -0.064395 0.202115 0.640277 -0.263243 -0.158708 -0.136754 0
-0.934316 -0.316932 0.915933 0.933789 -0.815752 -0.372723 -0.161565 0.056500 0.146224 0
-0.497645 -0.133805 -0.018367 -0.239424 0.181718 -0.195597 0.008990 -0.123887 -0.105215 0
-0.729581 -0.259503 -0.082533 -0.177046 0.020495 0.134547 -0.149056 -0.096720 -0.124576 0
-0.400675 -0.181259 -0.187764 -0.309979 -0.158314 -0.392478 -0.352825 -0.247227 -0.194267 0
-0.309534 -0.189178 -0.148940 -0.101718 -0.089441 0.844728 -0.486185 -0.287669 -0.158519 0
6.623514 2.678345 -0.692174 -0.615433 0.237330 -0.379959 -0.269120 -0.343697 -0.378614 0
-0.069727 -0.171750 -0.719565 -0.575762 -0.347545 -0.422418 -0.568860 -0.419551 -0.340298 0
0.235552 -0.086532 -0.033260 0.018222 -0.498239 -0.472251 -0.052070 -0.104464 -0.044886 1
-0.500897 -0.338033 -1.555929 -0.888575 -1.453978 -0.172866 -1.104833 -0.791318 -0.636612 0
-0.269453 -0.099485 1.970367 2.056228 -0.302457 -0.506528 0.149490 0.332185 0.491660 0
-0.424181 -0.212945 0.052340 -0.114668 -0.101350 -0.149556 -0.376243 -0.423477 -0.347212 0
0.050596 -0.085785 -0.246638 -0.290493 0.251804 -0.517964 -0.418940 -0.423800 -0.358518 0
-0.768975 -0.296486 -0.429939 -0.337749 0.166530 -0.378312 -0.493394 -0.340579 -0.253191 0
2.403365 0.492699 -1.188071 -0.849479 0.370603 1.830851 -0.449480 -0.493575 -0.493584 0
0.664114 -0.039655 -0.828291 -0.662686 -0.714448 0.389499 -0.560968 -0.569327 -0.473597 0
-0.245111 -0.256669 -1.006273 -0.722987 -1.501734 0.418784 -0.636831 -0.594292 -0.530207 0
0.111191 -0.136157 -0.563518 -0.452060 0.192815 0.042024 -0.371347 -0.324002 -0.261123 1
-0.571977 -0.263480 0.507314 0.335360 0.186577 -0.067677 -0.425239 -0.307991 -0.234500 0
-0.125845 -0.205229 -0.911197 -0.698620 -0.988338 0.396869 -0.717365 -0.541537 -0.457225 0
-0.821410 -0.312091 -0.192491 -0.122832 -0.649598 0.311629 -0.467079 -0.253970 -0.181828 0
0.240942 -0.019752 -0.308713 -0.410990 1.460075 0.773087 -0.130467 -0.252655 -0.251007 0
0.467725 -0.018689 -0.754223 -0.647698 0.134589 0.469245 -0.548175 -0.415811 -0.334863 0
-0.011673 -0.142002 -0.784005 -0.650001 -0.744968 -0.394234 -0.501095 -0.398683 -0.305710 0
-0.191896 -0.267984 -0.542107 -0.295367 -0.529421 -0.489408 -0.732296 -0.473162 -0.347439 0
-0.304676 -0.209989 0.216751 0.107436 -0.300354 -0.272108 -0.425506 -0.197836 -0.092799 0
-0.077678 -0.180860 -0.753433 -0.648430 -1.514993 0.482889 -0.639963 -0.555267 -0.492863 0
-0.625908 -0.243961 0.050832 -0.101814 -0.069921 -0.453892 -0.500565 -0.275241 -0.205383 0
1.006056 0.229178 0.509186 0.457969 -0.573683 -0.509129 -0.223976 0.021063 0.110666 0
-0.593805 -0.296984 -0.581889 -0.456946 -0.649678 -0.172269 -0.604479 -0.442655 -0.405437 0
-0.761318 -0.241010 1.033566 0.770756 0.467938 -0.401540 -0.465883 -0.085222 0.097726 0
0.276266 -0.132911 -0.957016 -0.716729 -0.118834 -0.397813 -0.555573 -0.522821 -0.480745 0
-0.040189 -0.152571 -0.817746 -0.684129 -0.514937 -0.471778 -0.668773 -0.543566 -0.429549 0
-0.479234 -0.220027 0.062004 -0.135800 -0.446704 -0.332136 -0.566935 -0.327336 -0.218231 0
-0.285610 -0.212558 0.208720 0.113235 -1.421615 -0.470190 -0.328227 -0.202112 -0.161733 0
-0.681676 -0.283733 -0.716940 -0.630539 -0.088260 -0.179811 -0.303132 -0.383371 -0.382525 0
-0.525969 -0.197294 1.068847 0.763890 -0.418769 -0.498642 -0.026401 0.145241 0.245716 0
-0.297981 -0.133503 -0.127062 -0.367205 0.275285 -0.430475 0.235473 -0.052991 -0.228156 0
0.125448 -0.076555 -0.148580 -0.214694 -0.860435 -0.498757 -0.416941 -0.283214 -0.172191 1
-0.680801 -0.304679 -0.566369 -0.418367 -1.406152 -0.078957 -0.532126 -0.447867 -0.376244 0
-0.884200 -0.299927 0.499053 0.371315 -0.505714 -0.492066 -0.177819 -0.041345 -0.010080 0
0.211768 -0.110632 -0.887555 -0.706783 -0.487919 -0.121365 -0.509252 -0.542161 -0.467148 0
-0.517217 -0.210061 -0.027705 -0.130867 -0.233269 -0.116916 -0.711528 -0.354983 -0.157345 0
5.661422 1.144091 -1.145645 -0.718630 -0.097194 -0.462363 -0.474385 -0.451533 -0.465142 1
-1.132917 -0.329372 0.743076 0.502985 -0.069773 -0.370633 -0.226119 -0.007633 0.056423 0
0.543071 -0.017130 -0.905160 -0.697829 0.100476 -0.501908 -0.459910 -0.430539 -0.383772 0
-0.742837 -0.306836 -0.646236 -0.503786 -0.461664 -0.514230 -0.541037 -0.488731 -0.443109 0
-0.319172 -0.139158 0.756762 0.640778 -0.331660 -0.087040 -0.136048 0.089900 0.238711 0
0.557986 -0.058267 -0.626022 -0.447127 -0.034917 0.043419 -0.328513 -0.233295 -0.219984 0
-0.848941 -0.335972 -0.875305 -0.586637 -0.055009 -0.518423 -0.660358 -0.518407 -0.434440 0
-0.168288 -0.131745 -0.173236 -0.348014 -0.268944 -0.368463 -0.259249 -0.266159 -0.247152 0
-0.073906 -0.089828 0.776364 0.681665 0.208821 -0.275224 -0.074542 0.146316 0.272738 0
0.188538 -0.091634 -0.653555 -0.580373 -0.292927 -0.522534 -0.426362 -0.379288 -0.334056 1
-0.435891 -0.192921 -0.170801 -0.280864 0.875310 -0.515835 -0.377008 -0.329650 -0.222233 0
-0.380293 -0.201283 0.111878 0.025478 -0.307566 0.409011 -0.471483 -0.246562 -0.081704 0
-0.368124 -0.195786 0.118674 -0.001785 -0.620390 0.101974 -0.554186 -0.239774 -0.109582 0
-0.818136 -0.302378 -0.087040 -0.048817 -1.384004 0.048366 -0.517741 -0.236398 -0.125486 1
-0.619202 -0.272523 -0.386464 -0.357528 -0.029525 -0.006567 -0.598960 -0.443589 -0.335414 0
-0.492954 -0.248478 0.207034 0.105858 -0.465852 -0.271388 -0.387096 -0.175627 -0.097358 0
-0.505001 -0.272824 0.313872 0.383113 -0.037615 4.550166 -0.388557 -0.192352 -0.086026 0
0.775725 0.067038 -0.250384 -0.180050 -0.798118 -0.498758 -0.341024 -0.155483 -0.068063 0
0.084335 -0.121249 -0.785870 -0.691434 -0.417294 -0.485858 -0.477625 -0.421636 -0.415212 0
-0.344090 -0.235485 -0.814088 -0.609852 -0.709096 -0.519874 -0.666114 -0.594002 -0.466372 0
0.431357 -0.042231 0.199289 0.224553 -1.024882 2.468369 -0.272434 -0.130176 -0.042190 0
-1.014183 -0.294333 0.896429 0.522819 -0.486279 -0.447536 -0.361330 -0.131266 -0.065309 0
-0.578065 -0.248809 -0.023839 -0.129855 -0.211351 0.179431 -0.469140 -0.247702 -0.170860 0
-0.302733 -0.130710 0.414287 0.099910 -0.524618 -0.452184 -0.234573 -0.101199 -0.072803 0
-0.442938 -0.270800 -0.863635 -0.608677 -1.574908 -0.382356 -0.580009 -0.550191 -0.447265 0
-0.194015 -0.168107 -0.426997 -0.437351 0.132743 0.981853 -0.482727 -0.284852 -0.227147 0
0.049406 -0.128853 -0.299039 -0.332437 -0.976055 2.312050 -0.593693 -0.310955 -0.213540 0
-0.052124 -0.200519 -0.922216 -0.696964 -0.140018 -0.195368 -0.576030 -0.433011 -0.387190 0
-0.898674 -0.308378 -0.353939 -0.384952 -0.986180 -0.452119 -0.341311 -0.276419 -0.263934 0
-0.759422 -0.249912 0.293499 0.094649 -1.138575 -0.353254 -0.395599 -0.079697 0.038857 0
5.664773 1.249611 -1.645177 -0.972795 -0.633986 -0.177535 -0.660915 -0.704356 -0.649010 0
-0.075386 -0.198814 -1.031020 -0.727920 -0.556630 0.044861 -0.513550 -0.435952 -0.411867 0
-0.530986 -0.296337 -0.577972 -0.451765 -1.095190 -0.349302 -0.723185 -0.516315 -0.440769 0
-0.513262 -0.269133 -0.896211 -0.665584 -1.629755 -0.435694 -0.710694 -0.500505 -0.441457 0
-0.507569 -0.195462 -0.198036 -0.336619 0.020835 2.572212 -0.504106 -0.329737 -0.222402 0
-0.443157 -0.225146 -0.584600 -0.568659 -0.034435 -0.517681 -0.599940 -0.487728 -0.374290 0
0.259059 -0.226544 -1.260809 -0.818486 0.102867 -0.356678 -0.654696 -0.619821 -0.557785 0
0.131739 -0.104514 -0.168197 -0.288486 -0.693628 0.610107 -0.625202 -0.378747 -0.293438 0
0.480161 -0.019971 -0.486201 -0.460349 -2.081988 1.036165 -0.936286 -0.483504 -0.277985 0
-0.731367 -0.325553 -1.009547 -0.710089 -1.258892 -0.354620 -1.002751 -0.743344 -0.554822 0
-0.692399 -0.296001 -0.525366 -0.469579 -0.425613 0.655009 -0.581182 -0.424600 -0.389455 0
-1.175591 -0.351300 -0.588626 -0.535331 -0.380853 1.119492 -0.746743 -0.484578 -0.410999 0
0.137114 -0.125092 -0.285894 -0.272927 0.673844 -0.346411 -0.340895 -0.356736 -0.266595 0
-0.856109 -0.296286 -0.063666 -0.146074 -0.783686 0.389594 -0.659985 -0.325743 -0.176805 0
1.728896 0.288718 -0.723603 -0.475783 0.130816 -0.502572 -0.527222 -0.539750 -0.299015 0
-0.069782 -0.107796 -0.340933 -0.416791 -0.491245 0.554206 -0.197184 -0.203345 -0.208666 0
0.653525 0.004538 -1.075419 -0.793581 0.028137 -0.188622 -0.666972 -0.609993 -0.472693 0
-0.029572 -0.152689 -0.949789 -0.762197 -0.130778 -0.117666 -0.750090 -0.626954 -0.503136 0
-0.136380 -0.201712 -0.754026 -0.583336 -0.108700 -0.414529 -0.540226 -0.409253 -0.353402 0
0.186637 -0.094359 -0.623058 -0.546244 -0.248287 -0.374086 -0.509937 -0.381537 -0.299961 0
-0.713824 -0.290426 0.142437 0.091775 -1.225889 -0.007331 -0.720620 -0.374056 -0.218792 0
-0.996882 -0.317708 -0.108765 -0.155615 0.053590 0.041026 -0.288171 -0.109016 -0.073197 0
-0.922221 -0.304154 -0.243954 -0.352808 -1.206928 -0.497796 -0.462210 -0.471164 -0.385070 0
-0.472705 -0.265871 -0.783257 -0.639788 -1.242421 -0.384774 -0.833952 -0.581306 -0.496540 1
-0.486401 -0.246564 -0.753708 -0.646563 0.663728 -0.521984 -0.234287 -0.463040 -0.425413 0
0.009507 -0.164665 -0.606802 -0.567439 -0.710218 -0.423152 -0.946622 -0.669239 -0.457778 0
-0.394171 -0.249113 -0.260272 -0.089848 -0.336608 -0.511777 -0.332936 -0.271600 -0.236422 1
0.302365 -0.111272 -0.695419 -0.522621 -0.334245 -0.374942 -0.703592 -0.478322 -0.372874 0
-0.473041 -0.261526 -0.708522 -0.572011 -0.390538 0.098503 -0.696670 -0.519193 -0.457310 0
0.410667 -0.102914 -0.646467 -0.555957 -0.090917 -0.172195 -0.606333 -0.540431 -0.486085 0
-0.916091 -0.320556 0.122743 0.191849 -1.382204 0.146827 -0.537618 -0.226356 -0.098545 0
0.399719 -0.100408 -1.079746 -0.789262 -0.694192 -0.266386 -0.851156 -0.719018 -0.555579 0
-0.218243 -0.214180 -0.465843 -0.453505 -0.782516 -0.107355 -0.695914 -0.452644 -0.344458 0
0.047958 -0.028634 0.077835 -0.081635 -0.803754 -0.523024 -0.356640 0.046549 0.098711 0
-0.641684 -0.273891 0.196209 0.294720 -1.443097 -0.016277 -0.357255 -0.164470 -0.020292 0
0.934146 -0.051479 -0.953340 -0.572779 -0.436053 -0.514078 -0.536501 -0.413633 -0.340103 0
-0.626396 -0.263515 -0.720860 -0.654027 -0.145459 0.109727 -0.615145 -0.540555 -0.467730 1
-0.790793 -0.313510 -0.652712 -0.538533 -0.015012 -0.356337 -0.500205 -0.477505 -0.456848 0
-0.793086 -0.301172 0.656664 0.851360 -0.909339 -0.222972 -0.361830 -0.086866 0.066593 0
-0.493134 -0.208302 -0.202639 -0.266185 0.108490 -0.356879 -0.199420 -0.143905 -0.119125 0
-0.542783 -0.279839 -0.627532 -0.551617 -1.361888 2.051721 -0.705832 -0.516172 -0.503207 0
-0.406388 -0.183849 -0.186153 -0.326443 0.107326 0.641316 -0.421183 -0.235718 -0.171940 0
-0.082862 -0.187031 -0.561392 -0.501385 -0.338018 -0.388635 -0.584387 -0.417279 -0.336479 0
-0.231118 -0.208484 -0.514091 -0.465712 -0.027959 0.500777 -0.690714 -0.454058 -0.334921 0
0.319240 -0.054223 -1.038983 -0.807260 -0.452153 -0.484639 -0.225907 -0.490781 -0.466097 1
-0.485767 -0.238569 0.175293 0.012000 -0.352250 0.472817 -0.614002 -0.399616 -0.259923 0
-0.358961 -0.208181 -0.577945 -0.538065 -0.996863 2.060848 -0.658117 -0.503746 -0.378350 0
-0.778359 -0.267971 0.030638 -0.007076 -1.007874 0.060034 -0.323529 -0.149479 -0.033237 0
-0.846400 -0.318460 -0.774404 -0.623714 -1.049848 -0.396834 -0.741135 -0.635120 -0.470208 0
0.122002 -0.049166 0.567249 0.435318 -0.238804 -0.502396 -0.425874 -0.163135 0.029226 0
4.248054 0.846586 -1.395741 -0.864047 -0.849528 0.305651 -0.819899 -0.638087 -0.532103 0
-0.602513 -0.251054 -0.173586 -0.220560 -0.181976 -0.507526 -0.454539 -0.333696 -0.256182 0
-1.117210 -0.352324 0.028835 0.066101 0.055945 0.070207 -0.447198 -0.332884 -0.218363 0
0.068977 -0.069454 0.310303 0.130001 0.290524 -0.502658 -0.310277 -0.171801 -0.051585 0
0.121389 -0.115938 -0.376382 -0.392101 -0.235188 0.095783 -0.520651 -0.388077 -0.340349 0
-0.600285 -0.216046 0.244170 0.054817 -0.307775 -0.502457 -0.094958 0.146025 0.122099 0
-0.103220 -0.227059 -0.645551 -0.458321 -1.308163 -0.309705 -0.635900 -0.495074 -0.401959 0
-0.815113 -0.277373 0.363679 0.254432 -0.964943 1.320416 -0.329595 -0.155169 -0.024235 0
-0.608810 -0.262238 0.157896 0.039451 -1.627101 -0.523022 -0.718234 -0.424410 -0.306741 0
0.861198 0.042163 -0.751920 -0.643631 0.252003 0.407407 -0.582096 -0.523313 -0.448570 0
-0.639307 -0.268960 -0.482631 -0.516379 -0.410959 0.757408 -0.716190 -0.481347 -0.397030 0
0.774613 0.038693 -0.765065 -0.642935 -0.475130 -0.009218 -0.758950 -0.505845 -0.388337 0
-0.444716 -0.208501 -0.257555 -0.399849 -0.761934 -0.508030 -0.551819 -0.448849 -0.402453 0
-0.854911 -0.317785 -0.889656 -0.695064 -0.418274 0.055439 -0.690676 -0.614295 -0.560968 0
-0.304252 -0.240671 -0.482644 -0.361723 -0.397860 -0.395508 -0.693142 -0.483817 -0.358218 0
0.361020 -0.101713 -0.153544 -0.102799 -1.384506 0.609334 -0.441790 -0.296499 -0.245282 0
-0.552384 -0.297866 -1.057879 -0.716099 -0.550121 -0.451885 -0.649268 -0.483390 -0.426366 1
-0.619060 -0.228965 -0.342865 -0.477641 -1.109470 1.012809 -0.754022 -0.495200 -0.362816 0
-0.710626 -0.306617 -0.744922 -0.539378 -1.565046 -0.315321 -0.389125 -0.320465 -0.316548 0
-0.214355 -0.216735 -1.096239 -0.827054 -1.041193 -0.172632 -0.518820 -0.589646 -0.554429 0
-0.520817 -0.290743 -1.083138 -0.746016 -0.854759 -0.508836 -0.680252 -0.553561 -0.455735 0
0.571691 0.090562 -0.313599 -0.374548 -0.294442 -0.499642 -0.494665 -0.378786 -0.281379 0
-0.662932 -0.274066 0.308003 0.345940 0.212898 -0.168249 -0.161966 -0.003533 0.034261 0
